0 0.358398 0.372070 0.356445 0.372070 0.355469 0.373047 0.352539 0.373047 0.351562 0.374023 0.347656 0.374023 0.346680 0.375000 0.343750 0.375000 0.341797 0.376953 0.340820 0.376953 0.339844 0.377930 0.338867 0.377930 0.337891 0.378906 0.336914 0.378906 0.335938 0.379883 0.334961 0.379883 0.333984 0.380859 0.333984 0.381836 0.334961 0.382812 0.334961 0.384766 0.335938 0.385742 0.335938 0.386719 0.336914 0.387695 0.336914 0.389648 0.337891 0.389648 0.338867 0.388672 0.339844 0.388672 0.340820 0.387695 0.341797 0.387695 0.342773 0.386719 0.343750 0.386719 0.344727 0.387695 0.344727 0.388672 0.341797 0.391602 0.340820 0.391602 0.339844 0.392578 0.338867 0.392578 0.338867 0.394531 0.339844 0.395508 0.339844 0.397461 0.344727 0.397461 0.345703 0.396484 0.349609 0.396484 0.350586 0.395508 0.354492 0.395508 0.356445 0.393555 0.357422 0.393555 0.358398 0.392578 0.359375 0.392578 0.361328 0.390625 0.362305 0.390625 0.363281 0.389648 0.364258 0.389648 0.364258 0.387695 0.363281 0.386719 0.363281 0.384766 0.362305 0.383789 0.362305 0.381836 0.361328 0.380859 0.361328 0.379883 0.360352 0.378906 0.360352 0.376953 0.359375 0.375977 0.359375 0.374023 0.358398 0.373047
1 0.343750 0.387695 0.342773 0.387695 0.341797 0.388672 0.340820 0.388672 0.339844 0.389648 0.338867 0.389648 0.336914 0.391602 0.335938 0.391602 0.335938 0.392578 0.337891 0.392578 0.338867 0.391602 0.339844 0.391602 0.340820 0.390625 0.341797 0.390625 0.343750 0.388672
0 0.435547 0.338867 0.435547 0.340820 0.434570 0.341797 0.434570 0.343750 0.433594 0.344727 0.433594 0.346680 0.432617 0.347656 0.432617 0.349609 0.431641 0.350586 0.431641 0.351562 0.430664 0.352539 0.430664 0.355469 0.431641 0.356445 0.431641 0.364258 0.432617 0.365234 0.432617 0.372070 0.433594 0.373047 0.433594 0.375000 0.434570 0.375977 0.453125 0.375977 0.454102 0.376953 0.458984 0.376953 0.458984 0.375977 0.459961 0.375000 0.459961 0.372070 0.460938 0.371094 0.460938 0.369141 0.461914 0.368164 0.461914 0.366211 0.462891 0.365234 0.462891 0.363281 0.463867 0.362305 0.463867 0.360352 0.460938 0.360352 0.459961 0.359375 0.459961 0.356445 0.460938 0.355469 0.461914 0.355469 0.462891 0.356445 0.462891 0.348633 0.461914 0.347656 0.461914 0.339844 0.451172 0.339844 0.450195 0.338867
1 0.460938 0.356445 0.460938 0.359375 0.463867 0.359375 0.464844 0.360352 0.477539 0.360352 0.478516 0.359375 0.478516 0.357422 0.462891 0.357422 0.461914 0.356445
0 0.556641 0.417969 0.554688 0.419922 0.553711 0.419922 0.551758 0.421875 0.550781 0.421875 0.548828 0.423828 0.547852 0.423828 0.545898 0.425781 0.544922 0.425781 0.538086 0.432617 0.537109 0.432617 0.533203 0.436523 0.533203 0.437500 0.535156 0.439453 0.535156 0.440430 0.539062 0.444336 0.539062 0.445312 0.542969 0.449219 0.542969 0.450195 0.545898 0.453125 0.546875 0.452148 0.547852 0.452148 0.549805 0.450195 0.550781 0.450195 0.553711 0.447266 0.554688 0.447266 0.556641 0.445312 0.557617 0.445312 0.562500 0.440430 0.563477 0.440430 0.569336 0.434570 0.567383 0.432617 0.567383 0.431641 0.563477 0.427734 0.563477 0.426758 0.559570 0.422852 0.559570 0.421875 0.556641 0.418945
0 0.453125 0.288086 0.453125 0.291016 0.454102 0.291992 0.454102 0.296875 0.455078 0.297852 0.455078 0.302734 0.456055 0.303711 0.456055 0.305664 0.475586 0.305664 0.475586 0.304688 0.476562 0.303711 0.476562 0.300781 0.477539 0.299805 0.477539 0.295898 0.478516 0.294922 0.478516 0.291016 0.477539 0.291016 0.476562 0.291992 0.475586 0.291992 0.474609 0.292969 0.473633 0.292969 0.472656 0.293945 0.471680 0.293945 0.470703 0.294922 0.469727 0.294922 0.468750 0.295898 0.467773 0.295898 0.466797 0.296875 0.465820 0.296875 0.464844 0.297852 0.462891 0.295898 0.462891 0.294922 0.458008 0.290039 0.458008 0.289062 0.457031 0.288086
1 0.498047 0.562500 0.499023 0.563477 0.500000 0.563477 0.500000 0.562500 0.499023 0.563477
1 0.442383 0.290039 0.442383 0.291016 0.446289 0.291016 0.447266 0.291992 0.453125 0.291992 0.452148 0.291016 0.452148 0.290039 0.449219 0.290039 0.448242 0.289062 0.443359 0.289062
0 0.484375 0.540039 0.482422 0.541992 0.481445 0.541992 0.479492 0.543945 0.478516 0.543945 0.476562 0.545898 0.475586 0.545898 0.473633 0.547852 0.472656 0.547852 0.470703 0.549805 0.469727 0.549805 0.467773 0.551758 0.467773 0.552734 0.468750 0.553711 0.468750 0.554688 0.469727 0.555664 0.469727 0.556641 0.470703 0.557617 0.470703 0.559570 0.471680 0.560547 0.471680 0.561523 0.472656 0.562500 0.472656 0.563477 0.473633 0.564453 0.473633 0.566406 0.474609 0.567383 0.474609 0.568359 0.476562 0.570312 0.477539 0.570312 0.478516 0.571289 0.479492 0.571289 0.480469 0.572266 0.481445 0.572266 0.482422 0.573242 0.483398 0.573242 0.484375 0.574219 0.485352 0.574219 0.486328 0.575195 0.488281 0.575195 0.490234 0.573242 0.491211 0.573242 0.493164 0.571289 0.494141 0.571289 0.497070 0.568359 0.498047 0.568359 0.500000 0.566406 0.500977 0.566406 0.502930 0.564453 0.503906 0.564453 0.503906 0.561523 0.502930 0.560547 0.502930 0.559570 0.501953 0.558594 0.501953 0.556641 0.500977 0.555664 0.500977 0.554688 0.500000 0.553711 0.500000 0.551758 0.499023 0.550781 0.499023 0.549805 0.498047 0.548828 0.498047 0.546875 0.497070 0.545898 0.497070 0.544922 0.495117 0.544922 0.494141 0.543945 0.493164 0.543945 0.492188 0.542969 0.491211 0.542969 0.490234 0.541992 0.489258 0.541992 0.488281 0.541016 0.486328 0.541016 0.485352 0.540039
1 0.492188 0.560547 0.492188 0.561523 0.493164 0.562500 0.494141 0.562500 0.495117 0.563477 0.496094 0.563477 0.497070 0.564453 0.499023 0.564453 0.500000 0.565430 0.500977 0.565430 0.501953 0.564453 0.500977 0.563477 0.500000 0.564453 0.499023 0.564453 0.498047 0.563477 0.499023 0.562500 0.498047 0.561523 0.497070 0.561523 0.496094 0.560547 0.494141 0.560547 0.493164 0.559570
1 0.375977 0.499023 0.374023 0.499023 0.372070 0.500977 0.371094 0.500977 0.371094 0.501953 0.372070 0.502930 0.371094 0.501953 0.372070 0.500977 0.374023 0.500977
0 0.375000 0.490234 0.372070 0.490234 0.371094 0.491211 0.368164 0.491211 0.367188 0.492188 0.364258 0.492188 0.363281 0.493164 0.360352 0.493164 0.359375 0.494141 0.356445 0.494141 0.349609 0.500977 0.348633 0.500977 0.343750 0.505859 0.343750 0.507812 0.344727 0.508789 0.344727 0.509766 0.345703 0.510742 0.345703 0.511719 0.346680 0.512695 0.346680 0.513672 0.347656 0.514648 0.347656 0.515625 0.349609 0.517578 0.349609 0.518555 0.350586 0.519531 0.350586 0.520508 0.351562 0.521484 0.351562 0.522461 0.352539 0.523438 0.352539 0.524414 0.353516 0.525391 0.353516 0.526367 0.354492 0.527344 0.357422 0.527344 0.358398 0.526367 0.360352 0.526367 0.361328 0.525391 0.364258 0.525391 0.365234 0.524414 0.367188 0.524414 0.368164 0.523438 0.370117 0.523438 0.371094 0.522461 0.373047 0.522461 0.377930 0.517578 0.378906 0.517578 0.384766 0.511719 0.385742 0.511719 0.385742 0.509766 0.383789 0.507812 0.383789 0.506836 0.382812 0.505859 0.382812 0.504883 0.381836 0.503906 0.381836 0.502930 0.380859 0.501953 0.380859 0.500977 0.379883 0.500000 0.379883 0.499023 0.378906 0.499023 0.376953 0.500977 0.375977 0.500977 0.373047 0.503906 0.371094 0.503906 0.370117 0.502930 0.370117 0.500977 0.372070 0.499023 0.373047 0.499023 0.376953 0.495117 0.376953 0.494141 0.375977 0.493164 0.375977 0.492188 0.375000 0.491211
1 0.381836 0.494141 0.380859 0.493164 0.379883 0.494141 0.378906 0.494141 0.375000 0.498047 0.375977 0.498047 0.376953 0.499023 0.374023 0.501953 0.372070 0.501953 0.371094 0.502930 0.372070 0.501953 0.373047 0.502930 0.375977 0.500000 0.376953 0.500000 0.378906 0.498047 0.378906 0.497070 0.379883 0.496094 0.380859 0.496094 0.381836 0.495117
0 0.386719 0.335938 0.385742 0.336914 0.384766 0.336914 0.383789 0.337891 0.381836 0.337891 0.380859 0.338867 0.379883 0.338867 0.378906 0.339844 0.376953 0.339844 0.375977 0.340820 0.374023 0.340820 0.373047 0.341797 0.372070 0.341797 0.371094 0.342773 0.370117 0.342773 0.366211 0.346680 0.365234 0.346680 0.364258 0.347656 0.364258 0.348633 0.365234 0.349609 0.365234 0.350586 0.366211 0.351562 0.366211 0.352539 0.367188 0.353516 0.367188 0.354492 0.368164 0.355469 0.368164 0.356445 0.369141 0.357422 0.369141 0.358398 0.370117 0.359375 0.370117 0.360352 0.371094 0.361328 0.371094 0.362305 0.372070 0.363281 0.372070 0.364258 0.373047 0.365234 0.374023 0.365234 0.375000 0.364258 0.375977 0.364258 0.376953 0.363281 0.378906 0.363281 0.379883 0.362305 0.381836 0.362305 0.382812 0.361328 0.383789 0.361328 0.384766 0.360352 0.386719 0.360352 0.387695 0.359375 0.388672 0.359375 0.391602 0.356445 0.392578 0.356445 0.395508 0.353516 0.395508 0.352539 0.394531 0.351562 0.394531 0.350586 0.393555 0.349609 0.393555 0.348633 0.392578 0.347656 0.392578 0.346680 0.391602 0.345703 0.391602 0.344727 0.390625 0.343750 0.390625 0.342773 0.389648 0.341797 0.389648 0.340820 0.388672 0.339844 0.388672 0.338867 0.387695 0.337891 0.387695 0.336914
0 0.562500 0.344727 0.561523 0.344727 0.550781 0.355469 0.550781 0.356445 0.545898 0.361328 0.545898 0.362305 0.557617 0.374023 0.558594 0.374023 0.559570 0.375000 0.560547 0.375000 0.560547 0.374023 0.571289 0.363281 0.571289 0.362305 0.576172 0.357422 0.570312 0.351562 0.569336 0.351562
0 0.473633 0.259766 0.471680 0.259766 0.470703 0.260742 0.469727 0.260742 0.468750 0.261719 0.467773 0.261719 0.465820 0.263672 0.464844 0.263672 0.463867 0.264648 0.462891 0.264648 0.461914 0.265625 0.460938 0.265625 0.459961 0.266602 0.458984 0.266602 0.458008 0.267578 0.457031 0.267578 0.456055 0.268555 0.456055 0.269531 0.455078 0.270508 0.455078 0.272461 0.454102 0.273438 0.454102 0.276367 0.453125 0.277344 0.453125 0.279297 0.452148 0.280273 0.452148 0.281250 0.455078 0.284180 0.455078 0.285156 0.458984 0.289062 0.458984 0.290039 0.463867 0.294922 0.463867 0.295898 0.464844 0.296875 0.465820 0.295898 0.466797 0.295898 0.467773 0.294922 0.468750 0.294922 0.469727 0.293945 0.470703 0.293945 0.471680 0.292969 0.472656 0.292969 0.473633 0.291992 0.474609 0.291992 0.475586 0.291016 0.476562 0.291016 0.477539 0.290039 0.478516 0.290039 0.479492 0.289062 0.480469 0.289062 0.482422 0.287109 0.482422 0.284180 0.483398 0.283203 0.483398 0.281250 0.484375 0.280273 0.484375 0.277344 0.485352 0.276367 0.485352 0.275391 0.483398 0.273438 0.483398 0.272461 0.480469 0.269531 0.480469 0.268555 0.476562 0.264648 0.476562 0.263672 0.473633 0.260742
1 0.455078 0.286133 0.454102 0.285156 0.454102 0.284180 0.453125 0.285156 0.452148 0.285156 0.451172 0.286133 0.450195 0.286133 0.448242 0.288086 0.449219 0.288086 0.450195 0.289062 0.452148 0.287109 0.454102 0.287109
