0 0.711914 0.708984 0.711914 0.711914 0.710938 0.712891 0.710938 0.714844 0.709961 0.715820 0.709961 0.717773 0.708984 0.718750 0.708984 0.721680 0.708008 0.722656 0.708008 0.724609 0.707031 0.725586 0.707031 0.728516 0.706055 0.729492 0.706055 0.731445 0.705078 0.732422 0.705078 0.734375 0.704102 0.735352 0.704102 0.738281 0.703125 0.739258 0.703125 0.741211 0.704102 0.742188 0.706055 0.742188 0.707031 0.743164 0.708008 0.743164 0.708984 0.744141 0.709961 0.744141 0.710938 0.745117 0.712891 0.745117 0.713867 0.746094 0.714844 0.746094 0.715820 0.747070 0.716797 0.747070 0.717773 0.748047 0.718750 0.748047 0.719727 0.749023 0.721680 0.749023 0.722656 0.750000 0.723633 0.750000 0.724609 0.750977 0.725586 0.750977 0.726562 0.751953 0.728516 0.751953 0.729492 0.752930 0.730469 0.752930 0.731445 0.753906 0.736328 0.753906 0.737305 0.754883 0.742188 0.754883 0.743164 0.755859 0.749023 0.755859 0.750000 0.756836 0.750977 0.756836 0.750977 0.754883 0.751953 0.753906 0.751953 0.750977 0.752930 0.750000 0.752930 0.747070 0.753906 0.746094 0.753906 0.744141 0.754883 0.743164 0.754883 0.740234 0.755859 0.739258 0.755859 0.737305 0.756836 0.736328 0.756836 0.733398 0.757812 0.732422 0.757812 0.729492 0.758789 0.728516 0.758789 0.726562 0.759766 0.725586 0.759766 0.722656 0.758789 0.721680 0.757812 0.721680 0.756836 0.720703 0.754883 0.720703 0.753906 0.719727 0.752930 0.719727 0.751953 0.718750 0.750977 0.718750 0.750000 0.717773 0.749023 0.717773 0.748047 0.716797 0.746094 0.716797 0.745117 0.715820 0.744141 0.715820 0.743164 0.714844 0.742188 0.714844 0.741211 0.713867 0.740234 0.713867 0.739258 0.712891 0.738281 0.712891 0.737305 0.711914 0.735352 0.711914 0.734375 0.710938 0.733398 0.710938 0.732422 0.709961 0.730469 0.709961 0.729492 0.708984
1 0.742188 0.692383 0.740234 0.692383 0.740234 0.694336 0.739258 0.695312 0.739258 0.697266 0.738281 0.698242 0.738281 0.701172 0.737305 0.702148 0.737305 0.704102 0.736328 0.705078 0.736328 0.708008 0.735352 0.708984 0.735352 0.710938 0.737305 0.710938 0.738281 0.711914 0.739258 0.711914 0.739258 0.709961 0.740234 0.708984 0.740234 0.707031 0.741211 0.706055 0.741211 0.703125 0.742188 0.702148 0.742188 0.700195 0.743164 0.699219 0.743164 0.696289 0.744141 0.695312 0.744141 0.693359 0.743164 0.693359
0 0.451172 0.226562 0.451172 0.231445 0.450195 0.232422 0.450195 0.239258 0.449219 0.240234 0.449219 0.248047 0.448242 0.249023 0.448242 0.260742 0.449219 0.261719 0.449219 0.280273 0.450195 0.281250 0.455078 0.281250 0.456055 0.282227 0.478516 0.282227 0.479492 0.283203 0.486328 0.283203 0.486328 0.282227 0.487305 0.281250 0.487305 0.269531 0.488281 0.268555 0.488281 0.228516 0.486328 0.228516 0.485352 0.227539 0.461914 0.227539 0.460938 0.226562
1 0.424805 0.250977 0.424805 0.255859 0.444336 0.255859 0.445312 0.256836 0.447266 0.256836 0.447266 0.251953 0.438477 0.251953 0.437500 0.250977
0 0.496094 0.637695 0.495117 0.638672 0.496094 0.639648 0.497070 0.639648 0.497070 0.637695
0 0.492188 0.619141 0.492188 0.622070 0.493164 0.623047 0.495117 0.623047 0.495117 0.619141
0 0.341797 0.508789 0.341797 0.509766 0.339844 0.511719 0.339844 0.512695 0.337891 0.514648 0.337891 0.515625 0.335938 0.517578 0.335938 0.518555 0.333984 0.520508 0.333984 0.521484 0.332031 0.523438 0.332031 0.524414 0.330078 0.526367 0.330078 0.527344 0.328125 0.529297 0.328125 0.530273 0.326172 0.532227 0.326172 0.533203 0.324219 0.535156 0.325195 0.535156 0.328125 0.538086 0.329102 0.538086 0.333008 0.541992 0.333984 0.541992 0.337891 0.545898 0.338867 0.545898 0.341797 0.548828 0.342773 0.548828 0.346680 0.552734 0.349609 0.552734 0.350586 0.553711 0.352539 0.553711 0.353516 0.554688 0.355469 0.554688 0.356445 0.555664 0.359375 0.555664 0.360352 0.556641 0.362305 0.556641 0.363281 0.557617 0.364258 0.556641 0.364258 0.555664 0.366211 0.553711 0.366211 0.552734 0.368164 0.550781 0.368164 0.549805 0.370117 0.547852 0.370117 0.546875 0.372070 0.544922 0.372070 0.543945 0.373047 0.542969 0.373047 0.541992 0.375000 0.540039 0.375000 0.539062 0.376953 0.537109 0.376953 0.536133 0.378906 0.534180 0.378906 0.533203 0.380859 0.531250 0.380859 0.530273 0.379883 0.529297 0.378906 0.529297 0.374023 0.524414 0.373047 0.524414 0.367188 0.518555 0.366211 0.518555 0.361328 0.513672 0.360352 0.513672 0.359375 0.512695 0.358398 0.512695 0.357422 0.511719 0.354492 0.511719 0.353516 0.510742 0.349609 0.510742 0.348633 0.509766 0.345703 0.509766 0.344727 0.508789
1 0.372070 0.545898 0.371094 0.546875 0.371094 0.547852 0.370117 0.548828 0.372070 0.550781 0.373047 0.550781 0.375977 0.553711 0.376953 0.553711 0.377930 0.554688 0.378906 0.553711 0.378906 0.551758 0.377930 0.550781 0.376953 0.550781
0 0.477539 0.618164 0.477539 0.620117 0.476562 0.621094 0.476562 0.630859 0.475586 0.631836 0.475586 0.640625 0.474609 0.641602 0.474609 0.650391 0.473633 0.651367 0.473633 0.677734 0.472656 0.678711 0.484375 0.678711 0.485352 0.679688 0.497070 0.679688 0.498047 0.680664 0.510742 0.680664 0.511719 0.681641 0.515625 0.681641 0.515625 0.679688 0.516602 0.678711 0.516602 0.668945 0.517578 0.667969 0.517578 0.659180 0.518555 0.658203 0.518555 0.642578 0.519531 0.641602 0.519531 0.624023 0.520508 0.623047 0.520508 0.621094 0.516602 0.621094 0.515625 0.620117 0.503906 0.620117 0.502930 0.619141 0.496094 0.619141 0.496094 0.623047 0.495117 0.624023 0.493164 0.624023 0.491211 0.622070 0.491211 0.619141 0.490234 0.619141 0.489258 0.618164
1 0.519531 0.648438 0.519531 0.654297 0.530273 0.654297 0.531250 0.655273 0.543945 0.655273 0.544922 0.656250 0.546875 0.656250 0.546875 0.653320 0.547852 0.652344 0.547852 0.650391 0.536133 0.650391 0.535156 0.649414 0.522461 0.649414 0.521484 0.648438
0 0.451172 0.415039 0.448242 0.417969 0.447266 0.417969 0.445312 0.419922 0.444336 0.419922 0.441406 0.422852 0.440430 0.422852 0.438477 0.424805 0.437500 0.424805 0.435547 0.426758 0.434570 0.426758 0.431641 0.429688 0.430664 0.429688 0.430664 0.430664 0.428711 0.432617 0.428711 0.433594 0.427734 0.434570 0.427734 0.435547 0.425781 0.437500 0.425781 0.438477 0.424805 0.439453 0.424805 0.440430 0.426758 0.442383 0.426758 0.443359 0.431641 0.448242 0.431641 0.449219 0.436523 0.454102 0.436523 0.455078 0.441406 0.459961 0.441406 0.460938 0.444336 0.458008 0.445312 0.458008 0.448242 0.455078 0.449219 0.455078 0.452148 0.452148 0.453125 0.452148 0.456055 0.449219 0.457031 0.449219 0.458984 0.447266 0.459961 0.447266 0.461914 0.445312 0.461914 0.444336 0.464844 0.441406 0.464844 0.440430 0.467773 0.437500 0.467773 0.435547 0.465820 0.433594 0.465820 0.432617 0.460938 0.427734 0.460938 0.426758 0.456055 0.421875 0.456055 0.420898 0.451172 0.416016
1 0.426758 0.413086 0.425781 0.414062 0.425781 0.415039 0.426758 0.416016 0.426758 0.416992 0.429688 0.419922 0.429688 0.420898 0.433594 0.424805 0.433594 0.425781 0.435547 0.425781 0.436523 0.424805 0.436523 0.423828 0.432617 0.419922 0.432617 0.418945 0.427734 0.414062 0.427734 0.413086
1 0.552734 0.295898 0.550781 0.297852 0.552734 0.295898 0.553711 0.295898 0.554688 0.296875 0.553711 0.297852 0.555664 0.299805 0.554688 0.300781 0.559570 0.305664 0.557617 0.303711 0.558594 0.302734 0.559570 0.302734 0.560547 0.301758 0.556641 0.297852 0.555664 0.297852 0.553711 0.295898
0 0.563477 0.294922 0.563477 0.295898 0.562500 0.296875 0.562500 0.297852 0.561523 0.298828 0.561523 0.299805 0.560547 0.300781 0.567383 0.307617 0.564453 0.310547 0.563477 0.309570 0.562500 0.309570 0.557617 0.304688 0.557617 0.305664 0.556641 0.306641 0.556641 0.307617 0.554688 0.309570 0.554688 0.310547 0.552734 0.312500 0.552734 0.313477 0.551758 0.314453 0.551758 0.315430 0.549805 0.317383 0.549805 0.318359 0.548828 0.319336 0.554688 0.325195 0.555664 0.325195 0.564453 0.333984 0.565430 0.333984 0.567383 0.335938 0.569336 0.335938 0.570312 0.336914 0.574219 0.336914 0.575195 0.337891 0.579102 0.337891 0.580078 0.338867 0.583984 0.338867 0.584961 0.339844 0.585938 0.338867 0.585938 0.337891 0.586914 0.336914 0.586914 0.335938 0.588867 0.333984 0.588867 0.333008 0.589844 0.332031 0.589844 0.331055 0.591797 0.329102 0.591797 0.328125 0.592773 0.327148 0.592773 0.326172 0.594727 0.324219 0.594727 0.323242 0.595703 0.322266 0.595703 0.321289 0.597656 0.319336 0.597656 0.318359 0.598633 0.317383 0.598633 0.316406 0.600586 0.314453 0.596680 0.310547 0.595703 0.310547 0.582031 0.296875 0.576172 0.296875 0.575195 0.295898 0.569336 0.295898 0.568359 0.294922
1 0.667969 0.708008 0.667969 0.709961 0.668945 0.710938 0.668945 0.715820 0.668945 0.708008
1 0.558594 0.303711 0.560547 0.305664 0.560547 0.306641 0.562500 0.308594 0.563477 0.308594 0.564453 0.309570 0.566406 0.307617 0.561523 0.302734 0.560547 0.302734 0.559570 0.303711
1 0.551758 0.295898 0.552734 0.296875 0.551758 0.297852 0.553711 0.299805 0.554688 0.299805 0.553711 0.298828 0.554688 0.297852 0.553711 0.296875 0.552734 0.296875
0 0.646484 0.667969 0.646484 0.678711 0.645508 0.679688 0.645508 0.690430 0.644531 0.691406 0.644531 0.702148 0.643555 0.703125 0.643555 0.705078 0.647461 0.705078 0.648438 0.706055 0.652344 0.706055 0.653320 0.707031 0.658203 0.707031 0.659180 0.708008 0.664062 0.708008 0.665039 0.708984 0.666992 0.708984 0.666992 0.708008 0.667969 0.707031 0.669922 0.707031 0.670898 0.708008 0.671875 0.708008 0.672852 0.708984 0.672852 0.709961 0.697266 0.709961 0.697266 0.701172 0.698242 0.700195 0.698242 0.685547 0.699219 0.684570 0.699219 0.671875 0.695312 0.671875 0.694336 0.670898 0.690430 0.670898 0.689453 0.669922 0.685547 0.669922 0.684570 0.668945 0.680664 0.668945 0.679688 0.667969 0.675781 0.667969 0.674805 0.666992 0.670898 0.666992 0.669922 0.666016 0.662109 0.666016 0.661133 0.666992 0.649414 0.666992 0.648438 0.667969
1 0.669922 0.708008 0.669922 0.715820 0.668945 0.716797 0.667969 0.715820 0.667969 0.710938 0.667969 0.716797 0.666992 0.717773 0.666992 0.725586 0.666016 0.726562 0.666016 0.733398 0.666992 0.732422 0.667969 0.733398 0.667969 0.734375 0.670898 0.734375 0.670898 0.721680 0.671875 0.720703 0.671875 0.708984 0.670898 0.708984
0 0.300781 0.656250 0.300781 0.658203 0.299805 0.659180 0.299805 0.663086 0.298828 0.664062 0.298828 0.668945 0.297852 0.669922 0.297852 0.673828 0.296875 0.674805 0.296875 0.679688 0.295898 0.680664 0.295898 0.684570 0.294922 0.685547 0.294922 0.690430 0.293945 0.691406 0.293945 0.693359 0.295898 0.693359 0.296875 0.694336 0.299805 0.694336 0.300781 0.695312 0.304688 0.695312 0.305664 0.696289 0.308594 0.696289 0.309570 0.697266 0.312500 0.697266 0.313477 0.698242 0.316406 0.698242 0.317383 0.699219 0.331055 0.699219 0.332031 0.700195 0.344727 0.700195 0.345703 0.701172 0.346680 0.701172 0.346680 0.697266 0.347656 0.696289 0.347656 0.692383 0.348633 0.691406 0.348633 0.686523 0.349609 0.685547 0.349609 0.680664 0.350586 0.679688 0.350586 0.674805 0.351562 0.673828 0.351562 0.669922 0.352539 0.668945 0.352539 0.663086 0.348633 0.663086 0.347656 0.662109 0.341797 0.662109 0.340820 0.661133 0.337891 0.661133 0.336914 0.660156 0.333008 0.660156 0.332031 0.659180 0.326172 0.659180 0.325195 0.658203 0.317383 0.658203 0.316406 0.657227 0.308594 0.657227 0.307617 0.656250
0 0.455078 0.591797 0.456055 0.592773 0.457031 0.592773 0.458008 0.593750 0.459961 0.593750 0.460938 0.594727 0.461914 0.594727 0.462891 0.595703 0.464844 0.595703 0.465820 0.596680 0.467773 0.596680 0.468750 0.597656 0.469727 0.597656 0.470703 0.598633 0.471680 0.597656 0.473633 0.599609 0.474609 0.599609 0.475586 0.600586 0.477539 0.600586 0.478516 0.601562 0.479492 0.601562 0.480469 0.602539 0.482422 0.602539 0.483398 0.603516 0.485352 0.603516 0.486328 0.602539 0.487305 0.602539 0.491211 0.598633 0.492188 0.598633 0.497070 0.593750 0.498047 0.593750 0.501953 0.589844 0.502930 0.589844 0.507812 0.584961 0.508789 0.584961 0.507812 0.584961 0.506836 0.583984 0.505859 0.583984 0.504883 0.583008 0.502930 0.583008 0.501953 0.582031 0.501953 0.583008 0.500977 0.583984 0.498047 0.583984 0.496094 0.582031 0.497070 0.581055 0.497070 0.580078 0.496094 0.580078 0.495117 0.579102 0.494141 0.579102 0.491211 0.582031 0.490234 0.582031 0.487305 0.579102 0.488281 0.578125 0.488281 0.577148 0.487305 0.576172 0.486328 0.576172 0.485352 0.575195 0.483398 0.575195 0.482422 0.574219 0.481445 0.574219 0.480469 0.573242 0.479492 0.573242 0.478516 0.572266 0.477539 0.572266 0.476562 0.573242 0.477539 0.574219 0.478516 0.574219 0.479492 0.575195 0.478516 0.576172 0.478516 0.577148 0.476562 0.579102 0.471680 0.579102 0.467773 0.583008 0.465820 0.583008 0.461914 0.586914 0.460938 0.586914 0.459961 0.585938 0.458984 0.585938 0.456055 0.588867 0.456055 0.589844 0.455078 0.590820
1 0.322266 0.700195 0.317383 0.700195 0.317383 0.703125 0.316406 0.704102 0.316406 0.708008 0.315430 0.708984 0.315430 0.713867 0.314453 0.714844 0.314453 0.719727 0.313477 0.720703 0.313477 0.722656 0.318359 0.722656 0.318359 0.718750 0.319336 0.717773 0.319336 0.712891 0.320312 0.711914 0.320312 0.707031 0.321289 0.706055 0.321289 0.702148 0.322266 0.701172
1 0.509766 0.583008 0.509766 0.583984 0.511719 0.583984 0.512695 0.584961 0.513672 0.584961 0.514648 0.585938 0.516602 0.585938 0.517578 0.586914 0.518555 0.586914 0.519531 0.587891 0.522461 0.587891 0.523438 0.586914 0.522461 0.586914 0.521484 0.585938 0.519531 0.585938 0.518555 0.584961 0.517578 0.584961 0.516602 0.583984 0.514648 0.583984 0.513672 0.583008 0.512695 0.583008 0.511719 0.582031 0.510742 0.582031
0 0.476562 0.582031 0.475586 0.582031 0.475586 0.583008 0.474609 0.583984 0.474609 0.585938 0.476562 0.585938 0.477539 0.584961 0.477539 0.583008
0 0.451172 0.552734 0.451172 0.558594 0.450195 0.559570 0.450195 0.567383 0.449219 0.568359 0.449219 0.575195 0.448242 0.576172 0.448242 0.583984 0.447266 0.584961 0.447266 0.588867 0.448242 0.588867 0.449219 0.589844 0.450195 0.589844 0.451172 0.590820 0.452148 0.590820 0.453125 0.591797 0.454102 0.591797 0.454102 0.590820 0.455078 0.589844 0.455078 0.588867 0.458984 0.584961 0.459961 0.584961 0.460938 0.585938 0.461914 0.585938 0.465820 0.582031 0.467773 0.582031 0.471680 0.578125 0.476562 0.578125 0.477539 0.577148 0.477539 0.576172 0.478516 0.575195 0.477539 0.575195 0.475586 0.573242 0.477539 0.571289 0.478516 0.571289 0.479492 0.572266 0.480469 0.572266 0.481445 0.573242 0.482422 0.573242 0.483398 0.574219 0.485352 0.574219 0.486328 0.575195 0.487305 0.575195 0.489258 0.577148 0.489258 0.578125 0.488281 0.579102 0.490234 0.581055 0.491211 0.581055 0.494141 0.578125 0.495117 0.578125 0.496094 0.579102 0.497070 0.579102 0.498047 0.580078 0.498047 0.581055 0.497070 0.582031 0.498047 0.583008 0.500977 0.583008 0.500977 0.582031 0.501953 0.581055 0.502930 0.582031 0.504883 0.582031 0.505859 0.583008 0.506836 0.583008 0.507812 0.583984 0.508789 0.583984 0.508789 0.577148 0.509766 0.576172 0.509766 0.561523 0.510742 0.560547 0.510742 0.547852 0.509766 0.546875 0.507812 0.546875 0.506836 0.545898 0.505859 0.545898 0.504883 0.544922 0.503906 0.544922 0.502930 0.543945 0.500977 0.543945 0.500000 0.542969 0.499023 0.542969 0.498047 0.541992 0.497070 0.541992 0.496094 0.541016 0.494141 0.541016 0.493164 0.540039 0.492188 0.540039 0.491211 0.539062 0.490234 0.539062 0.489258 0.538086 0.487305 0.538086 0.486328 0.537109 0.485352 0.537109 0.484375 0.536133 0.483398 0.536133 0.482422 0.535156 0.480469 0.535156 0.479492 0.534180 0.478516 0.534180 0.477539 0.533203 0.476562 0.533203 0.475586 0.532227 0.472656 0.532227 0.457031 0.547852 0.456055 0.547852
1 0.509766 0.578125 0.509766 0.581055 0.511719 0.581055 0.512695 0.582031 0.513672 0.582031 0.514648 0.583008 0.516602 0.583008 0.517578 0.583984 0.518555 0.583984 0.519531 0.584961 0.521484 0.584961 0.522461 0.585938 0.523438 0.585938 0.523438 0.583008 0.521484 0.583008 0.520508 0.582031 0.519531 0.582031 0.518555 0.581055 0.516602 0.581055 0.515625 0.580078 0.514648 0.580078 0.513672 0.579102 0.512695 0.579102 0.511719 0.578125
