0 0.448242 0.375000 0.446289 0.376953 0.445312 0.376953 0.438477 0.383789 0.437500 0.383789 0.429688 0.391602 0.428711 0.391602 0.427734 0.392578 0.427734 0.393555 0.430664 0.396484 0.430664 0.397461 0.433594 0.400391 0.433594 0.401367 0.437500 0.405273 0.437500 0.406250 0.440430 0.409180 0.440430 0.410156 0.443359 0.413086 0.443359 0.414062 0.444336 0.414062 0.445312 0.415039 0.446289 0.415039 0.447266 0.416016 0.448242 0.416016 0.449219 0.416992 0.451172 0.416992 0.452148 0.417969 0.453125 0.417969 0.454102 0.418945 0.455078 0.417969 0.456055 0.417969 0.464844 0.409180 0.465820 0.409180 0.473633 0.401367 0.474609 0.401367 0.475586 0.400391 0.473633 0.398438 0.473633 0.397461 0.471680 0.395508 0.471680 0.394531 0.468750 0.391602 0.468750 0.390625 0.465820 0.387695 0.465820 0.386719 0.462891 0.383789 0.462891 0.382812 0.459961 0.379883 0.459961 0.378906 0.458984 0.377930 0.457031 0.377930 0.456055 0.376953 0.454102 0.376953 0.453125 0.375977 0.451172 0.375977 0.450195 0.375000
1 0.463867 0.411133 0.461914 0.413086 0.464844 0.416016 0.464844 0.416992 0.467773 0.419922 0.467773 0.420898 0.469727 0.422852 0.471680 0.420898 0.468750 0.417969 0.468750 0.416992 0.465820 0.414062 0.465820 0.413086
0 0.570312 0.305664 0.569336 0.306641 0.565430 0.306641 0.564453 0.307617 0.563477 0.307617 0.561523 0.309570 0.560547 0.309570 0.559570 0.310547 0.558594 0.310547 0.556641 0.312500 0.555664 0.312500 0.554688 0.313477 0.553711 0.313477 0.551758 0.315430 0.550781 0.315430 0.549805 0.316406 0.548828 0.316406 0.546875 0.318359 0.545898 0.318359 0.544922 0.319336 0.543945 0.319336 0.544922 0.320312 0.544922 0.321289 0.546875 0.323242 0.546875 0.324219 0.547852 0.325195 0.547852 0.326172 0.548828 0.327148 0.548828 0.328125 0.549805 0.329102 0.549805 0.330078 0.550781 0.331055 0.550781 0.332031 0.552734 0.333984 0.552734 0.334961 0.553711 0.335938 0.553711 0.336914 0.554688 0.337891 0.554688 0.338867 0.555664 0.339844 0.555664 0.340820 0.558594 0.340820 0.559570 0.339844 0.560547 0.339844 0.561523 0.338867 0.562500 0.338867 0.563477 0.337891 0.564453 0.337891 0.565430 0.336914 0.566406 0.336914 0.568359 0.334961 0.569336 0.334961 0.570312 0.333984 0.571289 0.333984 0.573242 0.332031 0.574219 0.332031 0.575195 0.331055 0.576172 0.331055 0.578125 0.329102 0.579102 0.329102 0.580078 0.328125 0.581055 0.328125 0.582031 0.327148 0.581055 0.326172 0.581055 0.325195 0.580078 0.324219 0.580078 0.323242 0.578125 0.321289 0.578125 0.320312 0.577148 0.319336 0.577148 0.318359 0.576172 0.317383 0.576172 0.316406 0.575195 0.315430 0.575195 0.314453 0.573242 0.312500 0.573242 0.311523 0.572266 0.310547 0.572266 0.309570 0.571289 0.308594 0.571289 0.307617 0.570312 0.306641
1 0.556641 0.326172 0.558594 0.326172 0.559570 0.325195 0.560547 0.325195 0.561523 0.324219 0.561523 0.323242 0.557617 0.323242 0.556641 0.324219
0 0.578125 0.666992 0.577148 0.667969 0.577148 0.671875 0.576172 0.672852 0.576172 0.675781 0.575195 0.676758 0.575195 0.680664 0.574219 0.681641 0.574219 0.685547 0.573242 0.686523 0.573242 0.693359 0.574219 0.694336 0.574219 0.697266 0.575195 0.698242 0.575195 0.701172 0.576172 0.702148 0.576172 0.705078 0.577148 0.706055 0.577148 0.707031 0.583008 0.707031 0.583984 0.708008 0.594727 0.708008 0.593750 0.707031 0.593750 0.705078 0.592773 0.704102 0.592773 0.701172 0.591797 0.700195 0.591797 0.696289 0.592773 0.695312 0.594727 0.695312 0.596680 0.697266 0.596680 0.700195 0.597656 0.701172 0.597656 0.703125 0.598633 0.704102 0.598633 0.706055 0.599609 0.707031 0.599609 0.708008 0.598633 0.708984 0.604492 0.708984 0.604492 0.708008 0.605469 0.707031 0.605469 0.703125 0.606445 0.702148 0.606445 0.699219 0.607422 0.698242 0.607422 0.695312 0.608398 0.694336 0.608398 0.690430 0.609375 0.689453 0.609375 0.686523 0.610352 0.685547 0.609375 0.684570 0.609375 0.682617 0.608398 0.681641 0.608398 0.679688 0.607422 0.678711 0.607422 0.676758 0.606445 0.675781 0.606445 0.673828 0.605469 0.672852 0.605469 0.670898 0.604492 0.669922 0.604492 0.668945 0.593750 0.668945 0.592773 0.667969 0.582031 0.667969 0.581055 0.666992
1 0.592773 0.696289 0.592773 0.700195 0.593750 0.701172 0.593750 0.704102 0.594727 0.705078 0.594727 0.707031 0.595703 0.708008 0.595703 0.708984 0.597656 0.708984 0.598633 0.708008 0.598633 0.707031 0.597656 0.706055 0.597656 0.704102 0.596680 0.703125 0.596680 0.701172 0.595703 0.700195 0.595703 0.697266 0.594727 0.696289
0 0.351562 0.416992 0.345703 0.422852 0.345703 0.423828 0.339844 0.429688 0.339844 0.430664 0.335938 0.434570 0.337891 0.436523 0.338867 0.436523 0.344727 0.442383 0.345703 0.442383 0.351562 0.448242 0.352539 0.448242 0.356445 0.452148 0.357422 0.452148 0.360352 0.455078 0.362305 0.455078 0.364258 0.453125 0.364258 0.452148 0.370117 0.446289 0.370117 0.445312 0.375977 0.439453 0.375977 0.437500 0.375000 0.437500 0.369141 0.431641 0.368164 0.431641 0.362305 0.425781 0.361328 0.425781 0.356445 0.420898 0.355469 0.420898
1 0.572266 0.537109 0.571289 0.538086 0.571289 0.540039 0.572266 0.541016 0.572266 0.541992 0.573242 0.542969 0.573242 0.543945 0.573242 0.542969 0.574219 0.541992 0.575195 0.542969 0.574219 0.541992 0.574219 0.540039 0.573242 0.539062 0.573242 0.538086
1 0.339844 0.421875 0.338867 0.422852 0.340820 0.424805 0.341797 0.424805 0.342773 0.425781 0.343750 0.424805 0.340820 0.421875
0 0.529297 0.576172 0.528320 0.577148 0.529297 0.578125 0.528320 0.577148
0 0.519531 0.571289 0.520508 0.572266 0.521484 0.572266 0.521484 0.571289
0 0.537109 0.570312 0.537109 0.572266 0.541992 0.572266 0.544922 0.575195 0.544922 0.576172 0.545898 0.577148 0.550781 0.577148 0.551758 0.576172 0.552734 0.577148 0.551758 0.576172 0.550781 0.577148 0.549805 0.576172 0.549805 0.575195 0.547852 0.573242 0.546875 0.573242 0.543945 0.570312
0 0.572266 0.500977 0.567383 0.500977 0.566406 0.501953 0.565430 0.501953 0.564453 0.502930 0.562500 0.502930 0.561523 0.503906 0.560547 0.503906 0.559570 0.504883 0.558594 0.504883 0.557617 0.505859 0.556641 0.505859 0.555664 0.506836 0.553711 0.506836 0.552734 0.507812 0.551758 0.507812 0.550781 0.508789 0.549805 0.508789 0.548828 0.509766 0.547852 0.509766 0.546875 0.510742 0.544922 0.510742 0.543945 0.511719 0.543945 0.512695 0.544922 0.513672 0.544922 0.514648 0.545898 0.515625 0.545898 0.517578 0.546875 0.518555 0.546875 0.519531 0.547852 0.520508 0.547852 0.521484 0.548828 0.522461 0.548828 0.524414 0.549805 0.525391 0.549805 0.526367 0.550781 0.527344 0.550781 0.528320 0.551758 0.529297 0.551758 0.530273 0.552734 0.531250 0.552734 0.533203 0.553711 0.534180 0.553711 0.535156 0.554688 0.536133 0.554688 0.537109 0.555664 0.536133 0.556641 0.536133 0.557617 0.535156 0.559570 0.535156 0.560547 0.534180 0.561523 0.534180 0.562500 0.533203 0.564453 0.533203 0.565430 0.532227 0.566406 0.532227 0.567383 0.531250 0.568359 0.531250 0.570312 0.529297 0.571289 0.530273 0.572266 0.529297 0.573242 0.529297 0.574219 0.528320 0.575195 0.528320 0.576172 0.527344 0.577148 0.527344 0.578125 0.526367 0.580078 0.526367 0.581055 0.525391 0.582031 0.525391 0.582031 0.523438 0.581055 0.522461 0.581055 0.520508 0.580078 0.519531 0.580078 0.518555 0.579102 0.517578 0.579102 0.516602 0.578125 0.515625 0.578125 0.514648 0.577148 0.513672 0.577148 0.511719 0.576172 0.510742 0.576172 0.509766 0.575195 0.508789 0.575195 0.507812 0.574219 0.506836 0.574219 0.505859 0.573242 0.504883 0.573242 0.502930 0.572266 0.501953
1 0.575195 0.541992 0.574219 0.542969 0.574219 0.545898 0.575195 0.546875 0.575195 0.547852 0.576172 0.547852 0.577148 0.546875 0.576172 0.545898 0.576172 0.543945 0.575195 0.543945 0.574219 0.542969
1 0.569336 0.531250 0.568359 0.532227 0.568359 0.533203 0.569336 0.534180 0.569336 0.535156 0.570312 0.536133 0.570312 0.537109 0.571289 0.537109 0.572266 0.536133 0.573242 0.537109 0.571289 0.535156 0.571289 0.533203 0.570312 0.532227 0.570312 0.531250
0 0.518555 0.571289 0.518555 0.576172 0.517578 0.577148 0.517578 0.587891 0.516602 0.588867 0.516602 0.596680 0.524414 0.604492 0.550781 0.604492 0.550781 0.601562 0.551758 0.600586 0.551758 0.591797 0.552734 0.590820 0.552734 0.581055 0.553711 0.580078 0.553711 0.578125 0.552734 0.578125 0.550781 0.576172 0.551758 0.577148 0.550781 0.578125 0.545898 0.578125 0.543945 0.576172 0.543945 0.575195 0.541992 0.573242 0.537109 0.573242 0.536133 0.572266 0.536133 0.570312 0.524414 0.570312 0.523438 0.571289 0.522461 0.571289 0.522461 0.572266 0.521484 0.573242 0.520508 0.573242
1 0.553711 0.585938 0.553711 0.587891 0.564453 0.587891 0.564453 0.585938 0.557617 0.585938 0.556641 0.586914 0.555664 0.585938 0.555664 0.586914 0.554688 0.587891 0.553711 0.586914
