0 0.402344 0.496094 0.397461 0.500977 0.397461 0.501953 0.393555 0.505859 0.393555 0.506836 0.388672 0.511719 0.388672 0.512695 0.387695 0.513672 0.389648 0.515625 0.389648 0.516602 0.392578 0.519531 0.392578 0.520508 0.394531 0.522461 0.394531 0.523438 0.398438 0.527344 0.399414 0.527344 0.400391 0.528320 0.401367 0.528320 0.402344 0.529297 0.403320 0.529297 0.404297 0.530273 0.405273 0.530273 0.406250 0.531250 0.407227 0.531250 0.408203 0.532227 0.409180 0.532227 0.410156 0.533203 0.412109 0.533203 0.413086 0.534180 0.414062 0.534180 0.414062 0.533203 0.416992 0.530273 0.416992 0.529297 0.420898 0.525391 0.420898 0.524414 0.424805 0.520508 0.424805 0.519531 0.426758 0.517578 0.426758 0.515625 0.424805 0.513672 0.424805 0.512695 0.422852 0.510742 0.422852 0.509766 0.420898 0.507812 0.420898 0.506836 0.418945 0.504883 0.418945 0.503906 0.417969 0.502930 0.416992 0.502930 0.416016 0.501953 0.414062 0.501953 0.413086 0.500977 0.412109 0.500977 0.411133 0.500000 0.410156 0.500000 0.409180 0.499023 0.408203 0.499023 0.407227 0.498047 0.405273 0.498047 0.404297 0.497070 0.403320 0.497070
0 0.287109 0.537109 0.276367 0.547852 0.276367 0.548828 0.274414 0.550781 0.274414 0.552734 0.275391 0.553711 0.275391 0.556641 0.276367 0.557617 0.276367 0.561523 0.277344 0.562500 0.277344 0.565430 0.278320 0.565430 0.279297 0.566406 0.280273 0.566406 0.281250 0.567383 0.283203 0.567383 0.284180 0.568359 0.286133 0.568359 0.287109 0.569336 0.289062 0.569336 0.290039 0.570312 0.291992 0.570312 0.292969 0.571289 0.294922 0.571289 0.307617 0.558594 0.306641 0.557617 0.306641 0.554688 0.305664 0.553711 0.305664 0.549805 0.304688 0.548828 0.304688 0.545898 0.303711 0.544922 0.303711 0.543945 0.298828 0.548828 0.296875 0.548828 0.295898 0.547852 0.295898 0.545898 0.299805 0.541992 0.297852 0.541992 0.296875 0.541016 0.295898 0.541016 0.294922 0.540039 0.292969 0.540039 0.291992 0.539062 0.290039 0.539062 0.289062 0.538086 0.288086 0.538086
1 0.306641 0.539062 0.305664 0.538086 0.304688 0.538086 0.296875 0.545898 0.296875 0.547852 0.298828 0.547852 0.302734 0.543945 0.302734 0.542969
0 0.582031 0.574219 0.577148 0.579102 0.576172 0.579102 0.570312 0.584961 0.569336 0.584961 0.568359 0.585938 0.568359 0.586914 0.570312 0.588867 0.570312 0.589844 0.575195 0.594727 0.575195 0.595703 0.583984 0.604492 0.589844 0.598633 0.590820 0.598633 0.597656 0.591797 0.598633 0.591797 0.596680 0.589844 0.596680 0.588867 0.591797 0.583984 0.591797 0.583008 0.585938 0.577148 0.585938 0.576172 0.584961 0.576172 0.583008 0.574219
1 0.600586 0.574219 0.599609 0.573242 0.593750 0.579102 0.592773 0.579102 0.590820 0.581055 0.591797 0.582031 0.592773 0.582031 0.597656 0.577148 0.598633 0.577148 0.600586 0.575195
0 0.353516 0.682617 0.352539 0.683594 0.351562 0.683594 0.350586 0.684570 0.349609 0.684570 0.347656 0.686523 0.346680 0.686523 0.344727 0.688477 0.343750 0.688477 0.341797 0.690430 0.340820 0.690430 0.339844 0.691406 0.338867 0.691406 0.336914 0.693359 0.335938 0.693359 0.333984 0.695312 0.333984 0.703125 0.333008 0.704102 0.333008 0.713867 0.333984 0.713867 0.334961 0.712891 0.335938 0.712891 0.337891 0.710938 0.338867 0.710938 0.340820 0.708984 0.343750 0.711914 0.339844 0.715820 0.338867 0.715820 0.337891 0.716797 0.337891 0.717773 0.339844 0.719727 0.340820 0.719727 0.344727 0.723633 0.345703 0.723633 0.349609 0.727539 0.350586 0.727539 0.352539 0.725586 0.353516 0.725586 0.355469 0.723633 0.356445 0.723633 0.358398 0.721680 0.359375 0.721680 0.362305 0.718750 0.363281 0.718750 0.365234 0.716797 0.366211 0.716797 0.368164 0.714844 0.369141 0.714844 0.369141 0.708008 0.370117 0.707031 0.370117 0.698242 0.371094 0.697266 0.371094 0.696289 0.370117 0.695312 0.369141 0.695312 0.365234 0.691406 0.364258 0.691406 0.361328 0.688477 0.360352 0.688477 0.357422 0.685547 0.356445 0.685547
0 0.475586 0.578125 0.476562 0.579102 0.477539 0.578125 0.476562 0.579102
0 0.475586 0.570312 0.474609 0.571289 0.476562 0.573242 0.477539 0.573242 0.478516 0.572266 0.478516 0.571289 0.477539 0.571289 0.476562 0.570312
1 0.342773 0.711914 0.340820 0.709961 0.338867 0.711914 0.337891 0.711914 0.335938 0.713867 0.334961 0.713867 0.333008 0.715820 0.332031 0.715820 0.330078 0.717773 0.329102 0.717773 0.328125 0.718750 0.328125 0.720703 0.331055 0.720703 0.333008 0.718750 0.333984 0.718750 0.335938 0.716797 0.336914 0.716797 0.338867 0.714844 0.339844 0.714844
1 0.486328 0.566406 0.487305 0.567383 0.488281 0.567383 0.487305 0.566406
0 0.519531 0.577148 0.514648 0.577148 0.512695 0.579102 0.512695 0.580078 0.509766 0.583008 0.509766 0.583984 0.507812 0.585938 0.507812 0.586914 0.505859 0.588867 0.505859 0.589844 0.502930 0.592773 0.502930 0.593750 0.507812 0.593750 0.507812 0.592773 0.510742 0.589844 0.510742 0.588867 0.512695 0.586914 0.512695 0.585938 0.514648 0.583984 0.514648 0.583008 0.516602 0.581055 0.516602 0.580078
0 0.462891 0.547852 0.461914 0.548828 0.461914 0.549805 0.460938 0.550781 0.460938 0.551758 0.459961 0.552734 0.459961 0.553711 0.458008 0.555664 0.458008 0.556641 0.457031 0.557617 0.457031 0.558594 0.455078 0.560547 0.455078 0.561523 0.454102 0.562500 0.454102 0.564453 0.456055 0.566406 0.456055 0.567383 0.457031 0.568359 0.457031 0.569336 0.458008 0.570312 0.458008 0.571289 0.459961 0.573242 0.459961 0.574219 0.460938 0.575195 0.461914 0.575195 0.462891 0.576172 0.465820 0.576172 0.466797 0.577148 0.469727 0.577148 0.470703 0.578125 0.474609 0.578125 0.475586 0.579102 0.476562 0.578125 0.477539 0.579102 0.478516 0.578125 0.478516 0.577148 0.479492 0.576172 0.479492 0.575195 0.481445 0.573242 0.481445 0.572266 0.482422 0.571289 0.482422 0.570312 0.484375 0.568359 0.484375 0.567383 0.486328 0.565430 0.486328 0.564453 0.487305 0.563477 0.486328 0.562500 0.486328 0.561523 0.484375 0.559570 0.484375 0.558594 0.483398 0.557617 0.483398 0.556641 0.481445 0.554688 0.481445 0.553711 0.478516 0.550781 0.475586 0.550781 0.474609 0.549805 0.471680 0.549805 0.470703 0.548828 0.467773 0.548828 0.466797 0.547852
1 0.490234 0.568359 0.488281 0.566406 0.489258 0.567383 0.488281 0.568359 0.487305 0.568359 0.486328 0.567383 0.485352 0.567383 0.485352 0.568359 0.488281 0.568359 0.489258 0.569336
0 0.520508 0.577148 0.517578 0.580078 0.517578 0.581055 0.515625 0.583008 0.515625 0.583984 0.513672 0.585938 0.513672 0.586914 0.511719 0.588867 0.511719 0.589844 0.508789 0.592773 0.508789 0.593750 0.507812 0.594727 0.503906 0.594727 0.505859 0.596680 0.506836 0.596680 0.509766 0.599609 0.510742 0.599609 0.513672 0.602539 0.514648 0.602539 0.517578 0.605469 0.519531 0.605469 0.520508 0.606445 0.524414 0.606445 0.525391 0.605469 0.525391 0.604492 0.527344 0.602539 0.527344 0.601562 0.529297 0.599609 0.529297 0.598633 0.531250 0.596680 0.531250 0.595703 0.534180 0.592773 0.534180 0.591797 0.536133 0.589844 0.532227 0.585938 0.531250 0.585938 0.528320 0.583008 0.527344 0.583008 0.524414 0.580078 0.523438 0.580078
