0 0.497070 0.382812 0.496094 0.382812 0.495117 0.383789 0.493164 0.383789 0.492188 0.384766 0.490234 0.384766 0.489258 0.385742 0.487305 0.385742 0.486328 0.386719 0.484375 0.386719 0.483398 0.387695 0.481445 0.387695 0.480469 0.388672 0.478516 0.388672 0.478516 0.389648 0.477539 0.390625 0.477539 0.392578 0.476562 0.393555 0.476562 0.395508 0.475586 0.396484 0.475586 0.398438 0.474609 0.399414 0.474609 0.401367 0.473633 0.402344 0.473633 0.404297 0.472656 0.405273 0.472656 0.406250 0.475586 0.409180 0.475586 0.410156 0.484375 0.418945 0.484375 0.417969 0.485352 0.416992 0.485352 0.414062 0.486328 0.413086 0.486328 0.411133 0.487305 0.410156 0.489258 0.410156 0.491211 0.412109 0.491211 0.413086 0.490234 0.414062 0.490234 0.416016 0.489258 0.416992 0.489258 0.418945 0.488281 0.419922 0.488281 0.420898 0.490234 0.420898 0.491211 0.419922 0.493164 0.419922 0.494141 0.418945 0.496094 0.418945 0.497070 0.417969 0.499023 0.417969 0.500000 0.416992 0.502930 0.416992 0.503906 0.416016 0.505859 0.416016 0.505859 0.413086 0.506836 0.412109 0.506836 0.410156 0.507812 0.409180 0.507812 0.407227 0.508789 0.406250 0.508789 0.403320 0.509766 0.402344 0.509766 0.400391 0.510742 0.399414 0.510742 0.398438 0.508789 0.396484 0.508789 0.395508 0.502930 0.389648 0.502930 0.388672
1 0.489258 0.411133 0.487305 0.411133 0.487305 0.413086 0.486328 0.414062 0.486328 0.416992 0.485352 0.417969 0.485352 0.419922 0.484375 0.420898 0.484375 0.423828 0.486328 0.423828 0.486328 0.422852 0.487305 0.421875 0.487305 0.419922 0.488281 0.418945 0.488281 0.416992 0.489258 0.416016 0.489258 0.414062 0.490234 0.413086 0.490234 0.412109
0 0.574219 0.343750 0.572266 0.343750 0.571289 0.344727 0.557617 0.344727 0.556641 0.345703 0.545898 0.345703 0.545898 0.364258 0.546875 0.365234 0.546875 0.368164 0.545898 0.369141 0.545898 0.370117 0.546875 0.371094 0.546875 0.377930 0.547852 0.378906 0.547852 0.386719 0.550781 0.386719 0.551758 0.385742 0.565430 0.385742 0.566406 0.384766 0.576172 0.384766 0.576172 0.370117 0.577148 0.369141 0.577148 0.362305 0.576172 0.361328 0.576172 0.356445 0.575195 0.355469 0.575195 0.349609 0.574219 0.348633
1 0.527344 0.366211 0.527344 0.369141 0.535156 0.369141 0.536133 0.368164 0.545898 0.368164 0.545898 0.365234 0.533203 0.365234 0.532227 0.366211
0 0.648438 0.604492 0.647461 0.605469 0.645508 0.605469 0.644531 0.606445 0.643555 0.606445 0.642578 0.607422 0.640625 0.607422 0.639648 0.608398 0.637695 0.608398 0.636719 0.609375 0.635742 0.609375 0.634766 0.610352 0.633789 0.610352 0.626953 0.617188 0.625977 0.617188 0.621094 0.622070 0.623047 0.624023 0.623047 0.625000 0.625000 0.626953 0.625000 0.627930 0.626953 0.629883 0.626953 0.630859 0.628906 0.632812 0.628906 0.633789 0.629883 0.634766 0.629883 0.635742 0.631836 0.637695 0.631836 0.638672 0.633789 0.640625 0.633789 0.641602 0.634766 0.640625 0.635742 0.640625 0.636719 0.639648 0.638672 0.639648 0.639648 0.638672 0.640625 0.638672 0.641602 0.637695 0.643555 0.637695 0.644531 0.636719 0.645508 0.636719 0.646484 0.635742 0.647461 0.635742 0.648438 0.634766 0.649414 0.634766 0.655273 0.628906 0.656250 0.628906 0.661133 0.624023 0.661133 0.623047 0.660156 0.622070 0.660156 0.621094 0.658203 0.619141 0.658203 0.618164 0.656250 0.616211 0.656250 0.615234 0.654297 0.613281 0.654297 0.612305 0.652344 0.610352 0.652344 0.609375 0.650391 0.607422 0.650391 0.606445
1 0.626953 0.599609 0.625977 0.600586 0.625977 0.602539 0.627930 0.604492 0.627930 0.605469 0.629883 0.607422 0.629883 0.608398 0.631836 0.610352 0.631836 0.611328 0.633789 0.609375 0.632812 0.608398 0.632812 0.607422 0.630859 0.605469 0.630859 0.604492 0.628906 0.602539 0.628906 0.601562
0 0.414062 0.313477 0.414062 0.314453 0.413086 0.315430 0.413086 0.316406 0.412109 0.317383 0.412109 0.319336 0.411133 0.320312 0.411133 0.321289 0.410156 0.322266 0.410156 0.324219 0.409180 0.325195 0.409180 0.326172 0.408203 0.327148 0.408203 0.329102 0.407227 0.330078 0.407227 0.331055 0.409180 0.331055 0.410156 0.332031 0.412109 0.332031 0.413086 0.333008 0.413086 0.335938 0.412109 0.336914 0.406250 0.336914 0.405273 0.335938 0.405273 0.336914 0.406250 0.337891 0.406250 0.340820 0.407227 0.341797 0.407227 0.343750 0.408203 0.344727 0.408203 0.347656 0.409180 0.348633 0.409180 0.350586 0.410156 0.351562 0.410156 0.354492 0.411133 0.355469 0.412109 0.355469 0.413086 0.356445 0.419922 0.356445 0.420898 0.357422 0.427734 0.357422 0.428711 0.358398 0.436523 0.358398 0.437500 0.359375 0.438477 0.359375 0.438477 0.358398 0.439453 0.357422 0.439453 0.356445 0.440430 0.355469 0.440430 0.353516 0.441406 0.352539 0.441406 0.351562 0.442383 0.350586 0.442383 0.349609 0.443359 0.348633 0.443359 0.346680 0.444336 0.345703 0.444336 0.344727 0.445312 0.343750 0.445312 0.342773 0.446289 0.341797 0.446289 0.339844 0.447266 0.338867 0.447266 0.337891 0.448242 0.336914 0.447266 0.335938 0.447266 0.333984 0.446289 0.333008 0.446289 0.331055 0.445312 0.330078 0.445312 0.328125 0.444336 0.327148 0.444336 0.325195 0.443359 0.324219 0.443359 0.321289 0.442383 0.320312 0.442383 0.318359 0.441406 0.317383 0.439453 0.317383 0.438477 0.316406 0.432617 0.316406 0.431641 0.315430 0.425781 0.315430 0.424805 0.314453 0.418945 0.314453 0.417969 0.313477
1 0.457031 0.505859 0.457031 0.506836 0.458008 0.507812 0.458984 0.507812
1 0.454102 0.500977 0.454102 0.501953 0.455078 0.502930 0.457031 0.502930 0.456055 0.502930 0.455078 0.501953 0.456055 0.500977 0.455078 0.501953
1 0.392578 0.331055 0.392578 0.333008 0.393555 0.333984 0.397461 0.333984 0.398438 0.334961 0.405273 0.334961 0.406250 0.335938 0.412109 0.335938 0.412109 0.333008 0.410156 0.333008 0.409180 0.332031 0.402344 0.332031 0.401367 0.331055 0.395508 0.331055 0.394531 0.330078 0.393555 0.330078
0 0.443359 0.477539 0.441406 0.479492 0.441406 0.480469 0.436523 0.485352 0.436523 0.486328 0.433594 0.489258 0.433594 0.491211 0.434570 0.492188 0.434570 0.493164 0.435547 0.494141 0.435547 0.495117 0.436523 0.496094 0.436523 0.497070 0.437500 0.498047 0.437500 0.499023 0.438477 0.500000 0.438477 0.501953 0.439453 0.502930 0.439453 0.503906 0.440430 0.504883 0.440430 0.505859 0.441406 0.506836 0.447266 0.506836 0.448242 0.505859 0.455078 0.505859 0.454102 0.504883 0.454102 0.503906 0.453125 0.502930 0.453125 0.500977 0.454102 0.500000 0.456055 0.500000 0.457031 0.500977 0.457031 0.501953 0.458008 0.502930 0.458008 0.503906 0.458984 0.503906 0.463867 0.499023 0.463867 0.498047 0.467773 0.494141 0.466797 0.493164 0.466797 0.492188 0.465820 0.491211 0.465820 0.489258 0.464844 0.488281 0.464844 0.487305 0.463867 0.486328 0.463867 0.485352 0.462891 0.484375 0.462891 0.483398 0.461914 0.482422 0.461914 0.481445 0.460938 0.480469 0.460938 0.479492 0.459961 0.478516 0.459961 0.477539
1 0.406250 0.738281 0.404297 0.738281 0.403320 0.739258 0.403320 0.740234 0.404297 0.741211 0.405273 0.740234 0.406250 0.740234
1 0.454102 0.502930 0.456055 0.504883 0.456055 0.506836 0.457031 0.507812 0.457031 0.509766 0.458008 0.510742 0.458008 0.511719 0.458984 0.512695 0.459961 0.512695 0.460938 0.511719 0.459961 0.510742 0.459961 0.509766 0.458984 0.508789 0.458008 0.508789 0.456055 0.506836 0.456055 0.505859 0.457031 0.504883 0.458984 0.506836 0.458008 0.505859 0.458008 0.504883 0.457031 0.503906 0.455078 0.503906
0 0.398438 0.725586 0.395508 0.725586 0.394531 0.726562 0.391602 0.726562 0.390625 0.727539 0.387695 0.727539 0.386719 0.728516 0.383789 0.728516 0.382812 0.729492 0.379883 0.729492 0.378906 0.730469 0.375977 0.730469 0.375000 0.731445 0.373047 0.731445 0.373047 0.734375 0.374023 0.735352 0.374023 0.739258 0.375000 0.740234 0.375000 0.744141 0.375977 0.745117 0.375977 0.749023 0.376953 0.750000 0.376953 0.753906 0.377930 0.754883 0.377930 0.757812 0.378906 0.758789 0.378906 0.760742 0.379883 0.761719 0.382812 0.761719 0.383789 0.760742 0.386719 0.760742 0.387695 0.759766 0.390625 0.759766 0.391602 0.758789 0.393555 0.758789 0.394531 0.757812 0.397461 0.757812 0.398438 0.756836 0.401367 0.756836 0.402344 0.755859 0.405273 0.755859 0.404297 0.754883 0.404297 0.750977 0.403320 0.750000 0.403320 0.747070 0.402344 0.746094 0.402344 0.742188 0.401367 0.741211 0.401367 0.737305 0.400391 0.736328 0.400391 0.732422 0.399414 0.731445 0.399414 0.728516 0.398438 0.727539
1 0.402344 0.739258 0.402344 0.741211 0.403320 0.741211 0.402344 0.740234
1 0.418945 0.735352 0.416016 0.735352 0.414062 0.737305 0.408203 0.737305 0.407227 0.738281 0.407227 0.740234 0.408203 0.739258 0.412109 0.739258 0.411133 0.738281 0.412109 0.737305 0.414062 0.737305 0.415039 0.738281 0.416016 0.738281 0.416992 0.737305 0.418945 0.737305
0 0.439453 0.552734 0.439453 0.553711 0.436523 0.556641 0.436523 0.557617 0.434570 0.559570 0.438477 0.563477 0.438477 0.564453 0.436523 0.566406 0.435547 0.566406 0.434570 0.565430 0.433594 0.565430 0.431641 0.563477 0.431641 0.564453 0.428711 0.567383 0.428711 0.568359 0.426758 0.570312 0.426758 0.571289 0.423828 0.574219 0.423828 0.575195 0.422852 0.576172 0.422852 0.577148 0.426758 0.581055 0.427734 0.581055 0.432617 0.585938 0.433594 0.585938 0.438477 0.590820 0.439453 0.590820 0.444336 0.595703 0.451172 0.595703 0.452148 0.596680 0.457031 0.596680 0.457031 0.595703 0.459961 0.592773 0.459961 0.591797 0.461914 0.589844 0.461914 0.588867 0.464844 0.585938 0.464844 0.584961 0.466797 0.583008 0.466797 0.582031 0.468750 0.580078 0.468750 0.579102 0.471680 0.576172 0.471680 0.575195 0.473633 0.573242 0.473633 0.571289 0.470703 0.568359 0.469727 0.568359 0.463867 0.562500 0.462891 0.562500 0.457031 0.556641 0.456055 0.556641 0.452148 0.552734
1 0.419922 0.552734 0.421875 0.554688 0.422852 0.554688 0.425781 0.557617 0.426758 0.557617 0.432617 0.563477 0.433594 0.563477 0.435547 0.565430 0.436523 0.565430 0.437500 0.564453 0.437500 0.563477 0.434570 0.560547 0.433594 0.560547 0.427734 0.554688 0.426758 0.554688 0.422852 0.550781 0.421875 0.550781
0 0.244141 0.457031 0.243164 0.458008 0.241211 0.458008 0.240234 0.458984 0.238281 0.458984 0.237305 0.459961 0.235352 0.459961 0.234375 0.460938 0.233398 0.460938 0.232422 0.461914 0.230469 0.461914 0.229492 0.462891 0.228516 0.462891 0.228516 0.464844 0.227539 0.465820 0.227539 0.467773 0.226562 0.468750 0.226562 0.470703 0.225586 0.471680 0.225586 0.473633 0.224609 0.474609 0.224609 0.476562 0.223633 0.477539 0.223633 0.478516 0.222656 0.479492 0.222656 0.481445 0.221680 0.482422 0.222656 0.482422 0.224609 0.484375 0.225586 0.484375 0.227539 0.486328 0.228516 0.486328 0.230469 0.488281 0.231445 0.488281 0.233398 0.490234 0.234375 0.490234 0.236328 0.492188 0.237305 0.492188 0.239258 0.494141 0.243164 0.494141 0.244141 0.493164 0.245117 0.493164 0.246094 0.492188 0.248047 0.492188 0.249023 0.491211 0.250000 0.491211 0.250977 0.490234 0.251953 0.490234 0.252930 0.489258 0.254883 0.489258 0.255859 0.488281 0.255859 0.486328 0.256836 0.485352 0.256836 0.483398 0.257812 0.482422 0.257812 0.481445 0.258789 0.480469 0.258789 0.478516 0.259766 0.477539 0.259766 0.475586 0.260742 0.474609 0.260742 0.472656 0.261719 0.471680 0.261719 0.470703 0.262695 0.469727 0.261719 0.468750 0.260742 0.468750 0.258789 0.466797 0.257812 0.466797 0.255859 0.464844 0.254883 0.464844 0.252930 0.462891 0.251953 0.462891 0.250000 0.460938 0.249023 0.460938 0.247070 0.458984 0.246094 0.458984
0 0.455078 0.401367 0.453125 0.399414 0.452148 0.399414 0.449219 0.402344 0.447266 0.402344 0.446289 0.403320 0.445312 0.402344 0.446289 0.403320 0.448242 0.403320 0.449219 0.404297 0.451172 0.404297 0.452148 0.405273 0.453125 0.405273 0.454102 0.404297 0.454102 0.403320 0.455078 0.402344
0 0.438477 0.398438 0.437500 0.399414 0.438477 0.400391 0.437500 0.399414
0 0.440430 0.393555 0.438477 0.395508 0.438477 0.396484 0.440430 0.396484
0 0.465820 0.391602 0.464844 0.392578 0.463867 0.391602 0.462891 0.392578 0.463867 0.393555 0.462891 0.394531 0.461914 0.394531 0.461914 0.395508 0.462891 0.396484 0.462891 0.398438 0.460938 0.400391 0.460938 0.401367 0.459961 0.402344 0.459961 0.403320 0.458984 0.404297 0.458984 0.405273 0.457031 0.407227 0.457031 0.408203 0.458008 0.409180 0.458008 0.418945 0.459961 0.416992 0.459961 0.416016 0.460938 0.415039 0.460938 0.414062 0.461914 0.413086 0.461914 0.412109 0.462891 0.411133 0.462891 0.410156 0.463867 0.409180 0.463867 0.408203 0.461914 0.408203 0.460938 0.407227 0.460938 0.406250 0.462891 0.404297 0.464844 0.404297 0.465820 0.405273 0.466797 0.404297 0.466797 0.395508 0.465820 0.394531
1 0.462891 0.405273 0.463867 0.406250 0.464844 0.406250 0.465820 0.407227 0.467773 0.407227 0.470703 0.410156 0.471680 0.409180 0.472656 0.409180 0.473633 0.410156 0.474609 0.410156 0.474609 0.409180 0.473633 0.409180 0.472656 0.408203 0.471680 0.408203 0.470703 0.407227 0.468750 0.407227 0.467773 0.406250 0.465820 0.406250 0.464844 0.405273
0 0.463867 0.588867 0.461914 0.590820 0.462891 0.589844 0.463867 0.590820 0.463867 0.591797
0 0.470703 0.584961 0.469727 0.585938 0.468750 0.584961 0.468750 0.583984 0.466797 0.583984 0.465820 0.584961 0.465820 0.585938 0.467773 0.587891
0 0.471680 0.578125 0.470703 0.579102 0.469727 0.579102 0.470703 0.579102
0 0.468750 0.565430 0.468750 0.566406 0.469727 0.567383 0.468750 0.566406
0 0.446289 0.383789 0.444336 0.385742 0.444336 0.386719 0.443359 0.387695 0.443359 0.388672 0.441406 0.390625 0.441406 0.391602 0.440430 0.392578 0.441406 0.393555 0.441406 0.396484 0.440430 0.397461 0.437500 0.397461 0.437500 0.398438 0.436523 0.399414 0.436523 0.408203 0.437500 0.409180 0.437500 0.413086 0.438477 0.414062 0.440430 0.414062 0.441406 0.415039 0.443359 0.415039 0.444336 0.416016 0.445312 0.416016 0.446289 0.416992 0.448242 0.416992 0.449219 0.417969 0.451172 0.417969 0.452148 0.418945 0.454102 0.418945 0.455078 0.419922 0.456055 0.419922 0.457031 0.420898 0.458008 0.419922 0.457031 0.418945 0.457031 0.409180 0.456055 0.408203 0.456055 0.407227 0.458008 0.405273 0.458008 0.404297 0.458984 0.403320 0.458984 0.402344 0.459961 0.401367 0.459961 0.400391 0.461914 0.398438 0.461914 0.396484 0.460938 0.395508 0.460938 0.394531 0.461914 0.393555 0.462891 0.393555 0.461914 0.392578 0.463867 0.390625 0.464844 0.391602 0.465820 0.390625 0.464844 0.390625 0.463867 0.389648 0.461914 0.389648 0.460938 0.388672 0.459961 0.388672 0.458984 0.387695 0.457031 0.387695 0.456055 0.386719 0.454102 0.386719 0.453125 0.385742 0.451172 0.385742 0.450195 0.384766 0.448242 0.384766 0.447266 0.383789
1 0.468750 0.561523 0.468750 0.562500 0.469727 0.563477 0.469727 0.564453 0.469727 0.561523
1 0.471680 0.410156 0.472656 0.411133 0.474609 0.411133 0.475586 0.412109 0.475586 0.411133 0.473633 0.411133 0.472656 0.410156
1 0.461914 0.406250 0.461914 0.407227 0.463867 0.407227 0.464844 0.408203 0.465820 0.408203 0.466797 0.409180 0.468750 0.409180 0.469727 0.410156 0.467773 0.408203 0.465820 0.408203 0.464844 0.407227 0.463867 0.407227 0.462891 0.406250
0 0.469727 0.565430 0.469727 0.566406 0.474609 0.571289 0.474609 0.573242 0.472656 0.575195 0.472656 0.576172 0.470703 0.578125 0.471680 0.579102 0.470703 0.580078 0.469727 0.580078 0.467773 0.582031 0.467773 0.583008 0.468750 0.583008 0.469727 0.583984 0.469727 0.584961 0.470703 0.585938 0.467773 0.588867 0.465820 0.586914 0.464844 0.586914 0.462891 0.588867 0.463867 0.587891 0.464844 0.588867 0.464844 0.591797 0.463867 0.592773 0.462891 0.591797 0.462891 0.590820 0.461914 0.591797 0.460938 0.591797 0.461914 0.592773 0.461914 0.594727 0.464844 0.594727 0.465820 0.595703 0.469727 0.595703 0.470703 0.596680 0.474609 0.596680 0.475586 0.597656 0.479492 0.597656 0.491211 0.585938 0.490234 0.584961 0.490234 0.582031 0.489258 0.581055 0.489258 0.578125 0.488281 0.577148 0.488281 0.574219 0.487305 0.573242 0.487305 0.569336 0.486328 0.569336 0.485352 0.568359 0.481445 0.568359 0.480469 0.567383 0.477539 0.567383 0.476562 0.566406 0.472656 0.566406 0.471680 0.565430
