0 0.410156 0.469727 0.409180 0.470703 0.408203 0.470703 0.407227 0.471680 0.406250 0.471680 0.405273 0.472656 0.404297 0.472656 0.403320 0.473633 0.403320 0.474609 0.401367 0.476562 0.401367 0.477539 0.400391 0.478516 0.400391 0.479492 0.398438 0.481445 0.398438 0.482422 0.397461 0.483398 0.397461 0.484375 0.395508 0.486328 0.395508 0.487305 0.394531 0.488281 0.394531 0.489258 0.393555 0.490234 0.393555 0.491211 0.394531 0.492188 0.395508 0.492188 0.397461 0.494141 0.398438 0.494141 0.401367 0.497070 0.402344 0.497070 0.404297 0.499023 0.405273 0.499023 0.407227 0.500977 0.408203 0.500977 0.410156 0.502930 0.412109 0.502930 0.414062 0.500977 0.415039 0.500977 0.416992 0.499023 0.417969 0.499023 0.417969 0.498047 0.419922 0.496094 0.419922 0.494141 0.418945 0.493164 0.420898 0.491211 0.422852 0.491211 0.422852 0.490234 0.424805 0.488281 0.424805 0.487305 0.425781 0.486328 0.425781 0.485352 0.427734 0.483398 0.427734 0.482422 0.428711 0.481445 0.427734 0.480469 0.426758 0.480469 0.424805 0.478516 0.423828 0.478516 0.420898 0.475586 0.419922 0.475586 0.417969 0.473633 0.416992 0.473633 0.415039 0.471680 0.414062 0.471680 0.412109 0.469727
1 0.419922 0.493164 0.421875 0.495117 0.422852 0.495117 0.425781 0.498047 0.426758 0.498047 0.428711 0.500000 0.429688 0.500000 0.430664 0.500977 0.431641 0.500977 0.432617 0.500000 0.430664 0.498047 0.429688 0.498047 0.427734 0.496094 0.426758 0.496094 0.424805 0.494141 0.423828 0.494141 0.421875 0.492188 0.420898 0.492188
0 0.489258 0.403320 0.489258 0.404297 0.488281 0.405273 0.488281 0.406250 0.487305 0.407227 0.487305 0.409180 0.486328 0.410156 0.486328 0.412109 0.485352 0.413086 0.485352 0.414062 0.484375 0.415039 0.484375 0.416992 0.483398 0.417969 0.483398 0.419922 0.482422 0.420898 0.482422 0.422852 0.481445 0.423828 0.481445 0.432617 0.482422 0.433594 0.484375 0.433594 0.485352 0.434570 0.487305 0.434570 0.488281 0.435547 0.490234 0.435547 0.490234 0.433594 0.492188 0.431641 0.494141 0.433594 0.494141 0.435547 0.493164 0.436523 0.494141 0.437500 0.496094 0.437500 0.497070 0.438477 0.499023 0.438477 0.500000 0.439453 0.501953 0.439453 0.502930 0.440430 0.503906 0.440430 0.504883 0.439453 0.504883 0.437500 0.505859 0.436523 0.505859 0.434570 0.506836 0.433594 0.506836 0.431641 0.507812 0.430664 0.507812 0.428711 0.508789 0.427734 0.508789 0.426758 0.509766 0.425781 0.509766 0.423828 0.510742 0.422852 0.510742 0.420898 0.511719 0.419922 0.511719 0.411133 0.512695 0.410156 0.509766 0.410156 0.508789 0.409180 0.506836 0.409180 0.505859 0.408203 0.503906 0.408203 0.502930 0.407227 0.500977 0.407227 0.500000 0.406250 0.498047 0.406250 0.497070 0.405273 0.495117 0.405273 0.494141 0.404297 0.492188 0.404297 0.491211 0.403320
1 0.492188 0.432617 0.491211 0.433594 0.491211 0.435547 0.490234 0.436523 0.490234 0.437500 0.489258 0.438477 0.489258 0.440430 0.488281 0.441406 0.488281 0.443359 0.487305 0.444336 0.487305 0.446289 0.486328 0.447266 0.487305 0.448242 0.488281 0.448242 0.488281 0.447266 0.489258 0.446289 0.489258 0.444336 0.490234 0.443359 0.490234 0.441406 0.491211 0.440430 0.491211 0.439453 0.492188 0.438477 0.492188 0.436523 0.493164 0.435547 0.493164 0.433594
0 0.561523 0.454102 0.561523 0.455078 0.560547 0.456055 0.560547 0.458008 0.559570 0.458984 0.559570 0.461914 0.558594 0.462891 0.558594 0.464844 0.561523 0.464844 0.562500 0.465820 0.562500 0.467773 0.561523 0.468750 0.558594 0.468750 0.558594 0.469727 0.559570 0.470703 0.559570 0.471680 0.560547 0.472656 0.560547 0.473633 0.561523 0.474609 0.561523 0.476562 0.562500 0.477539 0.562500 0.478516 0.563477 0.479492 0.564453 0.479492 0.565430 0.478516 0.578125 0.478516 0.579102 0.477539 0.580078 0.477539 0.580078 0.475586 0.581055 0.474609 0.581055 0.472656 0.582031 0.471680 0.582031 0.469727 0.583008 0.468750 0.583008 0.465820 0.583984 0.464844 0.583008 0.463867 0.583008 0.462891 0.582031 0.461914 0.582031 0.460938 0.581055 0.459961 0.581055 0.458984 0.580078 0.458008 0.580078 0.457031 0.579102 0.456055 0.579102 0.454102 0.578125 0.453125 0.566406 0.453125 0.565430 0.454102
1 0.550781 0.466797 0.550781 0.467773 0.561523 0.467773 0.561523 0.465820 0.553711 0.465820 0.552734 0.466797
0 0.392578 0.542969 0.392578 0.543945 0.393555 0.543945 0.393555 0.542969
0 0.382812 0.542969 0.382812 0.544922 0.383789 0.545898 0.383789 0.550781 0.384766 0.550781 0.385742 0.551758 0.386719 0.551758 0.387695 0.552734 0.389648 0.552734 0.390625 0.551758 0.390625 0.548828 0.387695 0.545898 0.387695 0.542969
0 0.445312 0.492188 0.445312 0.498047 0.444336 0.499023 0.444336 0.504883 0.443359 0.505859 0.443359 0.510742 0.442383 0.511719 0.442383 0.518555 0.441406 0.519531 0.441406 0.526367 0.440430 0.527344 0.440430 0.529297 0.445312 0.529297 0.446289 0.530273 0.452148 0.530273 0.452148 0.524414 0.453125 0.523438 0.453125 0.522461 0.454102 0.521484 0.455078 0.521484 0.456055 0.522461 0.456055 0.529297 0.455078 0.530273 0.455078 0.531250 0.458984 0.531250 0.459961 0.532227 0.466797 0.532227 0.466797 0.527344 0.467773 0.526367 0.467773 0.521484 0.468750 0.520508 0.468750 0.514648 0.469727 0.513672 0.469727 0.506836 0.470703 0.505859 0.470703 0.499023 0.471680 0.498047 0.471680 0.496094 0.467773 0.496094 0.466797 0.495117 0.460938 0.495117 0.459961 0.494141 0.454102 0.494141 0.453125 0.493164 0.447266 0.493164 0.446289 0.492188
1 0.455078 0.522461 0.454102 0.522461 0.454102 0.523438 0.453125 0.524414 0.453125 0.530273 0.452148 0.531250 0.452148 0.537109 0.451172 0.538086 0.453125 0.538086 0.453125 0.537109 0.454102 0.536133 0.454102 0.530273 0.455078 0.529297
0 0.382812 0.545898 0.382812 0.546875 0.381836 0.547852 0.381836 0.553711 0.380859 0.554688 0.380859 0.559570 0.381836 0.560547 0.381836 0.570312 0.401367 0.570312 0.401367 0.565430 0.402344 0.564453 0.402344 0.559570 0.403320 0.558594 0.403320 0.554688 0.402344 0.553711 0.402344 0.545898 0.401367 0.544922 0.401367 0.543945 0.397461 0.543945 0.396484 0.542969 0.394531 0.542969 0.394531 0.543945 0.393555 0.544922 0.392578 0.544922 0.391602 0.543945 0.391602 0.542969 0.388672 0.542969 0.388672 0.545898 0.391602 0.548828 0.391602 0.551758 0.389648 0.553711 0.387695 0.553711 0.386719 0.552734 0.385742 0.552734 0.384766 0.551758 0.383789 0.551758 0.382812 0.550781
1 0.404297 0.555664 0.404297 0.557617 0.405273 0.556641 0.409180 0.556641 0.410156 0.557617 0.411133 0.557617 0.412109 0.556641 0.414062 0.556641 0.414062 0.555664
0 0.593750 0.671875 0.593750 0.679688 0.592773 0.680664 0.592773 0.690430 0.593750 0.691406 0.599609 0.691406 0.600586 0.692383 0.606445 0.692383 0.607422 0.693359 0.613281 0.693359 0.614258 0.692383 0.618164 0.692383 0.618164 0.679688 0.619141 0.678711 0.619141 0.672852 0.618164 0.671875 0.612305 0.671875 0.611328 0.670898 0.605469 0.670898 0.604492 0.669922 0.598633 0.669922 0.597656 0.670898 0.594727 0.670898
1 0.608398 0.658203 0.606445 0.658203 0.606445 0.665039 0.605469 0.666016 0.605469 0.669922 0.607422 0.669922 0.607422 0.662109 0.608398 0.661133
0 0.623047 0.564453 0.622070 0.564453 0.621094 0.565430 0.620117 0.565430 0.619141 0.566406 0.618164 0.566406 0.617188 0.567383 0.616211 0.567383 0.615234 0.568359 0.614258 0.568359 0.613281 0.569336 0.612305 0.569336 0.611328 0.570312 0.610352 0.570312 0.609375 0.571289 0.608398 0.571289 0.607422 0.572266 0.606445 0.572266 0.605469 0.573242 0.604492 0.573242 0.595703 0.582031 0.596680 0.583008 0.596680 0.583984 0.597656 0.584961 0.597656 0.585938 0.599609 0.587891 0.599609 0.588867 0.601562 0.590820 0.601562 0.591797 0.602539 0.592773 0.603516 0.592773 0.610352 0.585938 0.611328 0.585938 0.612305 0.586914 0.612305 0.588867 0.605469 0.595703 0.604492 0.595703 0.604492 0.596680 0.606445 0.598633 0.606445 0.599609 0.608398 0.601562 0.609375 0.601562 0.610352 0.600586 0.611328 0.600586 0.612305 0.599609 0.613281 0.599609 0.614258 0.598633 0.615234 0.598633 0.616211 0.597656 0.618164 0.597656 0.619141 0.596680 0.620117 0.596680 0.621094 0.595703 0.622070 0.595703 0.623047 0.594727 0.624023 0.594727 0.625000 0.593750 0.625977 0.593750 0.635742 0.583984 0.634766 0.583008 0.634766 0.582031 0.632812 0.580078 0.632812 0.579102 0.630859 0.577148 0.630859 0.576172 0.628906 0.574219 0.628906 0.573242 0.627930 0.572266 0.627930 0.571289 0.625977 0.569336 0.625977 0.568359 0.624023 0.566406 0.624023 0.565430
1 0.611328 0.586914 0.610352 0.586914 0.608398 0.588867 0.608398 0.589844 0.606445 0.591797 0.605469 0.591797 0.603516 0.593750 0.603516 0.594727 0.605469 0.594727 0.611328 0.588867
0 0.367188 0.707031 0.366211 0.707031 0.365234 0.708008 0.364258 0.708008 0.361328 0.710938 0.360352 0.710938 0.358398 0.712891 0.357422 0.712891 0.354492 0.715820 0.353516 0.715820 0.351562 0.717773 0.350586 0.717773 0.348633 0.719727 0.348633 0.721680 0.349609 0.722656 0.349609 0.724609 0.350586 0.725586 0.350586 0.726562 0.351562 0.727539 0.351562 0.728516 0.352539 0.729492 0.352539 0.730469 0.353516 0.731445 0.353516 0.732422 0.354492 0.733398 0.354492 0.734375 0.359375 0.739258 0.359375 0.740234 0.363281 0.744141 0.363281 0.745117 0.365234 0.747070 0.366211 0.746094 0.367188 0.746094 0.370117 0.743164 0.371094 0.743164 0.374023 0.740234 0.375000 0.740234 0.376953 0.738281 0.377930 0.738281 0.380859 0.735352 0.381836 0.735352 0.383789 0.733398 0.383789 0.732422 0.382812 0.731445 0.382812 0.730469 0.381836 0.729492 0.381836 0.727539 0.380859 0.726562 0.380859 0.725586 0.379883 0.724609 0.379883 0.723633 0.378906 0.722656 0.378906 0.720703 0.375977 0.717773 0.375977 0.716797 0.369141 0.709961 0.369141 0.708984
1 0.351562 0.710938 0.352539 0.711914 0.352539 0.712891 0.354492 0.714844 0.355469 0.713867 0.355469 0.712891 0.353516 0.710938
1 0.379883 0.501953 0.377930 0.501953 0.373047 0.506836 0.373047 0.507812 0.374023 0.507812 0.375000 0.506836 0.375977 0.506836 0.377930 0.504883 0.377930 0.503906 0.378906 0.502930 0.379883 0.502930
0 0.362305 0.500977 0.358398 0.504883 0.357422 0.504883 0.351562 0.510742 0.350586 0.510742 0.346680 0.514648 0.346680 0.518555 0.345703 0.519531 0.353516 0.527344 0.353516 0.528320 0.360352 0.535156 0.365234 0.530273 0.366211 0.530273 0.374023 0.522461 0.375000 0.522461 0.375977 0.521484 0.375977 0.517578 0.376953 0.516602 0.371094 0.510742 0.371094 0.509766
1 0.452148 0.568359 0.452148 0.569336 0.453125 0.570312 0.454102 0.569336 0.455078 0.570312 0.456055 0.570312 0.454102 0.568359 0.454102 0.569336 0.453125 0.570312 0.452148 0.569336
1 0.372070 0.507812 0.371094 0.508789 0.372070 0.509766 0.373047 0.508789
0 0.460938 0.557617 0.460938 0.560547 0.459961 0.561523 0.459961 0.564453 0.458984 0.565430 0.458984 0.569336 0.458008 0.570312 0.458008 0.576172 0.457031 0.577148 0.457031 0.583008 0.460938 0.583008 0.461914 0.583984 0.466797 0.583984 0.467773 0.584961 0.471680 0.584961 0.472656 0.585938 0.474609 0.585938 0.474609 0.582031 0.475586 0.581055 0.475586 0.577148 0.476562 0.576172 0.476562 0.571289 0.477539 0.570312 0.477539 0.565430 0.478516 0.564453 0.478516 0.560547 0.476562 0.560547 0.475586 0.559570 0.470703 0.559570 0.469727 0.558594 0.464844 0.558594 0.463867 0.557617
1 0.455078 0.568359 0.457031 0.570312 0.458008 0.569336 0.457031 0.569336 0.456055 0.568359
1 0.453125 0.568359 0.453125 0.569336 0.454102 0.570312 0.453125 0.569336
1 0.451172 0.569336 0.451172 0.567383 0.449219 0.567383 0.448242 0.568359 0.446289 0.568359 0.447266 0.569336
