0 0.492188 0.617188 0.492188 0.620117 0.491211 0.621094 0.491211 0.625977 0.490234 0.626953 0.490234 0.631836 0.489258 0.632812 0.489258 0.638672 0.488281 0.639648 0.491211 0.639648 0.492188 0.640625 0.496094 0.640625 0.497070 0.641602 0.500977 0.641602 0.501953 0.642578 0.505859 0.642578 0.506836 0.643555 0.513672 0.643555 0.514648 0.642578 0.517578 0.642578 0.517578 0.639648 0.518555 0.638672 0.518555 0.632812 0.519531 0.631836 0.519531 0.626953 0.520508 0.625977 0.520508 0.619141 0.516602 0.619141 0.515625 0.618164 0.511719 0.618164 0.510742 0.617188 0.507812 0.617188 0.506836 0.616211 0.502930 0.616211 0.501953 0.615234 0.498047 0.615234 0.497070 0.616211 0.494141 0.616211 0.493164 0.617188
1 0.519531 0.632812 0.519531 0.633789 0.522461 0.633789 0.523438 0.634766 0.527344 0.634766 0.528320 0.635742 0.530273 0.635742 0.530273 0.633789 0.527344 0.633789 0.526367 0.632812 0.522461 0.632812 0.521484 0.631836 0.520508 0.631836
0 0.536133 0.500977 0.525391 0.511719 0.525391 0.517578 0.524414 0.518555 0.524414 0.521484 0.526367 0.523438 0.527344 0.523438 0.529297 0.525391 0.530273 0.525391 0.532227 0.527344 0.533203 0.527344 0.534180 0.528320 0.535156 0.528320 0.537109 0.530273 0.539062 0.530273 0.544922 0.524414 0.544922 0.523438 0.548828 0.519531 0.548828 0.512695 0.549805 0.511719 0.549805 0.510742 0.547852 0.508789 0.546875 0.508789 0.544922 0.506836 0.543945 0.506836 0.541992 0.504883 0.541016 0.504883 0.539062 0.502930 0.538086 0.502930
1 0.537109 0.520508 0.536133 0.520508 0.536133 0.522461 0.535156 0.523438 0.535156 0.527344 0.536133 0.528320 0.537109 0.527344
0 0.577148 0.403320 0.563477 0.416992 0.563477 0.419922 0.562500 0.420898 0.562500 0.423828 0.561523 0.424805 0.561523 0.427734 0.560547 0.428711 0.560547 0.430664 0.561523 0.431641 0.562500 0.431641 0.564453 0.433594 0.565430 0.433594 0.567383 0.435547 0.568359 0.435547 0.570312 0.437500 0.571289 0.437500 0.573242 0.439453 0.574219 0.439453 0.577148 0.442383 0.579102 0.442383 0.586914 0.434570 0.586914 0.433594 0.587891 0.432617 0.585938 0.430664 0.585938 0.429688 0.587891 0.427734 0.588867 0.427734 0.590820 0.429688 0.591797 0.428711 0.591797 0.426758 0.592773 0.425781 0.592773 0.423828 0.593750 0.422852 0.593750 0.420898 0.594727 0.419922 0.594727 0.416992 0.595703 0.416016 0.593750 0.414062 0.592773 0.414062 0.590820 0.412109 0.589844 0.412109 0.587891 0.410156 0.586914 0.410156 0.584961 0.408203 0.583984 0.408203 0.582031 0.406250 0.581055 0.406250 0.579102 0.404297 0.578125 0.404297
1 0.586914 0.429688 0.586914 0.430664 0.587891 0.431641 0.588867 0.431641 0.590820 0.433594 0.591797 0.433594 0.593750 0.435547 0.594727 0.435547 0.596680 0.437500 0.597656 0.437500 0.598633 0.438477 0.599609 0.438477 0.600586 0.437500 0.600586 0.436523 0.599609 0.436523 0.597656 0.434570 0.596680 0.434570 0.594727 0.432617 0.593750 0.432617 0.591797 0.430664 0.590820 0.430664 0.588867 0.428711 0.587891 0.428711
0 0.252930 0.302734 0.249023 0.306641 0.249023 0.307617 0.244141 0.312500 0.244141 0.313477 0.239258 0.318359 0.239258 0.319336 0.237305 0.321289 0.237305 0.323242 0.236328 0.324219 0.236328 0.325195 0.237305 0.326172 0.238281 0.326172 0.242188 0.330078 0.243164 0.330078 0.247070 0.333984 0.248047 0.333984 0.251953 0.337891 0.252930 0.337891 0.255859 0.340820 0.255859 0.339844 0.260742 0.334961 0.260742 0.333984 0.266602 0.328125 0.266602 0.327148 0.270508 0.323242 0.270508 0.321289 0.271484 0.320312 0.271484 0.318359 0.266602 0.313477 0.265625 0.313477 0.261719 0.309570 0.260742 0.309570 0.256836 0.305664 0.255859 0.305664
0 0.691406 0.582031 0.685547 0.587891 0.684570 0.587891 0.678711 0.593750 0.677734 0.593750 0.676758 0.594727 0.677734 0.595703 0.677734 0.596680 0.678711 0.597656 0.678711 0.598633 0.679688 0.599609 0.679688 0.600586 0.681641 0.602539 0.681641 0.603516 0.682617 0.604492 0.682617 0.605469 0.683594 0.606445 0.683594 0.607422 0.685547 0.609375 0.685547 0.610352 0.686523 0.611328 0.686523 0.612305 0.687500 0.613281 0.694336 0.613281 0.695312 0.614258 0.702148 0.614258 0.708008 0.608398 0.708984 0.608398 0.716797 0.600586 0.714844 0.598633 0.714844 0.597656 0.713867 0.596680 0.713867 0.595703 0.712891 0.594727 0.712891 0.593750 0.711914 0.592773 0.711914 0.591797 0.709961 0.589844 0.709961 0.588867 0.708984 0.587891 0.708984 0.586914 0.708008 0.585938 0.708008 0.584961 0.707031 0.583984 0.707031 0.583008 0.706055 0.582031
1 0.705078 0.612305 0.704102 0.613281 0.704102 0.614258 0.705078 0.615234 0.705078 0.616211 0.707031 0.618164 0.707031 0.619141 0.708984 0.621094 0.709961 0.620117 0.709961 0.619141 0.708984 0.618164 0.708984 0.617188 0.708008 0.616211 0.708008 0.615234 0.707031 0.614258 0.707031 0.613281 0.706055 0.612305
0 0.540039 0.480469 0.540039 0.482422 0.539062 0.483398 0.539062 0.485352 0.538086 0.486328 0.538086 0.488281 0.537109 0.489258 0.537109 0.491211 0.536133 0.492188 0.536133 0.494141 0.535156 0.495117 0.535156 0.497070 0.534180 0.498047 0.534180 0.499023 0.535156 0.500000 0.536133 0.500000 0.537109 0.500977 0.538086 0.500977 0.539062 0.501953 0.541016 0.501953 0.541992 0.502930 0.543945 0.502930 0.544922 0.503906 0.546875 0.503906 0.547852 0.504883 0.549805 0.504883 0.550781 0.505859 0.552734 0.505859 0.553711 0.506836 0.555664 0.506836 0.556641 0.507812 0.559570 0.507812 0.559570 0.506836 0.560547 0.505859 0.560547 0.503906 0.561523 0.502930 0.561523 0.500977 0.562500 0.500000 0.562500 0.498047 0.563477 0.497070 0.563477 0.495117 0.564453 0.494141 0.564453 0.492188 0.565430 0.491211 0.565430 0.489258 0.564453 0.488281 0.562500 0.488281 0.561523 0.487305 0.559570 0.487305 0.558594 0.486328 0.557617 0.486328 0.556641 0.485352 0.553711 0.485352 0.552734 0.484375 0.550781 0.484375 0.549805 0.483398 0.546875 0.483398 0.545898 0.482422 0.543945 0.482422 0.542969 0.481445 0.541992 0.481445 0.541016 0.480469
1 0.553711 0.495117 0.553711 0.497070 0.555664 0.497070 0.556641 0.498047 0.557617 0.498047 0.558594 0.499023 0.560547 0.499023 0.560547 0.498047 0.559570 0.498047 0.558594 0.497070 0.557617 0.497070 0.556641 0.496094 0.554688 0.496094
