0 0.533958 0.487119 0.516393 0.504684 0.516393 0.511710 0.531616 0.526932 0.532787 0.526932 0.535129 0.529274 0.543326 0.521077 0.544496 0.521077 0.553864 0.511710 0.553864 0.510539 0.552693 0.509368 0.552693 0.504684 0.546838 0.498829 0.545667 0.498829
0 0.229508 0.495316 0.229508 0.498829 0.228337 0.500000 0.228337 0.507026 0.227166 0.508197 0.227166 0.515222 0.225995 0.516393 0.225995 0.517564 0.229508 0.517564 0.230679 0.518735 0.236534 0.518735 0.237705 0.519906 0.244731 0.519906 0.245902 0.521077 0.256440 0.521077 0.256440 0.514052 0.257611 0.512881 0.257611 0.511710 0.254098 0.511710 0.252927 0.510539 0.252927 0.509368 0.254098 0.508197 0.257611 0.508197 0.257611 0.505855 0.258782 0.504684 0.258782 0.498829 0.256440 0.498829 0.255269 0.497658 0.248244 0.497658 0.247073 0.496487 0.240047 0.496487 0.238876 0.495316
1 0.254098 0.509368 0.254098 0.510539 0.257611 0.510539 0.258782 0.511710 0.265808 0.511710 0.266979 0.512881 0.268150 0.512881 0.268150 0.511710 0.266979 0.510539 0.259953 0.510539 0.258782 0.509368
0 0.398126 0.275176 0.398126 0.276347 0.396956 0.277518 0.396956 0.278689 0.395785 0.279859 0.395785 0.281030 0.394614 0.282201 0.394614 0.283372 0.393443 0.284543 0.393443 0.286885 0.392272 0.288056 0.392272 0.289227 0.391101 0.290398 0.391101 0.291569 0.389930 0.292740 0.389930 0.293911 0.388759 0.295082 0.388759 0.297424 0.396956 0.305621 0.398126 0.305621 0.403981 0.311475 0.421546 0.311475 0.421546 0.310304 0.422717 0.309133 0.422717 0.307963 0.423888 0.306792 0.423888 0.305621 0.425059 0.304450 0.425059 0.303279 0.426230 0.302108 0.426230 0.300937 0.427400 0.299766 0.427400 0.298595 0.428571 0.297424 0.428571 0.296253 0.429742 0.295082 0.429742 0.293911 0.430913 0.292740 0.430913 0.291569 0.432084 0.290398 0.432084 0.289227 0.427400 0.284543 0.426230 0.284543 0.416862 0.275176
0 0.258782 0.340749 0.255269 0.340749 0.254098 0.341920 0.248244 0.341920 0.247073 0.343091 0.242389 0.343091 0.241218 0.344262 0.236534 0.344262 0.235363 0.345433 0.229508 0.345433 0.228337 0.346604 0.223653 0.346604 0.222482 0.347775 0.220141 0.347775 0.220141 0.357143 0.221311 0.358314 0.221311 0.367681 0.222482 0.368852 0.222482 0.379391 0.223653 0.380562 0.223653 0.386417 0.224824 0.387588 0.225995 0.387588 0.231850 0.393443 0.233021 0.393443 0.235363 0.395785 0.240047 0.395785 0.241218 0.394614 0.247073 0.394614 0.248244 0.393443 0.252927 0.393443 0.254098 0.392272 0.258782 0.392272 0.259953 0.391101 0.265808 0.391101 0.266979 0.389930 0.271663 0.389930 0.272834 0.388759 0.272834 0.380562 0.271663 0.379391 0.271663 0.371194 0.270492 0.370023 0.270492 0.360656 0.269321 0.359485 0.269321 0.352459 0.262295 0.345433 0.262295 0.344262
1 0.221311 0.371194 0.220141 0.371194 0.218970 0.372365 0.214286 0.372365 0.213115 0.373536 0.208431 0.373536 0.207260 0.374707 0.201405 0.374707 0.201405 0.378220 0.202576 0.379391 0.203747 0.379391 0.204918 0.378220 0.209602 0.378220 0.210773 0.377049 0.215457 0.377049 0.216628 0.375878 0.221311 0.375878
0 0.518735 0.365340 0.515222 0.368852 0.514052 0.368852 0.504684 0.378220 0.503513 0.378220 0.502342 0.379391 0.504684 0.381733 0.504684 0.382904 0.509368 0.387588 0.509368 0.388759 0.523419 0.402810 0.532787 0.393443 0.533958 0.393443 0.538642 0.388759 0.538642 0.387588 0.537471 0.386417 0.537471 0.385246 0.533958 0.381733 0.533958 0.380562
1 0.370023 0.411007 0.368852 0.409836 0.367681 0.411007 0.366511 0.411007 0.364169 0.413349 0.366511 0.413349 0.367681 0.412178 0.368852 0.412178
0 0.358314 0.401639 0.357143 0.402810 0.355972 0.402810 0.354801 0.403981 0.353630 0.403981 0.352459 0.405152 0.350117 0.405152 0.348946 0.406323 0.347775 0.406323 0.346604 0.407494 0.345433 0.407494 0.344262 0.408665 0.343091 0.408665 0.341920 0.409836 0.340749 0.409836 0.339578 0.411007 0.338407 0.411007 0.337237 0.412178 0.336066 0.412178 0.334895 0.413349 0.334895 0.415691 0.336066 0.416862 0.336066 0.418033 0.337237 0.419204 0.337237 0.420375 0.338407 0.421546 0.338407 0.422717 0.339578 0.423888 0.339578 0.425059 0.340749 0.426230 0.340749 0.427400 0.341920 0.428571 0.341920 0.430913 0.343091 0.432084 0.343091 0.433255 0.344262 0.434426 0.344262 0.435597 0.345433 0.436768 0.346604 0.435597 0.347775 0.435597 0.348946 0.434426 0.350117 0.434426 0.351288 0.433255 0.352459 0.433255 0.353630 0.432084 0.354801 0.432084 0.355972 0.430913 0.357143 0.430913 0.358314 0.429742 0.359485 0.429742 0.360656 0.428571 0.361827 0.428571 0.362998 0.427400 0.365340 0.427400 0.366511 0.426230 0.367681 0.426230 0.367681 0.425059 0.368852 0.423888 0.367681 0.422717 0.367681 0.421546 0.366511 0.420375 0.366511 0.419204 0.365340 0.418033 0.365340 0.416862 0.361827 0.413349 0.361827 0.409836 0.360656 0.408665 0.360656 0.407494 0.359485 0.406323 0.359485 0.403981 0.358314 0.402810
1 0.362998 0.412178 0.362998 0.413349 0.364169 0.414520 0.362998 0.413349 0.364169 0.412178
1 0.378220 0.407494 0.377049 0.406323 0.375878 0.406323 0.374707 0.407494 0.373536 0.407494 0.372365 0.408665 0.371194 0.408665 0.370023 0.409836 0.371194 0.411007 0.372365 0.409836 0.373536 0.409836 0.374707 0.408665 0.375878 0.408665 0.377049 0.407494
