0 0.408190 0.250991 0.408190 0.252312 0.406869 0.253633 0.406869 0.254954 0.405548 0.256275 0.405548 0.257596 0.404227 0.258917 0.404227 0.260238 0.402906 0.261559 0.402906 0.262880 0.401585 0.264201 0.401585 0.265522 0.400264 0.266843 0.400264 0.268164 0.398943 0.269485 0.398943 0.270806 0.397622 0.272127 0.397622 0.273448 0.396301 0.274769 0.396301 0.276090 0.394980 0.277411 0.394980 0.278732 0.393659 0.280053 0.393659 0.281374 0.392338 0.282695 0.392338 0.284016 0.391017 0.285337 0.391017 0.289300 0.393659 0.291942 0.393659 0.293263 0.398943 0.298547 0.400264 0.298547 0.401585 0.299868 0.402906 0.299868 0.404227 0.301189 0.405548 0.301189 0.406869 0.302510 0.408190 0.302510 0.409511 0.303831 0.410832 0.303831 0.412153 0.305152 0.413474 0.305152 0.414795 0.306473 0.416116 0.306473 0.417437 0.307794 0.418758 0.307794 0.420079 0.309115 0.421400 0.309115 0.422721 0.310436 0.424042 0.310436 0.426684 0.313078 0.428005 0.313078 0.429326 0.314399 0.430647 0.314399 0.431968 0.315720 0.433289 0.314399 0.433289 0.313078 0.434610 0.311757 0.434610 0.310436 0.435931 0.309115 0.435931 0.307794 0.437252 0.306473 0.437252 0.305152 0.438573 0.303831 0.438573 0.302510 0.439894 0.301189 0.439894 0.299868 0.441215 0.298547 0.441215 0.297226 0.442536 0.295905 0.442536 0.294584 0.443857 0.293263 0.443857 0.291942 0.446499 0.289300 0.446499 0.287979 0.447820 0.286658 0.447820 0.285337 0.449141 0.284016 0.449141 0.282695 0.450462 0.281374 0.450462 0.280053 0.451783 0.278732 0.441215 0.268164 0.439894 0.268164 0.438573 0.266843 0.437252 0.266843 0.435931 0.265522 0.434610 0.265522 0.433289 0.264201 0.431968 0.264201 0.430647 0.262880 0.429326 0.262880 0.426684 0.260238 0.425363 0.260238 0.424042 0.258917 0.422721 0.258917 0.421400 0.257596 0.420079 0.257596 0.418758 0.256275 0.417437 0.256275 0.416116 0.254954 0.414795 0.254954 0.412153 0.252312 0.410832 0.252312 0.409511 0.250991
1 0.424042 0.285337 0.422721 0.286658 0.422721 0.289300 0.425363 0.291942 0.425363 0.293263 0.428005 0.295905 0.430647 0.295905 0.430647 0.294584 0.431968 0.293263 0.428005 0.289300 0.428005 0.287979 0.426684 0.287979
0 0.652576 0.614267 0.649934 0.614267 0.648613 0.615588 0.643329 0.615588 0.642008 0.616909 0.638045 0.616909 0.636724 0.618230 0.631440 0.618230 0.630119 0.619551 0.624835 0.619551 0.623514 0.620872 0.620872 0.620872 0.619551 0.622193 0.619551 0.623514 0.616909 0.626156 0.616909 0.627477 0.615588 0.628798 0.615588 0.630119 0.616909 0.631440 0.616909 0.635403 0.618230 0.636724 0.618230 0.640687 0.619551 0.642008 0.619551 0.644650 0.620872 0.645971 0.620872 0.649934 0.622193 0.651255 0.622193 0.655218 0.623514 0.656539 0.623514 0.659181 0.627477 0.659181 0.628798 0.657860 0.634082 0.657860 0.635403 0.656539 0.639366 0.656539 0.640687 0.655218 0.645971 0.655218 0.647292 0.653897 0.651255 0.653897 0.652576 0.652576 0.655218 0.652576 0.656539 0.651255 0.656539 0.649934 0.660502 0.645971 0.660502 0.643329 0.659181 0.642008 0.659181 0.638045 0.657860 0.636724 0.657860 0.634082 0.656539 0.632761 0.656539 0.628798 0.655218 0.627477 0.655218 0.623514 0.653897 0.622193 0.653897 0.619551 0.652576 0.618230
1 0.675033 0.627477 0.673712 0.627477 0.672391 0.628798 0.667107 0.628798 0.665786 0.630119 0.661823 0.630119 0.660502 0.631440 0.657860 0.631440 0.657860 0.632761 0.659181 0.634082 0.660502 0.634082 0.661823 0.632761 0.665786 0.632761 0.667107 0.631440 0.672391 0.631440 0.673712 0.630119 0.675033 0.630119
0 0.261559 0.549538 0.260238 0.550859 0.260238 0.554822 0.258917 0.556143 0.258917 0.561427 0.257596 0.562748 0.257596 0.566711 0.256275 0.568032 0.256275 0.573316 0.254954 0.574637 0.254954 0.577279 0.257596 0.579921 0.257596 0.581242 0.261559 0.585205 0.266843 0.585205 0.268164 0.586526 0.276090 0.586526 0.277411 0.587847 0.284016 0.587847 0.285337 0.589168 0.290621 0.589168 0.290621 0.583884 0.291942 0.582563 0.291942 0.577279 0.293263 0.575958 0.293263 0.574637 0.290621 0.574637 0.289300 0.573316 0.289300 0.570674 0.290621 0.569353 0.294584 0.569353 0.294584 0.568032 0.293263 0.566711 0.293263 0.565390 0.291942 0.564069 0.294584 0.561427 0.294584 0.560106 0.293263 0.558785 0.293263 0.557464 0.289300 0.553501 0.285337 0.553501 0.284016 0.552180 0.277411 0.552180 0.276090 0.550859 0.268164 0.550859 0.266843 0.549538
1 0.305152 0.573316 0.306473 0.574637 0.306473 0.575958 0.309115 0.575958 0.309115 0.573316
1 0.290621 0.570674 0.290621 0.573316 0.297226 0.573316 0.294584 0.570674
0 0.331572 0.229855 0.330251 0.231176 0.328930 0.231176 0.322325 0.237781 0.321004 0.237781 0.315720 0.243065 0.314399 0.243065 0.307794 0.249670 0.306473 0.249670 0.305152 0.250991 0.305152 0.253633 0.306473 0.254954 0.306473 0.257596 0.307794 0.258917 0.307794 0.260238 0.309115 0.261559 0.309115 0.262880 0.311757 0.265522 0.311757 0.266843 0.318362 0.273448 0.318362 0.274769 0.324967 0.281374 0.324967 0.282695 0.330251 0.287979 0.332893 0.287979 0.338177 0.282695 0.339498 0.282695 0.346103 0.276090 0.347424 0.276090 0.352708 0.270806 0.354029 0.270806 0.356671 0.268164 0.356671 0.266843 0.355350 0.265522 0.355350 0.262880 0.354029 0.261559 0.354029 0.257596 0.351387 0.254954 0.351387 0.253633 0.344782 0.247028 0.344782 0.245707 0.339498 0.240423 0.339498 0.239102 0.332893 0.232497 0.332893 0.231176
1 0.730515 0.381770 0.731836 0.383091 0.733157 0.383091 0.735799 0.385733 0.737120 0.385733 0.735799 0.385733 0.733157 0.383091 0.731836 0.383091
1 0.725231 0.372523 0.726552 0.373844 0.726552 0.375165 0.726552 0.373844
1 0.363276 0.235139 0.361955 0.233818 0.359313 0.233818 0.352708 0.240423 0.351387 0.240423 0.346103 0.245707 0.346103 0.247028 0.347424 0.248349 0.348745 0.248349 0.355350 0.241744 0.356671 0.241744 0.361955 0.236460 0.363276 0.236460
0 0.729194 0.367239 0.729194 0.368560 0.727873 0.369881 0.727873 0.373844 0.729194 0.373844 0.733157 0.377807 0.734478 0.377807 0.739762 0.383091 0.738441 0.384412 0.738441 0.385733 0.737120 0.387054 0.735799 0.387054 0.734478 0.385733 0.733157 0.385733 0.727873 0.380449 0.726552 0.380449 0.725231 0.379128 0.723910 0.380449 0.723910 0.383091 0.722589 0.384412 0.722589 0.387054 0.721268 0.388375 0.721268 0.391017 0.719947 0.392338 0.719947 0.393659 0.718626 0.394980 0.718626 0.397622 0.717305 0.398943 0.717305 0.400264 0.718626 0.401585 0.719947 0.401585 0.723910 0.405548 0.725231 0.405548 0.727873 0.408190 0.729194 0.408190 0.733157 0.412153 0.734478 0.412153 0.737120 0.414795 0.754293 0.414795 0.755614 0.416116 0.764861 0.416116 0.764861 0.414795 0.766182 0.413474 0.766182 0.410832 0.767503 0.409511 0.767503 0.406869 0.768824 0.405548 0.768824 0.402906 0.770145 0.401585 0.770145 0.398943 0.771466 0.397622 0.771466 0.396301 0.772787 0.394980 0.772787 0.392338 0.774108 0.391017 0.774108 0.388375 0.775429 0.387054 0.775429 0.383091 0.771466 0.379128 0.770145 0.379128 0.764861 0.373844 0.763540 0.373844 0.758256 0.368560 0.739762 0.368560 0.738441 0.367239
1 0.733157 0.772787 0.735799 0.775429 0.738441 0.775429 0.739762 0.776750 0.738441 0.775429 0.739762 0.774108 0.737120 0.774108 0.735799 0.772787
1 0.722589 0.372523 0.722589 0.375165 0.723910 0.375165 0.729194 0.380449 0.730515 0.380449 0.731836 0.381770 0.733157 0.381770 0.734478 0.383091 0.733157 0.384412 0.734478 0.383091 0.735799 0.384412 0.737120 0.384412 0.737120 0.381770 0.734478 0.379128 0.733157 0.379128 0.729194 0.375165 0.727873 0.375165 0.726552 0.376486 0.725231 0.375165 0.725231 0.373844 0.723910 0.372523
0 0.701453 0.749009 0.701453 0.756935 0.700132 0.758256 0.700132 0.766182 0.698811 0.767503 0.698811 0.775429 0.697490 0.776750 0.697490 0.778071 0.698811 0.779392 0.700132 0.779392 0.701453 0.780713 0.704095 0.780713 0.705416 0.782034 0.706737 0.782034 0.708058 0.783355 0.709379 0.783355 0.710700 0.784676 0.712021 0.784676 0.713342 0.785997 0.714663 0.785997 0.715984 0.787318 0.718626 0.787318 0.719947 0.788639 0.721268 0.788639 0.722589 0.787318 0.730515 0.787318 0.731836 0.785997 0.739762 0.785997 0.742404 0.783355 0.742404 0.779392 0.741083 0.778071 0.739762 0.778071 0.738441 0.776750 0.735799 0.776750 0.734478 0.775429 0.733157 0.775429 0.731836 0.774108 0.731836 0.771466 0.733157 0.770145 0.735799 0.770145 0.737120 0.771466 0.739762 0.771466 0.741083 0.772787 0.742404 0.772787 0.743725 0.774108 0.743725 0.767503 0.745046 0.766182 0.745046 0.758256 0.746367 0.756935 0.746367 0.755614 0.745046 0.755614 0.743725 0.754293 0.741083 0.754293 0.739762 0.752972 0.738441 0.752972 0.737120 0.751651 0.734478 0.751651 0.733157 0.750330 0.731836 0.750330 0.730515 0.749009 0.727873 0.749009 0.726552 0.747688 0.725231 0.747688 0.723910 0.746367 0.721268 0.746367 0.719947 0.747688 0.710700 0.747688 0.709379 0.749009
1 0.733157 0.771466 0.735799 0.771466 0.737120 0.772787 0.739762 0.772787 0.741083 0.774108 0.739762 0.775429 0.742404 0.778071 0.743725 0.778071 0.745046 0.779392 0.749009 0.779392 0.749009 0.776750 0.746367 0.776750 0.745046 0.775429 0.743725 0.775429 0.742404 0.774108 0.741083 0.774108 0.739762 0.772787 0.737120 0.772787 0.735799 0.771466
0 0.483487 0.537649 0.476882 0.537649 0.475561 0.538970 0.470277 0.538970 0.468956 0.540291 0.467635 0.540291 0.464993 0.542933 0.463672 0.542933 0.458388 0.548217 0.457067 0.548217 0.450462 0.554822 0.449141 0.554822 0.442536 0.561427 0.441215 0.561427 0.437252 0.565390 0.438573 0.566711 0.438573 0.568032 0.442536 0.571995 0.442536 0.573316 0.446499 0.577279 0.446499 0.578600 0.449141 0.581242 0.449141 0.582563 0.453104 0.586526 0.453104 0.587847 0.457067 0.591810 0.457067 0.593131 0.461030 0.597094 0.461030 0.598415 0.476882 0.598415 0.482166 0.593131 0.483487 0.593131 0.490092 0.586526 0.491413 0.586526 0.499339 0.578600 0.500661 0.578600 0.507266 0.571995 0.508587 0.571995 0.507266 0.570674 0.507266 0.569353 0.504624 0.566711 0.504624 0.565390 0.500661 0.561427 0.500661 0.560106 0.496697 0.556143 0.496697 0.554822 0.494055 0.552180 0.494055 0.550859 0.490092 0.546896 0.490092 0.545575 0.487450 0.542933 0.487450 0.541612
0 0.336856 0.575958 0.330251 0.575958 0.328930 0.577279 0.322325 0.577279 0.321004 0.578600 0.313078 0.578600 0.311757 0.579921 0.305152 0.579921 0.303831 0.581242 0.302510 0.581242 0.299868 0.583884 0.298547 0.583884 0.282695 0.599736 0.281374 0.599736 0.278732 0.602378 0.280053 0.603699 0.280053 0.605020 0.281374 0.606341 0.281374 0.607662 0.282695 0.608983 0.282695 0.610304 0.284016 0.611625 0.284016 0.612946 0.285337 0.614267 0.285337 0.616909 0.286658 0.618230 0.286658 0.619551 0.287979 0.620872 0.287979 0.622193 0.289300 0.623514 0.289300 0.624835 0.290621 0.626156 0.290621 0.627477 0.291942 0.628798 0.291942 0.631440 0.293263 0.632761 0.293263 0.634082 0.294584 0.635403 0.294584 0.636724 0.295905 0.638045 0.295905 0.639366 0.297226 0.640687 0.297226 0.642008 0.298547 0.642008 0.299868 0.640687 0.305152 0.640687 0.306473 0.639366 0.311757 0.639366 0.313078 0.638045 0.318362 0.638045 0.319683 0.636724 0.324967 0.636724 0.326288 0.635403 0.330251 0.635403 0.331572 0.634082 0.332893 0.634082 0.339498 0.627477 0.340819 0.627477 0.347424 0.620872 0.348745 0.620872 0.355350 0.614267 0.354029 0.612946 0.354029 0.610304 0.352708 0.608983 0.352708 0.607662 0.351387 0.606341 0.351387 0.605020 0.350066 0.603699 0.350066 0.602378 0.348745 0.601057 0.348745 0.599736 0.347424 0.598415 0.347424 0.597094 0.346103 0.595773 0.346103 0.594452 0.344782 0.593131 0.344782 0.591810 0.343461 0.590489 0.343461 0.587847 0.342140 0.586526 0.342140 0.585205 0.340819 0.583884 0.340819 0.582563 0.339498 0.581242 0.339498 0.579921 0.338177 0.578600 0.338177 0.577279
1 0.295905 0.561427 0.293263 0.564069 0.294584 0.565390 0.294584 0.566711 0.295905 0.568032 0.295905 0.569353 0.297226 0.570674 0.297226 0.571995 0.298547 0.573316 0.298547 0.574637 0.299868 0.575958 0.299868 0.577279 0.301189 0.578600 0.301189 0.581242 0.302510 0.579921 0.303831 0.579921 0.305152 0.578600 0.306473 0.578600 0.305152 0.577279 0.305152 0.574637 0.303831 0.573316 0.303831 0.571995 0.302510 0.570674 0.302510 0.569353 0.301189 0.568032 0.301189 0.566711 0.299868 0.565390 0.299868 0.564069 0.298547 0.562748 0.298547 0.561427
0 0.501982 0.735799 0.498018 0.739762 0.496697 0.739762 0.494055 0.742404 0.492734 0.742404 0.488771 0.746367 0.487450 0.746367 0.483487 0.750330 0.482166 0.750330 0.478203 0.754293 0.476882 0.754293 0.475561 0.755614 0.475561 0.758256 0.476882 0.759577 0.476882 0.760898 0.479524 0.763540 0.479524 0.764861 0.480845 0.766182 0.480845 0.767503 0.483487 0.770145 0.483487 0.771466 0.484808 0.772787 0.484808 0.774108 0.487450 0.776750 0.487450 0.778071 0.488771 0.779392 0.488771 0.780713 0.496697 0.788639 0.498018 0.788639 0.503303 0.793923 0.504624 0.792602 0.505945 0.792602 0.508587 0.789960 0.509908 0.789960 0.512550 0.787318 0.512550 0.785997 0.511229 0.784676 0.511229 0.783355 0.509908 0.782034 0.509908 0.780713 0.508587 0.779392 0.508587 0.778071 0.509908 0.776750 0.512550 0.776750 0.515192 0.779392 0.515192 0.780713 0.516513 0.782034 0.516513 0.783355 0.517834 0.783355 0.519155 0.782034 0.520476 0.782034 0.523118 0.779392 0.524439 0.779392 0.528402 0.775429 0.529723 0.775429 0.531044 0.774108 0.529723 0.772787 0.529723 0.771466 0.528402 0.770145 0.528402 0.768824 0.525760 0.766182 0.525760 0.764861 0.523118 0.762219 0.523118 0.760898 0.520476 0.758256 0.520476 0.756935 0.519155 0.755614 0.519155 0.754293 0.516513 0.751651 0.516513 0.750330
1 0.509908 0.778071 0.509908 0.779392 0.511229 0.780713 0.511229 0.782034 0.512550 0.783355 0.512550 0.784676 0.515192 0.787318 0.515192 0.788639 0.517834 0.791281 0.517834 0.792602 0.519155 0.793923 0.519155 0.795244 0.520476 0.796565 0.521797 0.796565 0.523118 0.795244 0.521797 0.793923 0.521797 0.792602 0.517834 0.788639 0.517834 0.785997 0.515192 0.783355 0.515192 0.782034 0.512550 0.779392 0.512550 0.778071
1 0.110964 0.516513 0.112285 0.517834 0.113606 0.516513 0.112285 0.517834
0 0.113606 0.491413 0.110964 0.494055 0.109643 0.494055 0.105680 0.498018 0.104359 0.498018 0.100396 0.501982 0.099075 0.501982 0.095112 0.505945 0.093791 0.505945 0.089828 0.509908 0.088507 0.509908 0.081902 0.516513 0.081902 0.517834 0.079260 0.520476 0.079260 0.521797 0.087186 0.529723 0.087186 0.531044 0.096433 0.540291 0.096433 0.541612 0.104359 0.549538 0.107001 0.546896 0.108322 0.546896 0.112285 0.542933 0.113606 0.542933 0.118890 0.537649 0.120211 0.537649 0.124174 0.533686 0.125495 0.533686 0.130779 0.528402 0.132100 0.528402 0.137384 0.523118 0.137384 0.521797 0.138705 0.520476 0.137384 0.519155 0.137384 0.517834 0.129458 0.509908 0.129458 0.508587 0.120211 0.499339 0.120211 0.498018
1 0.116248 0.509908 0.114927 0.511229 0.113606 0.511229 0.113606 0.512550 0.109643 0.516513 0.112285 0.519155 0.117569 0.513871 0.117569 0.511229
