0 0.490234 0.378906 0.489258 0.379883 0.487305 0.379883 0.486328 0.380859 0.484375 0.380859 0.483398 0.381836 0.481445 0.381836 0.480469 0.382812 0.478516 0.382812 0.477539 0.383789 0.475586 0.383789 0.474609 0.384766 0.472656 0.384766 0.471680 0.385742 0.469727 0.385742 0.469727 0.386719 0.468750 0.387695 0.468750 0.389648 0.467773 0.390625 0.467773 0.393555 0.466797 0.394531 0.466797 0.396484 0.465820 0.397461 0.465820 0.399414 0.464844 0.400391 0.464844 0.403320 0.463867 0.404297 0.463867 0.406250 0.462891 0.407227 0.462891 0.411133 0.463867 0.411133 0.466797 0.414062 0.467773 0.414062 0.470703 0.416992 0.471680 0.416992 0.474609 0.419922 0.475586 0.419922 0.479492 0.423828 0.480469 0.423828 0.481445 0.424805 0.484375 0.424805 0.485352 0.423828 0.488281 0.423828 0.489258 0.422852 0.492188 0.422852 0.493164 0.421875 0.495117 0.421875 0.496094 0.420898 0.499023 0.420898 0.500000 0.419922 0.502930 0.419922 0.502930 0.417969 0.503906 0.416992 0.503906 0.415039 0.504883 0.414062 0.504883 0.411133 0.505859 0.410156 0.505859 0.407227 0.506836 0.406250 0.506836 0.403320 0.507812 0.402344 0.507812 0.399414 0.508789 0.398438 0.508789 0.396484 0.509766 0.395508 0.504883 0.390625 0.503906 0.390625 0.500000 0.386719 0.499023 0.386719 0.494141 0.381836 0.493164 0.381836
1 0.494141 0.373047 0.493164 0.374023 0.492188 0.374023 0.492188 0.375977 0.491211 0.376953 0.491211 0.378906 0.493164 0.380859 0.494141 0.380859 0.494141 0.377930 0.495117 0.376953 0.495117 0.374023
0 0.398438 0.511719 0.392578 0.517578 0.391602 0.517578 0.391602 0.525391 0.390625 0.526367 0.390625 0.534180 0.389648 0.535156 0.389648 0.537109 0.390625 0.537109 0.391602 0.538086 0.394531 0.538086 0.395508 0.539062 0.398438 0.539062 0.399414 0.540039 0.403320 0.540039 0.404297 0.541016 0.407227 0.541016 0.408203 0.541992 0.410156 0.541992 0.416016 0.536133 0.416016 0.535156 0.416992 0.534180 0.416992 0.527344 0.417969 0.526367 0.417969 0.518555 0.418945 0.517578 0.418945 0.515625 0.416992 0.515625 0.416016 0.514648 0.412109 0.514648 0.411133 0.513672 0.408203 0.513672 0.407227 0.512695 0.403320 0.512695 0.402344 0.511719
1 0.380859 0.520508 0.380859 0.522461 0.383789 0.522461 0.384766 0.523438 0.388672 0.523438 0.389648 0.524414 0.390625 0.524414 0.390625 0.522461 0.389648 0.522461 0.388672 0.521484 0.384766 0.521484 0.383789 0.520508
0 0.595703 0.685547 0.594727 0.686523 0.593750 0.686523 0.591797 0.688477 0.590820 0.688477 0.589844 0.689453 0.588867 0.689453 0.586914 0.691406 0.585938 0.691406 0.583008 0.694336 0.583008 0.696289 0.582031 0.697266 0.582031 0.699219 0.581055 0.700195 0.581055 0.702148 0.580078 0.703125 0.580078 0.705078 0.579102 0.706055 0.579102 0.708008 0.578125 0.708984 0.578125 0.710938 0.577148 0.711914 0.577148 0.713867 0.578125 0.714844 0.579102 0.714844 0.581055 0.716797 0.582031 0.716797 0.583984 0.718750 0.584961 0.718750 0.585938 0.719727 0.586914 0.719727 0.588867 0.721680 0.589844 0.721680 0.591797 0.723633 0.592773 0.723633 0.593750 0.724609 0.594727 0.724609 0.596680 0.726562 0.597656 0.726562 0.598633 0.725586 0.599609 0.725586 0.602539 0.722656 0.603516 0.722656 0.605469 0.720703 0.606445 0.720703 0.610352 0.716797 0.610352 0.714844 0.611328 0.713867 0.611328 0.711914 0.612305 0.710938 0.612305 0.708984 0.613281 0.708008 0.613281 0.706055 0.614258 0.705078 0.614258 0.703125 0.615234 0.702148 0.615234 0.700195 0.616211 0.699219 0.616211 0.697266 0.615234 0.697266 0.613281 0.695312 0.612305 0.695312 0.611328 0.694336 0.610352 0.694336 0.608398 0.692383 0.607422 0.692383 0.606445 0.691406 0.605469 0.691406 0.603516 0.689453 0.602539 0.689453 0.601562 0.688477 0.600586 0.688477 0.598633 0.686523 0.597656 0.686523 0.596680 0.685547
1 0.572266 0.690430 0.572266 0.692383 0.573242 0.692383 0.575195 0.694336 0.576172 0.694336 0.578125 0.696289 0.579102 0.696289 0.580078 0.697266 0.581055 0.697266 0.582031 0.696289 0.582031 0.695312 0.581055 0.694336 0.580078 0.694336 0.578125 0.692383 0.577148 0.692383 0.576172 0.691406 0.575195 0.691406 0.574219 0.690430
0 0.475586 0.561523 0.475586 0.563477 0.474609 0.564453 0.474609 0.567383 0.473633 0.568359 0.473633 0.571289 0.472656 0.572266 0.472656 0.574219 0.471680 0.575195 0.471680 0.577148 0.472656 0.577148 0.473633 0.578125 0.474609 0.578125 0.476562 0.580078 0.475586 0.581055 0.475586 0.582031 0.474609 0.583008 0.472656 0.583008 0.471680 0.582031 0.469727 0.582031 0.469727 0.584961 0.468750 0.585938 0.468750 0.587891 0.467773 0.588867 0.467773 0.590820 0.468750 0.591797 0.468750 0.592773 0.470703 0.594727 0.470703 0.595703 0.472656 0.597656 0.472656 0.598633 0.474609 0.600586 0.475586 0.600586 0.476562 0.601562 0.480469 0.601562 0.481445 0.602539 0.485352 0.602539 0.486328 0.603516 0.490234 0.603516 0.491211 0.604492 0.496094 0.604492 0.497070 0.605469 0.500977 0.605469 0.501953 0.606445 0.504883 0.606445 0.505859 0.605469 0.505859 0.602539 0.506836 0.601562 0.506836 0.599609 0.507812 0.598633 0.507812 0.595703 0.508789 0.594727 0.508789 0.592773 0.509766 0.591797 0.509766 0.588867 0.510742 0.587891 0.510742 0.585938 0.511719 0.584961 0.511719 0.582031 0.512695 0.581055 0.512695 0.579102 0.513672 0.578125 0.513672 0.576172 0.509766 0.572266 0.509766 0.571289 0.505859 0.567383 0.504883 0.567383 0.503906 0.566406 0.500000 0.566406 0.499023 0.565430 0.495117 0.565430 0.494141 0.564453 0.490234 0.564453 0.489258 0.563477 0.486328 0.563477 0.485352 0.562500 0.481445 0.562500 0.480469 0.561523
1 0.454102 0.576172 0.454102 0.578125 0.457031 0.578125 0.458008 0.579102 0.461914 0.579102 0.462891 0.580078 0.466797 0.580078 0.467773 0.581055 0.471680 0.581055 0.472656 0.582031 0.474609 0.582031 0.474609 0.581055 0.475586 0.580078 0.474609 0.579102 0.472656 0.579102 0.471680 0.578125 0.468750 0.578125 0.467773 0.577148 0.463867 0.577148 0.462891 0.576172 0.458984 0.576172 0.458008 0.575195 0.455078 0.575195
1 0.292969 0.441406 0.287109 0.447266 0.290039 0.444336 0.291992 0.444336 0.292969 0.443359
0 0.375000 0.543945 0.374023 0.544922 0.375000 0.545898 0.374023 0.544922
0 0.383789 0.543945 0.384766 0.544922 0.384766 0.545898 0.386719 0.545898 0.387695 0.546875 0.388672 0.546875 0.387695 0.545898 0.387695 0.544922 0.385742 0.542969 0.384766 0.542969
0 0.390625 0.538086 0.390625 0.541992 0.391602 0.542969 0.391602 0.543945 0.392578 0.543945 0.393555 0.544922 0.392578 0.545898 0.393555 0.546875 0.395508 0.546875 0.396484 0.547852 0.399414 0.547852 0.400391 0.548828 0.400391 0.544922 0.399414 0.544922 0.398438 0.543945 0.398438 0.541992 0.399414 0.541016 0.398438 0.540039 0.395508 0.540039 0.394531 0.539062 0.391602 0.539062
0 0.386719 0.528320 0.385742 0.529297 0.388672 0.532227 0.388672 0.533203 0.388672 0.530273 0.389648 0.529297 0.388672 0.528320
0 0.271484 0.435547 0.266602 0.440430 0.265625 0.440430 0.259766 0.446289 0.259766 0.451172 0.260742 0.452148 0.260742 0.456055 0.261719 0.457031 0.261719 0.460938 0.262695 0.461914 0.262695 0.465820 0.263672 0.466797 0.263672 0.468750 0.269531 0.468750 0.270508 0.469727 0.280273 0.469727 0.281250 0.470703 0.285156 0.470703 0.288086 0.467773 0.289062 0.467773 0.292969 0.463867 0.293945 0.463867 0.297852 0.459961 0.297852 0.458008 0.296875 0.457031 0.296875 0.453125 0.295898 0.452148 0.295898 0.449219 0.294922 0.448242 0.294922 0.444336 0.293945 0.443359 0.291992 0.445312 0.291016 0.445312 0.287109 0.449219 0.285156 0.449219 0.283203 0.447266 0.283203 0.446289 0.284180 0.445312 0.285156 0.445312 0.290039 0.440430 0.291016 0.440430 0.292969 0.438477 0.291992 0.438477 0.291016 0.437500 0.284180 0.437500 0.283203 0.436523 0.276367 0.436523 0.275391 0.435547
1 0.382812 0.523438 0.383789 0.524414 0.383789 0.525391 0.384766 0.525391 0.385742 0.526367 0.385742 0.528320 0.385742 0.526367 0.384766 0.525391 0.384766 0.524414 0.383789 0.523438
1 0.294922 0.439453 0.293945 0.439453 0.292969 0.440430 0.291992 0.440430 0.291016 0.441406 0.290039 0.441406 0.285156 0.446289 0.284180 0.446289 0.284180 0.447266 0.285156 0.448242 0.287109 0.448242 0.290039 0.445312 0.289062 0.444336 0.292969 0.440430 0.293945 0.441406 0.293945 0.442383 0.294922 0.441406
0 0.373047 0.533203 0.373047 0.539062 0.374023 0.540039 0.374023 0.543945 0.375000 0.544922 0.374023 0.545898 0.375000 0.546875 0.375000 0.550781 0.375977 0.550781 0.376953 0.551758 0.378906 0.551758 0.379883 0.552734 0.381836 0.552734 0.382812 0.553711 0.386719 0.553711 0.387695 0.552734 0.389648 0.552734 0.390625 0.551758 0.392578 0.551758 0.393555 0.550781 0.396484 0.550781 0.397461 0.549805 0.399414 0.549805 0.399414 0.548828 0.396484 0.548828 0.395508 0.547852 0.393555 0.547852 0.391602 0.545898 0.392578 0.544922 0.391602 0.544922 0.390625 0.543945 0.390625 0.542969 0.389648 0.541992 0.389648 0.538086 0.388672 0.537109 0.388672 0.535156 0.389648 0.534180 0.389648 0.530273 0.389648 0.533203 0.388672 0.534180 0.387695 0.533203 0.387695 0.532227 0.384766 0.529297 0.383789 0.529297 0.382812 0.530273 0.380859 0.530273 0.379883 0.531250 0.377930 0.531250 0.376953 0.532227 0.375000 0.532227 0.374023 0.533203
1 0.383789 0.526367 0.383789 0.528320 0.384766 0.528320 0.384766 0.526367
0 0.523438 0.365234 0.523438 0.381836 0.524414 0.382812 0.524414 0.388672 0.537109 0.388672 0.537109 0.387695 0.538086 0.386719 0.540039 0.386719 0.541016 0.387695 0.541016 0.388672 0.546875 0.388672 0.547852 0.387695 0.548828 0.387695 0.549805 0.386719 0.550781 0.386719 0.552734 0.384766 0.553711 0.384766 0.553711 0.372070 0.552734 0.371094 0.552734 0.361328 0.529297 0.361328 0.528320 0.362305 0.527344 0.362305 0.525391 0.364258 0.524414 0.364258
1 0.538086 0.387695 0.538086 0.397461 0.539062 0.398438 0.539062 0.400391 0.540039 0.401367 0.539062 0.402344 0.541016 0.402344 0.541016 0.395508 0.540039 0.394531 0.540039 0.387695
1 0.631836 0.368164 0.630859 0.369141 0.631836 0.370117 0.631836 0.371094 0.632812 0.371094 0.633789 0.370117 0.632812 0.369141 0.632812 0.368164
0 0.633789 0.348633 0.631836 0.348633 0.629883 0.350586 0.628906 0.350586 0.627930 0.351562 0.626953 0.351562 0.625000 0.353516 0.624023 0.353516 0.622070 0.355469 0.621094 0.355469 0.620117 0.356445 0.619141 0.356445 0.617188 0.358398 0.616211 0.358398 0.614258 0.360352 0.613281 0.360352 0.613281 0.362305 0.614258 0.363281 0.614258 0.364258 0.616211 0.366211 0.616211 0.367188 0.617188 0.368164 0.617188 0.369141 0.619141 0.371094 0.619141 0.372070 0.620117 0.373047 0.620117 0.374023 0.622070 0.375977 0.622070 0.376953 0.623047 0.377930 0.623047 0.378906 0.625000 0.380859 0.625000 0.381836 0.625977 0.382812 0.625977 0.383789 0.626953 0.384766 0.628906 0.384766 0.629883 0.383789 0.630859 0.383789 0.632812 0.381836 0.633789 0.381836 0.634766 0.380859 0.635742 0.380859 0.637695 0.378906 0.638672 0.378906 0.640625 0.376953 0.641602 0.376953 0.642578 0.375977 0.643555 0.375977 0.645508 0.374023 0.646484 0.374023 0.647461 0.373047 0.648438 0.373047 0.648438 0.372070 0.646484 0.370117 0.646484 0.369141 0.645508 0.368164 0.645508 0.367188 0.643555 0.365234 0.643555 0.364258 0.642578 0.363281 0.642578 0.362305 0.640625 0.360352 0.640625 0.359375 0.639648 0.358398 0.639648 0.357422 0.638672 0.356445 0.638672 0.355469 0.636719 0.353516 0.636719 0.352539 0.634766 0.350586 0.634766 0.349609
0 0.518555 0.496094 0.517578 0.497070 0.517578 0.498047 0.515625 0.500000 0.515625 0.500977 0.514648 0.501953 0.514648 0.502930 0.512695 0.504883 0.512695 0.505859 0.510742 0.507812 0.510742 0.513672 0.509766 0.514648 0.509766 0.523438 0.511719 0.523438 0.512695 0.524414 0.514648 0.524414 0.515625 0.525391 0.517578 0.525391 0.518555 0.526367 0.520508 0.526367 0.521484 0.527344 0.523438 0.527344 0.524414 0.528320 0.526367 0.528320 0.527344 0.529297 0.528320 0.529297 0.529297 0.528320 0.529297 0.527344 0.531250 0.525391 0.531250 0.524414 0.533203 0.522461 0.533203 0.521484 0.535156 0.519531 0.535156 0.518555 0.537109 0.516602 0.537109 0.501953 0.535156 0.501953 0.534180 0.500977 0.532227 0.500977 0.531250 0.500000 0.529297 0.500000 0.528320 0.499023 0.526367 0.499023 0.525391 0.498047 0.523438 0.498047 0.522461 0.497070 0.520508 0.497070 0.519531 0.496094
1 0.726562 0.529297 0.727539 0.530273 0.729492 0.530273 0.729492 0.529297 0.728516 0.529297 0.727539 0.530273
1 0.725586 0.512695 0.726562 0.513672 0.725586 0.514648 0.726562 0.513672
1 0.524414 0.495117 0.523438 0.496094 0.523438 0.497070 0.524414 0.497070
0 0.748047 0.528320 0.730469 0.528320 0.730469 0.530273 0.729492 0.531250 0.726562 0.531250 0.725586 0.530273 0.725586 0.529297 0.724609 0.530273 0.721680 0.530273 0.720703 0.531250 0.716797 0.531250 0.715820 0.532227 0.712891 0.532227 0.711914 0.533203 0.709961 0.533203 0.709961 0.538086 0.710938 0.539062 0.710938 0.543945 0.711914 0.544922 0.711914 0.548828 0.712891 0.549805 0.712891 0.554688 0.713867 0.555664 0.713867 0.559570 0.719727 0.559570 0.720703 0.560547 0.732422 0.560547 0.733398 0.559570 0.736328 0.559570 0.737305 0.558594 0.740234 0.558594 0.741211 0.557617 0.744141 0.557617 0.745117 0.556641 0.748047 0.556641 0.749023 0.555664 0.751953 0.555664 0.751953 0.550781 0.750977 0.549805 0.750977 0.544922 0.750000 0.543945 0.750000 0.540039 0.749023 0.539062 0.749023 0.534180 0.748047 0.533203
1 0.723633 0.512695 0.723633 0.513672 0.724609 0.514648 0.724609 0.519531 0.725586 0.520508 0.725586 0.525391 0.727539 0.527344 0.726562 0.528320 0.727539 0.529297 0.726562 0.530273 0.728516 0.528320 0.729492 0.528320 0.729492 0.525391 0.728516 0.524414 0.728516 0.520508 0.727539 0.519531 0.727539 0.514648 0.726562 0.514648 0.725586 0.513672 0.726562 0.512695 0.725586 0.513672 0.724609 0.512695
