0 0.304688 0.581055 0.304688 0.582031 0.303711 0.583008 0.303711 0.584961 0.302734 0.585938 0.302734 0.587891 0.301758 0.588867 0.301758 0.590820 0.300781 0.591797 0.300781 0.593750 0.299805 0.594727 0.299805 0.596680 0.298828 0.597656 0.298828 0.600586 0.299805 0.601562 0.299805 0.602539 0.300781 0.603516 0.300781 0.604492 0.301758 0.605469 0.301758 0.606445 0.304688 0.606445 0.305664 0.607422 0.311523 0.607422 0.312500 0.606445 0.317383 0.606445 0.318359 0.605469 0.319336 0.605469 0.321289 0.607422 0.321289 0.609375 0.321289 0.606445 0.322266 0.605469 0.322266 0.603516 0.323242 0.602539 0.323242 0.599609 0.322266 0.599609 0.321289 0.598633 0.321289 0.597656 0.322266 0.596680 0.325195 0.596680 0.325195 0.594727 0.326172 0.593750 0.326172 0.590820 0.325195 0.589844 0.325195 0.588867 0.324219 0.587891 0.324219 0.585938 0.323242 0.584961 0.319336 0.584961 0.318359 0.583984 0.314453 0.583984 0.313477 0.583008 0.310547 0.583008 0.309570 0.582031 0.305664 0.582031
1 0.322266 0.597656 0.322266 0.598633 0.323242 0.598633 0.324219 0.599609 0.328125 0.599609 0.329102 0.600586 0.333008 0.600586 0.333984 0.601562 0.334961 0.601562 0.334961 0.599609 0.332031 0.599609 0.331055 0.598633 0.327148 0.598633 0.326172 0.597656
0 0.319336 0.606445 0.318359 0.606445 0.317383 0.607422 0.312500 0.607422 0.311523 0.608398 0.307617 0.608398 0.306641 0.609375 0.301758 0.609375 0.300781 0.610352 0.299805 0.610352 0.298828 0.611328 0.297852 0.611328 0.296875 0.612305 0.295898 0.612305 0.294922 0.613281 0.292969 0.613281 0.291992 0.614258 0.291016 0.614258 0.291016 0.618164 0.291992 0.619141 0.291992 0.622070 0.293945 0.622070 0.294922 0.621094 0.297852 0.621094 0.299805 0.623047 0.297852 0.625000 0.292969 0.625000 0.292969 0.625977 0.293945 0.626953 0.293945 0.630859 0.294922 0.631836 0.294922 0.634766 0.299805 0.634766 0.300781 0.633789 0.304688 0.633789 0.305664 0.632812 0.309570 0.632812 0.310547 0.631836 0.313477 0.631836 0.314453 0.630859 0.316406 0.630859 0.317383 0.629883 0.318359 0.629883 0.319336 0.628906 0.321289 0.628906 0.322266 0.627930 0.323242 0.627930 0.324219 0.626953 0.324219 0.624023 0.323242 0.623047 0.323242 0.619141 0.322266 0.618164 0.322266 0.615234 0.321289 0.614258 0.321289 0.611328 0.320312 0.610352 0.320312 0.607422
1 0.298828 0.623047 0.297852 0.622070 0.294922 0.622070 0.293945 0.623047 0.290039 0.623047 0.289062 0.624023 0.286133 0.624023 0.285156 0.625000 0.285156 0.625977 0.287109 0.625977 0.288086 0.625000 0.291992 0.625000 0.292969 0.624023 0.297852 0.624023
0 0.359375 0.466797 0.358398 0.467773 0.358398 0.468750 0.357422 0.469727 0.357422 0.470703 0.355469 0.472656 0.355469 0.473633 0.353516 0.475586 0.353516 0.476562 0.351562 0.478516 0.351562 0.479492 0.349609 0.481445 0.349609 0.482422 0.348633 0.483398 0.348633 0.484375 0.346680 0.486328 0.346680 0.487305 0.345703 0.488281 0.346680 0.489258 0.347656 0.489258 0.352539 0.494141 0.353516 0.494141 0.358398 0.499023 0.359375 0.499023 0.362305 0.501953 0.364258 0.501953 0.365234 0.502930 0.367188 0.502930 0.368164 0.503906 0.370117 0.503906 0.371094 0.504883 0.373047 0.504883 0.374023 0.505859 0.375000 0.505859 0.375977 0.506836 0.377930 0.506836 0.377930 0.505859 0.379883 0.503906 0.379883 0.502930 0.381836 0.500977 0.381836 0.500000 0.382812 0.499023 0.382812 0.498047 0.384766 0.496094 0.384766 0.495117 0.386719 0.493164 0.386719 0.492188 0.387695 0.491211 0.387695 0.490234 0.389648 0.488281 0.389648 0.487305 0.391602 0.485352 0.390625 0.485352 0.383789 0.478516 0.382812 0.478516 0.375977 0.471680 0.374023 0.471680 0.373047 0.470703 0.371094 0.470703 0.370117 0.469727 0.368164 0.469727 0.367188 0.468750 0.365234 0.468750 0.364258 0.467773 0.362305 0.467773 0.361328 0.466797
1 0.384766 0.460938 0.383789 0.460938 0.381836 0.462891 0.381836 0.463867 0.379883 0.465820 0.379883 0.466797 0.377930 0.468750 0.377930 0.469727 0.376953 0.470703 0.376953 0.471680 0.378906 0.473633 0.378906 0.472656 0.380859 0.470703 0.380859 0.469727 0.382812 0.467773 0.382812 0.466797 0.383789 0.465820 0.383789 0.464844 0.385742 0.462891 0.385742 0.461914
0 0.621094 0.397461 0.614258 0.397461 0.613281 0.398438 0.605469 0.398438 0.604492 0.399414 0.600586 0.399414 0.600586 0.416992 0.601562 0.417969 0.601562 0.420898 0.602539 0.421875 0.602539 0.425781 0.603516 0.426758 0.603516 0.428711 0.604492 0.428711 0.605469 0.427734 0.613281 0.427734 0.614258 0.426758 0.622070 0.426758 0.623047 0.425781 0.624023 0.425781 0.624023 0.408203 0.623047 0.407227 0.623047 0.404297 0.622070 0.403320 0.622070 0.400391 0.621094 0.399414
1 0.636719 0.409180 0.631836 0.409180 0.630859 0.410156 0.625000 0.410156 0.625000 0.412109 0.631836 0.412109 0.632812 0.411133 0.636719 0.411133
0 0.340820 0.639648 0.338867 0.637695 0.338867 0.636719 0.337891 0.637695 0.336914 0.637695 0.335938 0.638672 0.333984 0.636719 0.333984 0.635742 0.334961 0.634766 0.335938 0.634766 0.335938 0.633789 0.334961 0.632812 0.334961 0.631836 0.331055 0.627930 0.331055 0.626953 0.330078 0.625977 0.328125 0.625977 0.326172 0.627930 0.325195 0.627930 0.324219 0.628906 0.323242 0.628906 0.321289 0.630859 0.320312 0.630859 0.318359 0.632812 0.317383 0.632812 0.315430 0.634766 0.314453 0.634766 0.312500 0.636719 0.312500 0.643555 0.311523 0.644531 0.311523 0.645508 0.312500 0.646484 0.313477 0.646484 0.312500 0.645508 0.317383 0.640625 0.318359 0.640625 0.320312 0.638672 0.321289 0.638672 0.323242 0.636719 0.324219 0.636719 0.325195 0.635742 0.330078 0.640625 0.332031 0.640625 0.333008 0.639648 0.333984 0.639648 0.335938 0.641602 0.335938 0.642578 0.339844 0.646484 0.339844 0.647461 0.340820 0.647461
0 0.519531 0.581055 0.504883 0.595703 0.508789 0.599609 0.508789 0.600586 0.520508 0.612305 0.521484 0.612305 0.525391 0.616211 0.540039 0.601562 0.540039 0.600586 0.534180 0.594727 0.534180 0.593750 0.525391 0.584961 0.524414 0.584961 0.521484 0.582031 0.520508 0.582031
1 0.337891 0.633789 0.335938 0.635742 0.334961 0.635742 0.335938 0.636719 0.335938 0.637695 0.335938 0.636719 0.336914 0.635742 0.337891 0.636719 0.336914 0.635742 0.337891 0.634766
1 0.345703 0.628906 0.343750 0.630859 0.342773 0.630859 0.341797 0.631836 0.340820 0.631836 0.339844 0.632812 0.339844 0.634766 0.340820 0.634766 0.342773 0.632812 0.343750 0.632812 0.345703 0.630859 0.344727 0.629883
0 0.325195 0.636719 0.324219 0.637695 0.323242 0.637695 0.321289 0.639648 0.320312 0.639648 0.318359 0.641602 0.317383 0.641602 0.313477 0.645508 0.314453 0.646484 0.313477 0.647461 0.316406 0.650391 0.316406 0.651367 0.320312 0.655273 0.320312 0.656250 0.324219 0.660156 0.326172 0.658203 0.327148 0.658203 0.329102 0.656250 0.330078 0.656250 0.331055 0.655273 0.332031 0.655273 0.333984 0.653320 0.334961 0.653320 0.336914 0.651367 0.337891 0.651367 0.339844 0.649414 0.340820 0.649414 0.340820 0.648438 0.339844 0.648438 0.338867 0.647461 0.338867 0.646484 0.334961 0.642578 0.334961 0.641602 0.333984 0.640625 0.333008 0.640625 0.332031 0.641602 0.330078 0.641602
1 0.338867 0.633789 0.338867 0.634766 0.336914 0.636719 0.337891 0.635742 0.338867 0.635742
1 0.346680 0.628906 0.345703 0.629883 0.346680 0.630859 0.345703 0.631836 0.346680 0.630859
1 0.402344 0.617188 0.401367 0.616211 0.400391 0.617188 0.401367 0.616211
0 0.351562 0.604492 0.351562 0.605469 0.350586 0.606445 0.350586 0.609375 0.349609 0.610352 0.353516 0.610352 0.354492 0.611328 0.356445 0.611328 0.357422 0.610352 0.358398 0.611328 0.355469 0.608398 0.356445 0.607422 0.355469 0.606445 0.354492 0.606445 0.353516 0.605469 0.352539 0.605469
0 0.409180 0.592773 0.408203 0.592773 0.407227 0.593750 0.406250 0.593750 0.403320 0.596680 0.402344 0.596680 0.399414 0.599609 0.398438 0.599609 0.395508 0.602539 0.395508 0.603516 0.394531 0.604492 0.394531 0.606445 0.393555 0.607422 0.393555 0.609375 0.392578 0.610352 0.392578 0.612305 0.391602 0.613281 0.391602 0.615234 0.390625 0.616211 0.390625 0.618164 0.392578 0.620117 0.393555 0.620117 0.394531 0.619141 0.395508 0.619141 0.399414 0.615234 0.402344 0.615234 0.403320 0.616211 0.403320 0.617188 0.400391 0.620117 0.399414 0.620117 0.397461 0.622070 0.397461 0.623047 0.399414 0.625000 0.400391 0.625000 0.402344 0.626953 0.403320 0.626953 0.405273 0.628906 0.406250 0.628906 0.407227 0.629883 0.408203 0.629883 0.410156 0.627930 0.411133 0.627930 0.415039 0.624023 0.416016 0.624023 0.420898 0.619141 0.420898 0.617188 0.421875 0.616211 0.421875 0.614258 0.422852 0.613281 0.422852 0.612305 0.423828 0.611328 0.423828 0.609375 0.424805 0.608398 0.424805 0.606445 0.425781 0.605469 0.425781 0.604492 0.423828 0.602539 0.422852 0.602539 0.419922 0.599609 0.418945 0.599609 0.416992 0.597656 0.416016 0.597656 0.414062 0.595703 0.413086 0.595703 0.411133 0.593750 0.410156 0.593750
1 0.402344 0.616211 0.401367 0.617188 0.400391 0.616211 0.399414 0.616211 0.395508 0.620117 0.394531 0.620117 0.391602 0.623047 0.391602 0.624023 0.393555 0.624023 0.394531 0.623047 0.395508 0.623047 0.400391 0.618164 0.401367 0.618164 0.401367 0.617188
1 0.360352 0.609375 0.359375 0.609375 0.359375 0.617188 0.357422 0.619141 0.357422 0.622070 0.358398 0.622070 0.358398 0.619141 0.359375 0.618164 0.359375 0.615234 0.360352 0.614258
0 0.355469 0.585938 0.355469 0.588867 0.354492 0.589844 0.354492 0.591797 0.353516 0.592773 0.353516 0.597656 0.352539 0.598633 0.352539 0.600586 0.351562 0.601562 0.352539 0.602539 0.351562 0.603516 0.352539 0.604492 0.353516 0.604492 0.354492 0.605469 0.355469 0.605469 0.357422 0.607422 0.356445 0.608398 0.357422 0.609375 0.356445 0.610352 0.357422 0.611328 0.358398 0.610352 0.358398 0.609375 0.359375 0.608398 0.360352 0.608398 0.361328 0.609375 0.361328 0.612305 0.363281 0.612305 0.364258 0.613281 0.368164 0.613281 0.369141 0.614258 0.369141 0.612305 0.370117 0.611328 0.370117 0.610352 0.371094 0.609375 0.371094 0.605469 0.372070 0.604492 0.372070 0.600586 0.373047 0.599609 0.373047 0.596680 0.374023 0.595703 0.374023 0.591797 0.375000 0.590820 0.375000 0.589844 0.371094 0.589844 0.370117 0.588867 0.367188 0.588867 0.366211 0.587891 0.362305 0.587891 0.361328 0.586914 0.357422 0.586914 0.356445 0.585938
