0 0.588867 0.398438 0.587891 0.399414 0.585938 0.399414 0.584961 0.400391 0.583008 0.400391 0.582031 0.401367 0.580078 0.401367 0.579102 0.402344 0.577148 0.402344 0.576172 0.403320 0.574219 0.403320 0.573242 0.404297 0.572266 0.404297 0.572266 0.405273 0.569336 0.408203 0.569336 0.409180 0.566406 0.412109 0.566406 0.413086 0.562500 0.416992 0.562500 0.417969 0.559570 0.420898 0.559570 0.421875 0.560547 0.422852 0.560547 0.423828 0.566406 0.429688 0.566406 0.430664 0.572266 0.436523 0.572266 0.437500 0.576172 0.441406 0.577148 0.440430 0.579102 0.440430 0.580078 0.439453 0.581055 0.439453 0.582031 0.438477 0.583984 0.438477 0.584961 0.437500 0.585938 0.437500 0.586914 0.436523 0.588867 0.436523 0.589844 0.435547 0.590820 0.435547 0.594727 0.431641 0.594727 0.430664 0.598633 0.426758 0.598633 0.425781 0.603516 0.420898 0.603516 0.419922 0.605469 0.417969 0.602539 0.415039 0.602539 0.414062 0.595703 0.407227 0.595703 0.406250 0.588867 0.399414
1 0.562500 0.396484 0.562500 0.397461 0.561523 0.398438 0.566406 0.403320 0.566406 0.404297 0.569336 0.407227 0.571289 0.405273 0.571289 0.404297 0.565430 0.398438 0.565430 0.397461 0.564453 0.396484
0 0.693359 0.335938 0.693359 0.337891 0.694336 0.338867 0.694336 0.341797 0.695312 0.341797 0.695312 0.339844 0.696289 0.338867 0.696289 0.336914 0.695312 0.335938
0 0.691406 0.329102 0.691406 0.331055 0.692383 0.332031 0.702148 0.332031 0.703125 0.333008 0.703125 0.334961 0.702148 0.335938 0.722656 0.335938 0.726562 0.339844 0.726562 0.340820 0.727539 0.341797 0.728516 0.341797 0.729492 0.340820 0.728516 0.339844 0.728516 0.336914 0.727539 0.335938 0.727539 0.333984 0.726562 0.333008 0.726562 0.330078 0.725586 0.329102 0.725586 0.327148 0.724609 0.326172 0.724609 0.323242 0.723633 0.322266 0.723633 0.320312 0.720703 0.320312 0.719727 0.319336 0.706055 0.319336 0.704102 0.321289 0.703125 0.321289 0.701172 0.323242 0.700195 0.323242 0.699219 0.324219 0.698242 0.324219 0.696289 0.326172 0.695312 0.326172 0.693359 0.328125 0.692383 0.328125
1 0.690430 0.333008 0.690430 0.334961 0.695312 0.334961 0.696289 0.335938 0.701172 0.335938 0.702148 0.334961 0.702148 0.333008
0 0.409180 0.521484 0.409180 0.525391 0.408203 0.526367 0.408203 0.530273 0.407227 0.531250 0.407227 0.534180 0.406250 0.535156 0.406250 0.536133 0.407227 0.537109 0.407227 0.540039 0.408203 0.541016 0.408203 0.544922 0.409180 0.545898 0.409180 0.547852 0.411133 0.547852 0.412109 0.548828 0.414062 0.548828 0.414062 0.547852 0.415039 0.546875 0.415039 0.542969 0.416992 0.541016 0.417969 0.541016 0.418945 0.541992 0.418945 0.544922 0.417969 0.545898 0.417969 0.548828 0.427734 0.548828 0.427734 0.547852 0.428711 0.546875 0.428711 0.541992 0.429688 0.541016 0.429688 0.537109 0.430664 0.536133 0.430664 0.533203 0.429688 0.532227 0.429688 0.527344 0.428711 0.526367 0.428711 0.521484
1 0.417969 0.541992 0.416992 0.541992 0.416016 0.542969 0.416016 0.546875 0.415039 0.547852 0.415039 0.552734 0.416016 0.552734 0.416016 0.550781 0.416992 0.549805 0.416992 0.545898 0.417969 0.544922
0 0.375977 0.635742 0.369141 0.635742 0.367188 0.637695 0.367188 0.638672 0.365234 0.640625 0.365234 0.641602 0.363281 0.643555 0.363281 0.644531 0.361328 0.646484 0.360352 0.646484 0.359375 0.645508 0.357422 0.645508 0.357422 0.646484 0.356445 0.647461 0.356445 0.648438 0.355469 0.649414 0.355469 0.650391 0.354492 0.651367 0.354492 0.652344 0.353516 0.653320 0.353516 0.654297 0.366211 0.654297 0.368164 0.652344 0.368164 0.651367 0.369141 0.650391 0.369141 0.649414 0.370117 0.648438 0.370117 0.647461 0.371094 0.646484 0.371094 0.645508 0.372070 0.644531 0.372070 0.643555 0.373047 0.642578 0.373047 0.641602 0.374023 0.640625 0.374023 0.639648 0.375000 0.638672 0.375000 0.637695 0.375977 0.636719
0 0.697266 0.336914 0.697266 0.338867 0.696289 0.339844 0.696289 0.341797 0.695312 0.342773 0.695312 0.344727 0.694336 0.345703 0.694336 0.346680 0.693359 0.347656 0.693359 0.349609 0.692383 0.350586 0.692383 0.352539 0.691406 0.353516 0.691406 0.355469 0.690430 0.356445 0.690430 0.357422 0.689453 0.358398 0.689453 0.360352 0.688477 0.361328 0.690430 0.363281 0.690430 0.364258 0.692383 0.366211 0.692383 0.367188 0.694336 0.369141 0.694336 0.370117 0.696289 0.372070 0.696289 0.373047 0.698242 0.375000 0.698242 0.375977 0.700195 0.377930 0.725586 0.377930 0.725586 0.376953 0.726562 0.375977 0.726562 0.375000 0.727539 0.374023 0.727539 0.372070 0.728516 0.371094 0.728516 0.370117 0.729492 0.369141 0.729492 0.367188 0.730469 0.366211 0.730469 0.365234 0.731445 0.364258 0.731445 0.362305 0.732422 0.361328 0.732422 0.360352 0.733398 0.359375 0.733398 0.357422 0.734375 0.356445 0.734375 0.355469 0.735352 0.354492 0.735352 0.353516 0.734375 0.352539 0.734375 0.351562 0.731445 0.348633 0.731445 0.347656 0.728516 0.344727 0.728516 0.343750 0.725586 0.340820 0.725586 0.339844 0.722656 0.336914
1 0.734375 0.357422 0.734375 0.359375 0.742188 0.359375 0.742188 0.356445 0.741211 0.355469 0.735352 0.355469 0.735352 0.356445
0 0.376953 0.635742 0.376953 0.636719 0.375977 0.637695 0.375977 0.638672 0.375000 0.639648 0.375000 0.640625 0.374023 0.641602 0.374023 0.642578 0.373047 0.643555 0.373047 0.644531 0.372070 0.645508 0.372070 0.646484 0.371094 0.647461 0.371094 0.648438 0.370117 0.649414 0.370117 0.650391 0.369141 0.651367 0.369141 0.652344 0.366211 0.655273 0.354492 0.655273 0.357422 0.658203 0.358398 0.658203 0.361328 0.661133 0.362305 0.661133 0.365234 0.664062 0.366211 0.664062 0.368164 0.666016 0.381836 0.666016 0.382812 0.665039 0.382812 0.664062 0.383789 0.663086 0.383789 0.662109 0.384766 0.661133 0.384766 0.660156 0.385742 0.659180 0.385742 0.658203 0.386719 0.657227 0.386719 0.656250 0.387695 0.655273 0.387695 0.654297 0.388672 0.653320 0.388672 0.652344 0.389648 0.651367 0.389648 0.650391 0.390625 0.649414 0.390625 0.648438 0.391602 0.647461 0.389648 0.645508 0.388672 0.645508 0.384766 0.641602 0.383789 0.641602 0.378906 0.636719 0.377930 0.636719
1 0.385742 0.660156 0.385742 0.661133 0.384766 0.662109 0.385742 0.663086 0.386719 0.663086 0.388672 0.665039 0.389648 0.665039 0.388672 0.664062 0.389648 0.663086 0.387695 0.661133 0.386719 0.661133
1 0.604492 0.591797 0.605469 0.592773 0.604492 0.593750 0.608398 0.593750 0.608398 0.591797
0 0.360352 0.636719 0.359375 0.635742 0.358398 0.636719 0.357422 0.635742 0.356445 0.636719 0.355469 0.636719 0.356445 0.637695 0.356445 0.640625 0.354492 0.642578 0.353516 0.641602 0.351562 0.643555 0.352539 0.642578 0.353516 0.643555 0.355469 0.643555 0.356445 0.644531 0.358398 0.644531 0.358398 0.643555 0.357422 0.642578 0.357422 0.640625 0.360352 0.637695
0 0.368164 0.630859 0.367188 0.631836 0.366211 0.631836 0.366211 0.635742 0.367188 0.636719 0.368164 0.635742 0.368164 0.634766 0.370117 0.632812
0 0.374023 0.626953 0.372070 0.626953 0.372070 0.628906
0 0.637695 0.573242 0.631836 0.573242 0.630859 0.574219 0.621094 0.574219 0.620117 0.575195 0.609375 0.575195 0.609375 0.585938 0.610352 0.586914 0.610352 0.596680 0.611328 0.597656 0.611328 0.604492 0.612305 0.605469 0.612305 0.608398 0.613281 0.609375 0.613281 0.610352 0.614258 0.609375 0.625000 0.609375 0.625977 0.608398 0.637695 0.608398 0.638672 0.607422 0.641602 0.607422 0.640625 0.606445 0.640625 0.598633 0.639648 0.597656 0.639648 0.588867 0.638672 0.587891 0.638672 0.579102 0.637695 0.578125
1 0.366211 0.614258 0.363281 0.617188 0.362305 0.617188 0.361328 0.618164 0.360352 0.618164 0.361328 0.618164 0.362305 0.619141 0.362305 0.618164 0.363281 0.617188 0.364258 0.617188 0.364258 0.616211
1 0.609375 0.591797 0.609375 0.593750 0.608398 0.594727 0.604492 0.594727 0.603516 0.593750 0.604492 0.592773 0.592773 0.592773 0.591797 0.593750 0.591797 0.595703 0.599609 0.595703 0.600586 0.594727 0.609375 0.594727
0 0.347656 0.611328 0.347656 0.612305 0.345703 0.614258 0.345703 0.615234 0.343750 0.617188 0.343750 0.618164 0.341797 0.620117 0.341797 0.621094 0.338867 0.624023 0.338867 0.625000 0.336914 0.626953 0.336914 0.627930 0.334961 0.629883 0.337891 0.632812 0.338867 0.632812 0.343750 0.637695 0.344727 0.637695 0.348633 0.641602 0.349609 0.641602 0.350586 0.642578 0.351562 0.642578 0.352539 0.643555 0.351562 0.642578 0.353516 0.640625 0.354492 0.641602 0.355469 0.640625 0.355469 0.637695 0.354492 0.636719 0.355469 0.635742 0.356445 0.635742 0.357422 0.634766 0.358398 0.635742 0.359375 0.634766 0.361328 0.636719 0.361328 0.637695 0.358398 0.640625 0.358398 0.642578 0.359375 0.643555 0.359375 0.644531 0.360352 0.644531 0.361328 0.645508 0.362305 0.644531 0.362305 0.643555 0.364258 0.641602 0.364258 0.640625 0.366211 0.638672 0.366211 0.636719 0.365234 0.635742 0.365234 0.631836 0.366211 0.630859 0.367188 0.630859 0.368164 0.629883 0.370117 0.631836 0.373047 0.628906 0.372070 0.629883 0.371094 0.628906 0.371094 0.626953 0.372070 0.625977 0.373047 0.625977 0.372070 0.625000 0.371094 0.625000 0.368164 0.622070 0.367188 0.622070 0.364258 0.619141 0.363281 0.619141 0.362305 0.620117 0.361328 0.620117 0.359375 0.618164 0.360352 0.617188 0.360352 0.616211 0.358398 0.614258 0.355469 0.614258 0.354492 0.613281 0.352539 0.613281 0.351562 0.612305 0.349609 0.612305 0.348633 0.611328
1 0.370117 0.606445 0.368164 0.606445 0.368164 0.607422 0.365234 0.610352 0.365234 0.611328 0.363281 0.613281 0.363281 0.614258 0.361328 0.616211 0.361328 0.617188 0.362305 0.616211 0.363281 0.616211 0.366211 0.613281 0.366211 0.612305 0.370117 0.608398 0.369141 0.607422
