0 0.517578 0.558594 0.516602 0.559570 0.515625 0.559570 0.513672 0.561523 0.512695 0.561523 0.510742 0.563477 0.509766 0.563477 0.507812 0.565430 0.506836 0.565430 0.504883 0.567383 0.503906 0.567383 0.502930 0.568359 0.501953 0.568359 0.500000 0.570312 0.499023 0.570312 0.497070 0.572266 0.496094 0.572266 0.494141 0.574219 0.493164 0.574219 0.492188 0.575195 0.492188 0.576172 0.494141 0.578125 0.494141 0.579102 0.496094 0.581055 0.496094 0.582031 0.498047 0.583984 0.498047 0.584961 0.500000 0.586914 0.500000 0.587891 0.500977 0.588867 0.500977 0.589844 0.502930 0.591797 0.502930 0.592773 0.503906 0.593750 0.504883 0.593750 0.506836 0.591797 0.507812 0.591797 0.508789 0.590820 0.509766 0.590820 0.511719 0.588867 0.512695 0.588867 0.514648 0.586914 0.515625 0.586914 0.516602 0.585938 0.517578 0.585938 0.519531 0.583984 0.520508 0.583984 0.522461 0.582031 0.523438 0.582031 0.526367 0.579102 0.527344 0.579102 0.529297 0.577148 0.529297 0.576172 0.527344 0.574219 0.527344 0.573242 0.525391 0.571289 0.525391 0.570312 0.523438 0.568359 0.523438 0.567383 0.521484 0.565430 0.521484 0.564453 0.519531 0.562500 0.519531 0.561523 0.518555 0.560547 0.518555 0.559570
1 0.497070 0.553711 0.496094 0.554688 0.496094 0.555664 0.497070 0.556641 0.497070 0.557617 0.499023 0.559570 0.499023 0.560547 0.500977 0.562500 0.500977 0.563477 0.502930 0.565430 0.502930 0.566406 0.504883 0.566406 0.504883 0.564453 0.502930 0.562500 0.502930 0.561523 0.500977 0.559570 0.500977 0.558594 0.500000 0.557617 0.500000 0.556641 0.498047 0.554688 0.498047 0.553711
0 0.430664 0.420898 0.425781 0.420898 0.424805 0.421875 0.420898 0.421875 0.419922 0.422852 0.416992 0.422852 0.416016 0.423828 0.413086 0.423828 0.414062 0.424805 0.414062 0.425781 0.415039 0.426758 0.415039 0.428711 0.413086 0.430664 0.412109 0.430664 0.410156 0.428711 0.410156 0.427734 0.409180 0.426758 0.409180 0.425781 0.408203 0.425781 0.404297 0.429688 0.404297 0.430664 0.397461 0.437500 0.397461 0.440430 0.398438 0.441406 0.398438 0.442383 0.399414 0.443359 0.399414 0.444336 0.400391 0.445312 0.400391 0.446289 0.401367 0.447266 0.401367 0.448242 0.403320 0.450195 0.403320 0.451172 0.404297 0.452148 0.404297 0.453125 0.405273 0.454102 0.405273 0.455078 0.406250 0.456055 0.406250 0.457031 0.407227 0.458008 0.407227 0.458984 0.409180 0.460938 0.412109 0.460938 0.413086 0.459961 0.416992 0.459961 0.417969 0.458984 0.422852 0.458984 0.423828 0.458008 0.427734 0.458008 0.428711 0.457031 0.430664 0.457031 0.430664 0.456055 0.434570 0.452148 0.434570 0.451172 0.437500 0.448242 0.437500 0.447266 0.441406 0.443359 0.441406 0.441406 0.439453 0.439453 0.439453 0.438477 0.438477 0.437500 0.438477 0.436523 0.437500 0.435547 0.437500 0.434570 0.436523 0.433594 0.436523 0.432617 0.435547 0.431641 0.435547 0.430664 0.434570 0.429688 0.434570 0.428711 0.433594 0.427734 0.433594 0.426758 0.432617 0.425781 0.432617 0.424805 0.431641 0.423828 0.431641 0.422852 0.430664 0.421875
1 0.406250 0.413086 0.405273 0.414062 0.404297 0.414062 0.404297 0.416016 0.405273 0.416992 0.405273 0.417969 0.406250 0.418945 0.406250 0.419922 0.407227 0.420898 0.407227 0.421875 0.408203 0.422852 0.408203 0.423828 0.410156 0.425781 0.410156 0.426758 0.411133 0.427734 0.411133 0.428711 0.412109 0.429688 0.413086 0.429688 0.414062 0.428711 0.414062 0.426758 0.413086 0.425781 0.413086 0.424805 0.411133 0.422852 0.411133 0.421875 0.410156 0.420898 0.410156 0.419922 0.409180 0.418945 0.409180 0.417969 0.408203 0.416992 0.408203 0.416016 0.407227 0.415039 0.407227 0.414062
0 0.348633 0.579102 0.347656 0.580078 0.346680 0.580078 0.345703 0.581055 0.344727 0.581055 0.342773 0.583008 0.341797 0.583008 0.339844 0.584961 0.338867 0.584961 0.337891 0.585938 0.336914 0.585938 0.334961 0.587891 0.333984 0.587891 0.332031 0.589844 0.331055 0.589844 0.330078 0.590820 0.331055 0.591797 0.331055 0.592773 0.332031 0.593750 0.332031 0.595703 0.333008 0.596680 0.333008 0.597656 0.333984 0.598633 0.333984 0.599609 0.334961 0.600586 0.334961 0.601562 0.335938 0.602539 0.335938 0.603516 0.336914 0.604492 0.336914 0.605469 0.337891 0.606445 0.337891 0.607422 0.338867 0.608398 0.338867 0.609375 0.339844 0.609375 0.340820 0.610352 0.342773 0.610352 0.343750 0.611328 0.346680 0.611328 0.347656 0.612305 0.349609 0.612305 0.350586 0.611328 0.351562 0.611328 0.352539 0.610352 0.353516 0.610352 0.355469 0.608398 0.356445 0.608398 0.358398 0.606445 0.359375 0.606445 0.361328 0.604492 0.362305 0.604492 0.364258 0.602539 0.365234 0.602539 0.367188 0.600586 0.367188 0.599609 0.366211 0.598633 0.366211 0.597656 0.365234 0.596680 0.365234 0.595703 0.364258 0.594727 0.364258 0.593750 0.363281 0.592773 0.363281 0.591797 0.362305 0.590820 0.362305 0.589844 0.361328 0.588867 0.361328 0.586914 0.360352 0.585938 0.360352 0.584961 0.359375 0.583984 0.359375 0.583008 0.357422 0.581055 0.354492 0.581055 0.353516 0.580078 0.349609 0.580078
1 0.353516 0.596680 0.353516 0.597656 0.354492 0.598633 0.356445 0.598633 0.357422 0.599609 0.362305 0.599609 0.362305 0.598633 0.361328 0.597656 0.359375 0.597656 0.358398 0.596680 0.355469 0.596680 0.354492 0.595703
0 0.305664 0.551758 0.305664 0.573242 0.310547 0.578125 0.311523 0.578125 0.312500 0.577148 0.331055 0.577148 0.331055 0.574219 0.332031 0.573242 0.332031 0.555664 0.328125 0.551758
0 0.431641 0.402344 0.431641 0.411133 0.436523 0.411133 0.437500 0.412109 0.441406 0.412109 0.440430 0.411133 0.441406 0.410156 0.440430 0.410156 0.439453 0.409180 0.438477 0.409180 0.437500 0.408203 0.436523 0.408203 0.435547 0.407227 0.435547 0.403320 0.434570 0.403320 0.433594 0.402344
1 0.320312 0.566406 0.320312 0.567383 0.324219 0.571289 0.325195 0.571289 0.325195 0.569336 0.322266 0.566406
1 0.426758 0.398438 0.426758 0.399414 0.430664 0.399414 0.430664 0.398438
1 0.419922 0.397461 0.419922 0.398438 0.421875 0.398438 0.420898 0.397461
0 0.377930 0.399414 0.376953 0.399414 0.375000 0.401367 0.374023 0.401367 0.373047 0.402344 0.372070 0.402344 0.371094 0.403320 0.370117 0.403320 0.369141 0.404297 0.368164 0.404297 0.367188 0.405273 0.367188 0.408203 0.368164 0.408203 0.370117 0.410156 0.370117 0.411133 0.369141 0.412109 0.369141 0.413086 0.367188 0.415039 0.366211 0.415039 0.366211 0.417969 0.365234 0.418945 0.364258 0.418945 0.363281 0.419922 0.363281 0.422852 0.362305 0.423828 0.362305 0.425781 0.361328 0.426758 0.361328 0.427734 0.362305 0.428711 0.362305 0.429688 0.362305 0.427734 0.363281 0.426758 0.364258 0.427734 0.363281 0.426758 0.363281 0.424805 0.364258 0.423828 0.365234 0.424805 0.366211 0.423828 0.368164 0.425781 0.366211 0.427734 0.368164 0.425781 0.369141 0.425781 0.371094 0.423828 0.371094 0.420898 0.372070 0.419922 0.372070 0.417969 0.373047 0.416992 0.373047 0.414062 0.374023 0.413086 0.374023 0.411133 0.375000 0.410156 0.375000 0.407227 0.375977 0.406250 0.375977 0.404297 0.376953 0.403320 0.376953 0.400391
0 0.436523 0.385742 0.431641 0.390625 0.431641 0.396484 0.432617 0.397461 0.432617 0.400391 0.431641 0.401367 0.433594 0.401367 0.434570 0.402344 0.435547 0.402344 0.436523 0.403320 0.436523 0.407227 0.437500 0.407227 0.438477 0.408203 0.439453 0.408203 0.440430 0.409180 0.441406 0.409180 0.442383 0.410156 0.441406 0.411133 0.442383 0.412109 0.453125 0.412109 0.453125 0.411133 0.456055 0.408203 0.456055 0.387695 0.455078 0.386719 0.439453 0.386719 0.438477 0.385742
1 0.421875 0.397461 0.422852 0.398438 0.424805 0.398438 0.425781 0.399414 0.425781 0.398438 0.426758 0.397461 0.430664 0.397461
1 0.363281 0.389648 0.362305 0.390625 0.362305 0.392578 0.361328 0.393555 0.361328 0.396484 0.361328 0.393555 0.362305 0.392578 0.362305 0.390625
0 0.367188 0.425781 0.366211 0.424805 0.365234 0.425781 0.364258 0.424805 0.364258 0.426758 0.363281 0.427734 0.363281 0.428711 0.364258 0.428711
0 0.351562 0.388672 0.350586 0.389648 0.349609 0.389648 0.348633 0.390625 0.347656 0.390625 0.346680 0.391602 0.345703 0.391602 0.344727 0.392578 0.343750 0.392578 0.342773 0.393555 0.341797 0.393555 0.340820 0.394531 0.340820 0.395508 0.339844 0.396484 0.339844 0.398438 0.338867 0.399414 0.338867 0.402344 0.337891 0.403320 0.337891 0.406250 0.336914 0.407227 0.336914 0.410156 0.335938 0.411133 0.335938 0.414062 0.334961 0.415039 0.334961 0.417969 0.333984 0.418945 0.333984 0.420898 0.334961 0.420898 0.335938 0.421875 0.336914 0.421875 0.337891 0.422852 0.339844 0.422852 0.340820 0.423828 0.341797 0.423828 0.342773 0.424805 0.344727 0.424805 0.345703 0.425781 0.346680 0.425781 0.347656 0.426758 0.349609 0.426758 0.350586 0.427734 0.351562 0.427734 0.352539 0.428711 0.354492 0.428711 0.355469 0.429688 0.356445 0.429688 0.357422 0.430664 0.358398 0.430664 0.359375 0.431641 0.360352 0.430664 0.361328 0.430664 0.361328 0.428711 0.360352 0.427734 0.360352 0.426758 0.361328 0.425781 0.361328 0.423828 0.362305 0.422852 0.362305 0.419922 0.364258 0.417969 0.365234 0.417969 0.365234 0.415039 0.366211 0.414062 0.367188 0.414062 0.368164 0.413086 0.368164 0.412109 0.369141 0.411133 0.369141 0.410156 0.371094 0.408203 0.371094 0.407227 0.371094 0.408203 0.369141 0.410156 0.368164 0.409180 0.367188 0.409180 0.366211 0.408203 0.366211 0.405273 0.368164 0.403320 0.369141 0.403320 0.370117 0.402344 0.371094 0.402344 0.372070 0.401367 0.373047 0.401367 0.374023 0.400391 0.375000 0.400391 0.376953 0.398438 0.377930 0.398438 0.375977 0.398438 0.375000 0.397461 0.374023 0.397461 0.373047 0.396484 0.371094 0.396484 0.370117 0.395508 0.369141 0.395508 0.368164 0.394531 0.366211 0.394531 0.365234 0.393555 0.364258 0.393555 0.363281 0.392578 0.362305 0.393555 0.362305 0.396484 0.361328 0.397461 0.359375 0.397461 0.357422 0.395508 0.357422 0.393555 0.358398 0.392578 0.358398 0.390625 0.356445 0.390625 0.355469 0.389648 0.354492 0.389648 0.353516 0.388672
1 0.540039 0.569336 0.543945 0.569336 0.543945 0.568359 0.541016 0.568359
1 0.365234 0.377930 0.363281 0.377930 0.362305 0.378906 0.362305 0.381836 0.361328 0.382812 0.361328 0.385742 0.360352 0.386719 0.360352 0.389648 0.359375 0.390625 0.359375 0.392578 0.358398 0.393555 0.358398 0.395508 0.359375 0.396484 0.360352 0.396484 0.360352 0.393555 0.361328 0.392578 0.361328 0.390625 0.363281 0.388672 0.362305 0.387695 0.364258 0.385742 0.364258 0.382812 0.365234 0.381836 0.365234 0.379883 0.366211 0.378906
0 0.533203 0.555664 0.525391 0.555664 0.524414 0.556641 0.516602 0.556641 0.515625 0.557617 0.512695 0.557617 0.512695 0.560547 0.513672 0.560547 0.515625 0.558594 0.516602 0.558594 0.517578 0.557617 0.519531 0.559570 0.519531 0.560547 0.520508 0.561523 0.520508 0.562500 0.522461 0.564453 0.522461 0.565430 0.524414 0.567383 0.524414 0.568359 0.526367 0.570312 0.526367 0.571289 0.528320 0.573242 0.528320 0.574219 0.530273 0.576172 0.530273 0.577148 0.527344 0.580078 0.526367 0.580078 0.523438 0.583008 0.522461 0.583008 0.520508 0.584961 0.519531 0.584961 0.520508 0.584961 0.521484 0.583984 0.529297 0.583984 0.530273 0.583008 0.534180 0.583008 0.535156 0.582031 0.535156 0.571289 0.534180 0.570312 0.534180 0.561523 0.533203 0.560547
1 0.547852 0.566406 0.544922 0.566406 0.543945 0.567383 0.536133 0.567383 0.535156 0.568359 0.538086 0.568359 0.539062 0.569336 0.541016 0.567383 0.543945 0.567383 0.544922 0.568359 0.547852 0.568359
0 0.656250 0.549805 0.638672 0.549805 0.637695 0.550781 0.632812 0.550781 0.631836 0.551758 0.625977 0.551758 0.625000 0.552734 0.619141 0.552734 0.618164 0.553711 0.618164 0.557617 0.619141 0.558594 0.619141 0.565430 0.620117 0.566406 0.620117 0.573242 0.621094 0.574219 0.621094 0.580078 0.622070 0.580078 0.623047 0.581055 0.639648 0.581055 0.640625 0.580078 0.645508 0.580078 0.646484 0.579102 0.651367 0.579102 0.652344 0.578125 0.657227 0.578125 0.658203 0.577148 0.659180 0.577148 0.659180 0.570312 0.658203 0.569336 0.658203 0.562500 0.657227 0.561523 0.657227 0.554688 0.656250 0.553711
1 0.640625 0.581055 0.639648 0.582031 0.639648 0.588867 0.640625 0.589844 0.640625 0.596680 0.641602 0.597656 0.644531 0.597656 0.644531 0.596680 0.643555 0.595703 0.643555 0.589844 0.642578 0.588867 0.642578 0.581055
