0 0.502930 0.529297 0.502930 0.530273 0.500977 0.532227 0.500977 0.533203 0.498047 0.536133 0.498047 0.537109 0.496094 0.539062 0.496094 0.540039 0.494141 0.541992 0.494141 0.542969 0.493164 0.543945 0.493164 0.544922 0.494141 0.545898 0.494141 0.546875 0.498047 0.550781 0.498047 0.551758 0.499023 0.551758 0.500000 0.552734 0.500977 0.552734 0.502930 0.554688 0.503906 0.554688 0.504883 0.555664 0.505859 0.555664 0.506836 0.556641 0.507812 0.556641 0.509766 0.558594 0.510742 0.558594 0.511719 0.559570 0.512695 0.559570 0.513672 0.560547 0.513672 0.559570 0.515625 0.557617 0.515625 0.556641 0.517578 0.554688 0.517578 0.553711 0.519531 0.551758 0.519531 0.550781 0.521484 0.548828 0.521484 0.547852 0.523438 0.545898 0.523438 0.543945 0.521484 0.541992 0.521484 0.541016 0.517578 0.537109 0.516602 0.537109 0.515625 0.536133 0.514648 0.536133 0.512695 0.534180 0.511719 0.534180 0.510742 0.533203 0.509766 0.533203 0.507812 0.531250 0.506836 0.531250 0.505859 0.530273 0.504883 0.530273 0.503906 0.529297
1 0.510742 0.547852 0.510742 0.548828 0.512695 0.550781 0.512695 0.551758 0.514648 0.553711 0.515625 0.553711 0.516602 0.552734 0.511719 0.547852
0 0.568359 0.423828 0.558594 0.433594 0.558594 0.434570 0.555664 0.437500 0.555664 0.438477 0.552734 0.441406 0.552734 0.442383 0.549805 0.445312 0.549805 0.446289 0.548828 0.447266 0.552734 0.451172 0.553711 0.451172 0.556641 0.454102 0.557617 0.454102 0.561523 0.458008 0.562500 0.458008 0.566406 0.461914 0.569336 0.458984 0.570312 0.458984 0.575195 0.454102 0.575195 0.453125 0.578125 0.450195 0.578125 0.449219 0.581055 0.446289 0.581055 0.445312 0.583984 0.442383 0.583984 0.441406 0.586914 0.438477 0.585938 0.438477 0.582031 0.434570 0.581055 0.434570 0.577148 0.430664 0.576172 0.430664 0.572266 0.426758 0.571289 0.426758
1 0.577148 0.435547 0.576172 0.435547 0.575195 0.434570 0.570312 0.439453 0.570312 0.440430 0.572266 0.440430
0 0.657227 0.541992 0.651367 0.541992 0.650391 0.542969 0.649414 0.542969 0.647461 0.544922 0.647461 0.545898 0.645508 0.547852 0.644531 0.546875 0.643555 0.546875 0.642578 0.547852 0.641602 0.547852 0.639648 0.549805 0.638672 0.549805 0.637695 0.550781 0.636719 0.550781 0.635742 0.551758 0.635742 0.552734 0.636719 0.553711 0.636719 0.554688 0.637695 0.555664 0.637695 0.556641 0.639648 0.558594 0.639648 0.559570 0.640625 0.560547 0.640625 0.561523 0.641602 0.562500 0.641602 0.563477 0.643555 0.565430 0.643555 0.566406 0.644531 0.567383 0.644531 0.568359 0.646484 0.568359 0.647461 0.569336 0.651367 0.569336 0.653320 0.567383 0.654297 0.567383 0.655273 0.566406 0.656250 0.566406 0.658203 0.564453 0.659180 0.564453 0.660156 0.563477 0.661133 0.563477 0.663086 0.561523 0.664062 0.561523 0.665039 0.560547 0.666016 0.560547 0.666992 0.559570 0.666992 0.558594 0.666016 0.557617 0.666016 0.556641 0.665039 0.555664 0.665039 0.554688 0.664062 0.553711 0.664062 0.552734 0.662109 0.550781 0.662109 0.549805 0.661133 0.548828 0.661133 0.547852 0.660156 0.546875 0.660156 0.545898 0.658203 0.543945 0.658203 0.542969
1 0.639648 0.535156 0.639648 0.537109 0.640625 0.538086 0.640625 0.539062 0.641602 0.540039 0.641602 0.541016 0.643555 0.542969 0.643555 0.543945 0.644531 0.544922 0.644531 0.545898 0.645508 0.546875 0.646484 0.545898 0.646484 0.544922 0.644531 0.542969 0.644531 0.541992 0.643555 0.541016 0.643555 0.540039 0.642578 0.539062 0.642578 0.538086 0.640625 0.536133 0.640625 0.535156
0 0.686523 0.586914 0.685547 0.587891 0.682617 0.587891 0.681641 0.588867 0.679688 0.588867 0.678711 0.589844 0.676758 0.589844 0.676758 0.590820 0.675781 0.591797 0.674805 0.591797 0.673828 0.590820 0.671875 0.590820 0.670898 0.591797 0.667969 0.591797 0.665039 0.594727 0.665039 0.597656 0.666016 0.598633 0.666016 0.600586 0.666992 0.601562 0.666992 0.603516 0.667969 0.604492 0.667969 0.607422 0.668945 0.608398 0.668945 0.610352 0.669922 0.611328 0.669922 0.613281 0.670898 0.614258 0.670898 0.615234 0.671875 0.614258 0.674805 0.614258 0.675781 0.613281 0.678711 0.613281 0.679688 0.612305 0.682617 0.612305 0.683594 0.611328 0.686523 0.611328 0.687500 0.610352 0.690430 0.610352 0.691406 0.609375 0.691406 0.608398 0.692383 0.607422 0.692383 0.605469 0.691406 0.604492 0.691406 0.602539 0.690430 0.601562 0.690430 0.598633 0.689453 0.597656 0.689453 0.595703 0.688477 0.594727 0.688477 0.592773 0.687500 0.591797 0.687500 0.588867 0.686523 0.587891
1 0.548828 0.664062 0.547852 0.665039 0.548828 0.666016 0.549805 0.665039
1 0.541016 0.661133 0.540039 0.661133 0.539062 0.662109 0.540039 0.663086 0.541016 0.662109
1 0.670898 0.578125 0.670898 0.579102 0.671875 0.580078 0.671875 0.582031 0.672852 0.583008 0.672852 0.584961 0.673828 0.585938 0.673828 0.588867 0.674805 0.589844 0.674805 0.590820 0.675781 0.590820 0.675781 0.587891 0.674805 0.586914 0.674805 0.583984 0.673828 0.583008 0.673828 0.581055 0.672852 0.580078 0.672852 0.578125
0 0.515625 0.642578 0.515625 0.643555 0.514648 0.644531 0.514648 0.646484 0.513672 0.647461 0.513672 0.649414 0.512695 0.650391 0.512695 0.653320 0.511719 0.654297 0.511719 0.656250 0.510742 0.657227 0.510742 0.659180 0.509766 0.660156 0.509766 0.662109 0.508789 0.663086 0.508789 0.665039 0.509766 0.665039 0.510742 0.666016 0.512695 0.666016 0.513672 0.666992 0.515625 0.666992 0.516602 0.667969 0.517578 0.667969 0.518555 0.668945 0.520508 0.668945 0.521484 0.669922 0.523438 0.669922 0.524414 0.670898 0.526367 0.670898 0.527344 0.671875 0.529297 0.671875 0.530273 0.672852 0.532227 0.672852 0.533203 0.671875 0.535156 0.671875 0.535156 0.670898 0.536133 0.669922 0.536133 0.667969 0.537109 0.666992 0.537109 0.664062 0.538086 0.663086 0.537109 0.663086 0.536133 0.662109 0.536133 0.660156 0.537109 0.659180 0.538086 0.659180 0.539062 0.660156 0.539062 0.658203 0.540039 0.657227 0.540039 0.655273 0.541016 0.654297 0.541016 0.652344 0.541992 0.651367 0.541992 0.649414 0.541016 0.649414 0.540039 0.648438 0.538086 0.648438 0.537109 0.647461 0.535156 0.647461 0.534180 0.646484 0.532227 0.646484 0.531250 0.645508 0.529297 0.645508 0.528320 0.644531 0.527344 0.644531 0.526367 0.643555 0.524414 0.643555 0.523438 0.642578 0.521484 0.642578 0.520508 0.641602 0.519531 0.642578
0 0.612305 0.413086 0.613281 0.414062 0.612305 0.415039 0.611328 0.415039 0.612305 0.416016 0.613281 0.416016 0.614258 0.416992 0.614258 0.415039 0.613281 0.414062 0.613281 0.413086
0 0.598633 0.408203 0.599609 0.409180 0.600586 0.409180 0.604492 0.413086 0.606445 0.413086 0.607422 0.412109 0.608398 0.412109 0.607422 0.412109 0.605469 0.410156 0.603516 0.410156 0.602539 0.409180 0.600586 0.409180 0.599609 0.408203
1 0.541016 0.663086 0.541992 0.664062 0.543945 0.664062 0.544922 0.665039 0.546875 0.665039 0.547852 0.666016 0.548828 0.665039 0.550781 0.666992 0.551758 0.666992 0.551758 0.665039 0.550781 0.665039 0.549805 0.666016 0.547852 0.664062 0.546875 0.664062 0.545898 0.663086 0.544922 0.663086 0.543945 0.662109 0.541992 0.662109
1 0.537109 0.660156 0.537109 0.662109 0.538086 0.662109 0.539062 0.663086 0.538086 0.662109 0.539062 0.661133 0.538086 0.660156
1 0.606445 0.395508 0.608398 0.397461 0.609375 0.397461 0.611328 0.399414 0.612305 0.399414 0.613281 0.398438 0.613281 0.397461 0.611328 0.397461 0.610352 0.398438 0.609375 0.397461 0.608398 0.397461
0 0.606445 0.384766 0.606445 0.385742 0.605469 0.386719 0.605469 0.387695 0.604492 0.388672 0.604492 0.390625 0.603516 0.391602 0.603516 0.392578 0.602539 0.393555 0.602539 0.394531 0.601562 0.395508 0.601562 0.397461 0.600586 0.398438 0.600586 0.399414 0.599609 0.400391 0.599609 0.401367 0.598633 0.402344 0.598633 0.404297 0.597656 0.405273 0.597656 0.407227 0.599609 0.407227 0.600586 0.408203 0.602539 0.408203 0.603516 0.409180 0.605469 0.409180 0.607422 0.411133 0.608398 0.411133 0.609375 0.412109 0.608398 0.413086 0.607422 0.413086 0.606445 0.414062 0.607422 0.414062 0.608398 0.415039 0.610352 0.415039 0.611328 0.416016 0.610352 0.415039 0.611328 0.414062 0.612305 0.414062 0.611328 0.413086 0.612305 0.412109 0.613281 0.412109 0.614258 0.413086 0.614258 0.414062 0.615234 0.415039 0.615234 0.416992 0.616211 0.416992 0.617188 0.417969 0.619141 0.417969 0.620117 0.418945 0.622070 0.418945 0.623047 0.419922 0.625000 0.419922 0.625977 0.420898 0.627930 0.420898 0.627930 0.418945 0.628906 0.417969 0.628906 0.416992 0.629883 0.416016 0.629883 0.415039 0.630859 0.414062 0.630859 0.412109 0.631836 0.411133 0.631836 0.410156 0.632812 0.409180 0.632812 0.408203 0.633789 0.407227 0.633789 0.405273 0.634766 0.404297 0.634766 0.403320 0.635742 0.402344 0.635742 0.401367 0.636719 0.400391 0.636719 0.398438 0.630859 0.392578 0.629883 0.392578 0.627930 0.390625 0.626953 0.390625 0.625977 0.389648 0.624023 0.389648 0.623047 0.388672 0.620117 0.388672 0.619141 0.387695 0.617188 0.387695 0.616211 0.386719 0.613281 0.386719 0.612305 0.385742 0.610352 0.385742 0.609375 0.384766
1 0.604492 0.393555 0.605469 0.394531 0.606445 0.394531 0.608398 0.396484 0.609375 0.396484 0.610352 0.397461 0.611328 0.396484 0.607422 0.392578 0.605469 0.392578
0 0.482422 0.591797 0.481445 0.592773 0.481445 0.596680 0.480469 0.597656 0.480469 0.600586 0.479492 0.601562 0.479492 0.605469 0.478516 0.606445 0.478516 0.609375 0.477539 0.610352 0.478516 0.611328 0.480469 0.611328 0.481445 0.612305 0.484375 0.612305 0.485352 0.613281 0.489258 0.613281 0.490234 0.614258 0.494141 0.614258 0.495117 0.615234 0.498047 0.615234 0.498047 0.611328 0.499023 0.610352 0.499023 0.606445 0.500000 0.605469 0.500000 0.602539 0.500977 0.601562 0.500977 0.595703 0.499023 0.595703 0.498047 0.594727 0.494141 0.594727 0.493164 0.593750 0.489258 0.593750 0.488281 0.592773 0.485352 0.592773 0.484375 0.591797
1 0.467773 0.599609 0.468750 0.598633 0.470703 0.600586 0.474609 0.600586 0.475586 0.601562 0.478516 0.601562 0.479492 0.600586 0.476562 0.600586 0.475586 0.599609 0.471680 0.599609 0.470703 0.598633 0.468750 0.598633
0 0.438477 0.369141 0.437500 0.370117 0.434570 0.370117 0.433594 0.371094 0.431641 0.371094 0.430664 0.372070 0.427734 0.372070 0.426758 0.373047 0.424805 0.373047 0.423828 0.374023 0.420898 0.374023 0.419922 0.375000 0.418945 0.375000 0.417969 0.375977 0.416992 0.375977 0.416016 0.376953 0.415039 0.376953 0.415039 0.377930 0.416016 0.378906 0.416016 0.381836 0.416992 0.382812 0.416992 0.384766 0.417969 0.385742 0.417969 0.387695 0.418945 0.388672 0.418945 0.391602 0.419922 0.392578 0.419922 0.394531 0.420898 0.395508 0.420898 0.396484 0.421875 0.396484 0.422852 0.395508 0.424805 0.395508 0.425781 0.394531 0.428711 0.394531 0.429688 0.393555 0.432617 0.393555 0.433594 0.392578 0.435547 0.392578 0.436523 0.391602 0.439453 0.391602 0.440430 0.390625 0.441406 0.390625 0.443359 0.388672 0.444336 0.388672 0.443359 0.387695 0.443359 0.385742 0.442383 0.384766 0.442383 0.382812 0.441406 0.381836 0.441406 0.378906 0.440430 0.377930 0.440430 0.375977 0.439453 0.375000 0.439453 0.373047 0.438477 0.372070
