0 0.738281 0.311523 0.737305 0.312500 0.737305 0.313477 0.736328 0.314453 0.736328 0.315430 0.734375 0.317383 0.734375 0.318359 0.732422 0.320312 0.732422 0.321289 0.731445 0.322266 0.731445 0.323242 0.729492 0.325195 0.729492 0.326172 0.728516 0.327148 0.728516 0.328125 0.727539 0.329102 0.727539 0.334961 0.726562 0.335938 0.726562 0.340820 0.727539 0.341797 0.728516 0.341797 0.729492 0.342773 0.731445 0.342773 0.732422 0.343750 0.734375 0.341797 0.734375 0.340820 0.735352 0.339844 0.735352 0.338867 0.736328 0.337891 0.737305 0.338867 0.738281 0.338867 0.739258 0.339844 0.738281 0.340820 0.738281 0.341797 0.737305 0.342773 0.737305 0.343750 0.736328 0.344727 0.737305 0.345703 0.738281 0.345703 0.739258 0.346680 0.741211 0.346680 0.742188 0.347656 0.743164 0.347656 0.744141 0.348633 0.745117 0.348633 0.746094 0.349609 0.747070 0.349609 0.748047 0.348633 0.748047 0.347656 0.750000 0.345703 0.750000 0.344727 0.750977 0.343750 0.750977 0.342773 0.751953 0.341797 0.751953 0.340820 0.753906 0.338867 0.753906 0.337891 0.754883 0.336914 0.754883 0.335938 0.756836 0.333984 0.756836 0.333008 0.757812 0.332031 0.757812 0.327148 0.758789 0.326172 0.758789 0.319336 0.756836 0.319336 0.755859 0.318359 0.754883 0.318359 0.753906 0.317383 0.751953 0.317383 0.750977 0.316406 0.750000 0.316406 0.749023 0.315430 0.747070 0.315430 0.746094 0.314453 0.744141 0.314453 0.743164 0.313477 0.742188 0.313477 0.741211 0.312500 0.739258 0.312500
1 0.738281 0.339844 0.737305 0.339844 0.736328 0.338867 0.736328 0.339844 0.735352 0.340820 0.735352 0.341797 0.733398 0.343750 0.733398 0.344727 0.732422 0.345703 0.732422 0.346680 0.730469 0.348633 0.730469 0.349609 0.729492 0.350586 0.729492 0.351562 0.730469 0.352539 0.731445 0.351562 0.731445 0.350586 0.733398 0.348633 0.733398 0.347656 0.734375 0.346680 0.734375 0.345703 0.736328 0.343750 0.736328 0.342773 0.737305 0.341797 0.737305 0.340820
0 0.691406 0.319336 0.690430 0.320312 0.682617 0.320312 0.681641 0.321289 0.672852 0.321289 0.671875 0.322266 0.666992 0.322266 0.666992 0.326172 0.666016 0.327148 0.666016 0.333984 0.665039 0.334961 0.665039 0.343750 0.666016 0.344727 0.666016 0.346680 0.666992 0.347656 0.666992 0.349609 0.667969 0.350586 0.667969 0.352539 0.668945 0.353516 0.668945 0.355469 0.669922 0.356445 0.669922 0.358398 0.670898 0.358398 0.671875 0.357422 0.679688 0.357422 0.680664 0.356445 0.684570 0.356445 0.683594 0.355469 0.683594 0.353516 0.682617 0.352539 0.682617 0.350586 0.681641 0.349609 0.681641 0.346680 0.682617 0.345703 0.684570 0.345703 0.685547 0.346680 0.685547 0.347656 0.686523 0.348633 0.686523 0.350586 0.687500 0.351562 0.687500 0.352539 0.688477 0.353516 0.688477 0.355469 0.694336 0.355469 0.694336 0.354492 0.695312 0.353516 0.695312 0.347656 0.696289 0.346680 0.696289 0.341797 0.697266 0.340820 0.697266 0.333984 0.696289 0.333008 0.696289 0.332031 0.695312 0.331055 0.695312 0.329102 0.694336 0.328125 0.694336 0.326172 0.693359 0.325195 0.693359 0.323242 0.692383 0.322266 0.692383 0.320312
1 0.682617 0.346680 0.682617 0.349609 0.683594 0.350586 0.683594 0.352539 0.684570 0.353516 0.684570 0.355469 0.685547 0.356445 0.685547 0.358398 0.686523 0.359375 0.688477 0.359375 0.688477 0.356445 0.687500 0.355469 0.687500 0.353516 0.686523 0.352539 0.686523 0.351562 0.685547 0.350586 0.685547 0.348633 0.684570 0.347656 0.684570 0.346680
0 0.458984 0.484375 0.458008 0.485352 0.458008 0.486328 0.455078 0.489258 0.455078 0.490234 0.453125 0.492188 0.453125 0.493164 0.451172 0.495117 0.451172 0.496094 0.448242 0.499023 0.448242 0.500000 0.446289 0.501953 0.446289 0.502930 0.449219 0.505859 0.450195 0.505859 0.456055 0.511719 0.457031 0.511719 0.461914 0.516602 0.471680 0.516602 0.474609 0.513672 0.474609 0.512695 0.475586 0.511719 0.474609 0.510742 0.473633 0.510742 0.472656 0.509766 0.472656 0.507812 0.473633 0.506836 0.475586 0.506836 0.477539 0.508789 0.479492 0.506836 0.479492 0.505859 0.481445 0.503906 0.481445 0.502930 0.484375 0.500000 0.484375 0.499023 0.482422 0.497070 0.481445 0.497070 0.476562 0.492188 0.475586 0.492188 0.470703 0.487305 0.469727 0.487305 0.467773 0.485352 0.461914 0.485352 0.460938 0.484375
1 0.473633 0.507812 0.473633 0.509766 0.474609 0.509766 0.480469 0.515625 0.481445 0.515625 0.483398 0.517578 0.485352 0.517578 0.485352 0.516602 0.482422 0.513672 0.481445 0.513672 0.475586 0.507812
0 0.716797 0.532227 0.702148 0.546875 0.714844 0.559570 0.715820 0.559570 0.721680 0.565430 0.722656 0.565430 0.723633 0.566406 0.724609 0.566406 0.730469 0.560547 0.729492 0.559570 0.728516 0.559570 0.725586 0.556641 0.727539 0.554688 0.728516 0.554688 0.732422 0.558594 0.738281 0.552734 0.738281 0.551758 0.732422 0.545898 0.731445 0.545898 0.722656 0.537109 0.721680 0.537109
1 0.727539 0.555664 0.726562 0.556641 0.728516 0.558594 0.729492 0.558594 0.736328 0.565430 0.737305 0.564453 0.728516 0.555664
1 0.417969 0.304688 0.417969 0.305664 0.418945 0.306641 0.417969 0.305664
1 0.414062 0.303711 0.415039 0.303711 0.416016 0.302734 0.415039 0.303711 0.414062 0.302734
0 0.403320 0.281250 0.403320 0.282227 0.402344 0.283203 0.402344 0.285156 0.401367 0.286133 0.401367 0.288086 0.400391 0.289062 0.400391 0.291016 0.399414 0.291992 0.399414 0.293945 0.398438 0.294922 0.398438 0.296875 0.397461 0.297852 0.397461 0.299805 0.396484 0.300781 0.396484 0.302734 0.395508 0.303711 0.397461 0.305664 0.397461 0.306641 0.398438 0.307617 0.398438 0.308594 0.400391 0.310547 0.401367 0.310547 0.402344 0.311523 0.404297 0.311523 0.405273 0.312500 0.407227 0.312500 0.408203 0.313477 0.411133 0.313477 0.412109 0.314453 0.414062 0.314453 0.415039 0.315430 0.416992 0.315430 0.417969 0.316406 0.420898 0.316406 0.421875 0.317383 0.421875 0.316406 0.422852 0.315430 0.422852 0.313477 0.423828 0.312500 0.423828 0.311523 0.424805 0.310547 0.424805 0.308594 0.425781 0.307617 0.425781 0.305664 0.426758 0.304688 0.426758 0.302734 0.427734 0.301758 0.427734 0.299805 0.428711 0.298828 0.428711 0.296875 0.429688 0.295898 0.429688 0.294922 0.427734 0.292969 0.427734 0.291992 0.425781 0.290039 0.425781 0.289062 0.424805 0.288086 0.422852 0.288086 0.421875 0.287109 0.419922 0.287109 0.418945 0.286133 0.416016 0.286133 0.415039 0.285156 0.413086 0.285156 0.412109 0.284180 0.410156 0.284180 0.409180 0.283203 0.407227 0.283203 0.406250 0.282227 0.404297 0.282227
1 0.415039 0.302734 0.416016 0.303711 0.415039 0.304688 0.414062 0.304688 0.416016 0.306641 0.416016 0.307617 0.416992 0.308594 0.417969 0.308594 0.418945 0.309570 0.418945 0.307617 0.416992 0.305664 0.416992 0.303711 0.416016 0.303711
