0 0.585938 0.731445 0.567383 0.750000 0.568359 0.750977 0.568359 0.751953 0.570312 0.753906 0.570312 0.754883 0.573242 0.757812 0.573242 0.758789 0.576172 0.761719 0.576172 0.762695 0.578125 0.764648 0.578125 0.765625 0.581055 0.768555 0.581055 0.769531 0.582031 0.769531 0.583984 0.771484 0.584961 0.771484 0.585938 0.772461 0.586914 0.772461 0.588867 0.774414 0.589844 0.774414 0.591797 0.776367 0.592773 0.776367 0.593750 0.777344 0.612305 0.758789 0.611328 0.757812 0.611328 0.756836 0.608398 0.753906 0.608398 0.752930 0.605469 0.750000 0.605469 0.749023 0.601562 0.745117 0.601562 0.744141 0.598633 0.741211 0.598633 0.740234 0.597656 0.740234 0.594727 0.737305 0.593750 0.737305 0.591797 0.735352 0.590820 0.735352 0.587891 0.732422 0.586914 0.732422
1 0.573242 0.731445 0.572266 0.732422 0.572266 0.733398 0.575195 0.736328 0.575195 0.737305 0.577148 0.739258 0.578125 0.738281 0.578125 0.736328 0.575195 0.733398 0.575195 0.732422 0.574219 0.731445
0 0.500000 0.619141 0.500000 0.620117 0.499023 0.621094 0.499023 0.625000 0.498047 0.625977 0.498047 0.630859 0.497070 0.631836 0.497070 0.636719 0.496094 0.637695 0.496094 0.641602 0.495117 0.642578 0.495117 0.645508 0.496094 0.646484 0.497070 0.646484 0.498047 0.647461 0.499023 0.647461 0.500977 0.649414 0.501953 0.649414 0.502930 0.650391 0.504883 0.650391 0.505859 0.651367 0.512695 0.651367 0.513672 0.652344 0.521484 0.652344 0.522461 0.653320 0.528320 0.653320 0.528320 0.650391 0.529297 0.649414 0.529297 0.644531 0.530273 0.643555 0.530273 0.638672 0.531250 0.637695 0.531250 0.632812 0.532227 0.631836 0.532227 0.627930 0.528320 0.624023 0.527344 0.624023 0.525391 0.622070 0.523438 0.622070 0.522461 0.621094 0.513672 0.621094 0.512695 0.620117 0.504883 0.620117 0.503906 0.619141
1 0.484375 0.631836 0.484375 0.633789 0.485352 0.634766 0.493164 0.634766 0.494141 0.635742 0.496094 0.635742 0.496094 0.633789 0.495117 0.632812 0.488281 0.632812 0.487305 0.631836
0 0.546875 0.452148 0.545898 0.453125 0.544922 0.453125 0.539062 0.458984 0.538086 0.458984 0.532227 0.464844 0.531250 0.464844 0.531250 0.465820 0.532227 0.466797 0.532227 0.468750 0.533203 0.469727 0.533203 0.470703 0.534180 0.471680 0.534180 0.472656 0.536133 0.474609 0.536133 0.475586 0.546875 0.486328 0.547852 0.486328 0.549805 0.484375 0.550781 0.484375 0.555664 0.479492 0.556641 0.479492 0.561523 0.474609 0.562500 0.474609 0.563477 0.473633 0.562500 0.472656 0.562500 0.471680 0.561523 0.470703 0.561523 0.468750 0.560547 0.467773 0.560547 0.466797 0.557617 0.463867 0.557617 0.462891
1 0.538086 0.478516 0.537109 0.477539 0.536133 0.477539 0.535156 0.478516 0.534180 0.478516 0.529297 0.483398 0.528320 0.483398 0.528320 0.484375 0.529297 0.485352 0.530273 0.484375 0.531250 0.484375 0.536133 0.479492 0.537109 0.479492
0 0.526367 0.709961 0.524414 0.709961 0.523438 0.710938 0.520508 0.710938 0.519531 0.711914 0.516602 0.711914 0.515625 0.712891 0.512695 0.712891 0.511719 0.713867 0.509766 0.713867 0.508789 0.714844 0.506836 0.714844 0.506836 0.715820 0.507812 0.716797 0.507812 0.722656 0.508789 0.723633 0.508789 0.728516 0.509766 0.729492 0.509766 0.732422 0.510742 0.733398 0.510742 0.734375 0.511719 0.735352 0.511719 0.737305 0.512695 0.738281 0.512695 0.740234 0.513672 0.741211 0.513672 0.743164 0.516602 0.743164 0.517578 0.742188 0.520508 0.742188 0.521484 0.741211 0.524414 0.741211 0.525391 0.740234 0.528320 0.740234 0.529297 0.739258 0.532227 0.739258 0.533203 0.738281 0.533203 0.734375 0.532227 0.733398 0.532227 0.728516 0.531250 0.727539 0.531250 0.723633 0.530273 0.722656 0.530273 0.720703 0.529297 0.719727 0.529297 0.717773 0.528320 0.716797 0.528320 0.714844 0.527344 0.713867 0.527344 0.711914 0.526367 0.710938
1 0.508789 0.729492 0.507812 0.728516 0.506836 0.728516 0.505859 0.729492 0.502930 0.729492 0.501953 0.730469 0.500000 0.730469 0.499023 0.731445 0.497070 0.731445 0.497070 0.733398 0.499023 0.733398 0.500000 0.732422 0.502930 0.732422 0.503906 0.731445 0.506836 0.731445 0.507812 0.730469 0.508789 0.730469
0 0.640625 0.371094 0.640625 0.381836 0.642578 0.381836 0.643555 0.382812 0.643555 0.384766 0.642578 0.385742 0.640625 0.385742 0.640625 0.395508 0.641602 0.396484 0.658203 0.396484 0.659180 0.395508 0.670898 0.395508 0.670898 0.373047 0.669922 0.372070 0.669922 0.370117 0.651367 0.370117 0.650391 0.371094
1 0.625977 0.383789 0.625977 0.385742 0.627930 0.385742 0.629883 0.383789 0.633789 0.383789 0.634766 0.384766 0.642578 0.384766 0.642578 0.382812 0.633789 0.382812 0.632812 0.383789
