0 0.408203 0.278320 0.408203 0.280273 0.407227 0.281250 0.407227 0.284180 0.406250 0.285156 0.406250 0.288086 0.405273 0.289062 0.405273 0.292969 0.404297 0.293945 0.404297 0.299805 0.405273 0.300781 0.405273 0.303711 0.406250 0.304688 0.407227 0.304688 0.408203 0.305664 0.412109 0.305664 0.413086 0.306641 0.417969 0.306641 0.418945 0.307617 0.422852 0.307617 0.423828 0.308594 0.424805 0.308594 0.425781 0.307617 0.425781 0.304688 0.426758 0.303711 0.426758 0.299805 0.427734 0.298828 0.427734 0.297852 0.425781 0.295898 0.427734 0.293945 0.428711 0.293945 0.428711 0.291016 0.429688 0.290039 0.428711 0.289062 0.428711 0.285156 0.427734 0.284180 0.427734 0.282227 0.426758 0.282227 0.425781 0.281250 0.421875 0.281250 0.420898 0.280273 0.416992 0.280273 0.416016 0.279297 0.411133 0.279297 0.410156 0.278320
1 0.426758 0.295898 0.427734 0.296875 0.431641 0.296875 0.432617 0.297852 0.437500 0.297852 0.438477 0.298828 0.439453 0.298828 0.440430 0.297852 0.440430 0.296875 0.437500 0.296875 0.436523 0.295898 0.432617 0.295898 0.431641 0.294922 0.427734 0.294922
0 0.401367 0.443359 0.401367 0.447266 0.400391 0.448242 0.400391 0.456055 0.399414 0.457031 0.399414 0.460938 0.401367 0.460938 0.402344 0.461914 0.410156 0.461914 0.411133 0.462891 0.416992 0.462891 0.416992 0.461914 0.417969 0.460938 0.417969 0.453125 0.418945 0.452148 0.418945 0.445312 0.416992 0.445312 0.416016 0.444336 0.408203 0.444336 0.407227 0.443359
1 0.388672 0.450195 0.388672 0.451172 0.390625 0.451172 0.391602 0.452148 0.399414 0.452148 0.399414 0.451172 0.391602 0.451172 0.390625 0.450195
0 0.319336 0.466797 0.318359 0.466797 0.317383 0.467773 0.315430 0.467773 0.314453 0.468750 0.312500 0.468750 0.311523 0.469727 0.309570 0.469727 0.308594 0.470703 0.306641 0.470703 0.305664 0.471680 0.303711 0.471680 0.302734 0.472656 0.300781 0.472656 0.299805 0.473633 0.297852 0.473633 0.296875 0.474609 0.294922 0.474609 0.293945 0.475586 0.292969 0.475586 0.292969 0.485352 0.293945 0.486328 0.293945 0.493164 0.295898 0.493164 0.296875 0.492188 0.297852 0.492188 0.298828 0.493164 0.298828 0.494141 0.299805 0.495117 0.299805 0.496094 0.298828 0.497070 0.297852 0.497070 0.296875 0.498047 0.297852 0.499023 0.297852 0.500000 0.298828 0.500977 0.298828 0.501953 0.299805 0.502930 0.299805 0.503906 0.300781 0.504883 0.300781 0.505859 0.301758 0.506836 0.301758 0.507812 0.302734 0.508789 0.302734 0.509766 0.303711 0.510742 0.303711 0.511719 0.304688 0.512695 0.304688 0.513672 0.305664 0.512695 0.306641 0.512695 0.307617 0.511719 0.309570 0.511719 0.310547 0.510742 0.312500 0.510742 0.313477 0.509766 0.315430 0.509766 0.316406 0.508789 0.317383 0.508789 0.318359 0.507812 0.320312 0.507812 0.321289 0.506836 0.323242 0.506836 0.324219 0.505859 0.326172 0.505859 0.327148 0.504883 0.329102 0.504883 0.330078 0.503906 0.331055 0.503906 0.331055 0.488281 0.330078 0.487305 0.330078 0.486328 0.329102 0.485352 0.329102 0.484375 0.328125 0.483398 0.328125 0.482422 0.327148 0.481445 0.327148 0.480469 0.326172 0.479492 0.326172 0.478516 0.324219 0.476562 0.324219 0.475586 0.323242 0.474609 0.323242 0.473633 0.322266 0.472656 0.322266 0.471680 0.321289 0.470703 0.321289 0.469727 0.319336 0.467773
1 0.298828 0.495117 0.297852 0.494141 0.297852 0.493164 0.296875 0.493164 0.295898 0.494141 0.293945 0.494141 0.292969 0.495117 0.291992 0.495117 0.291016 0.496094 0.289062 0.496094 0.288086 0.497070 0.286133 0.497070 0.285156 0.498047 0.283203 0.498047 0.282227 0.499023 0.280273 0.499023 0.280273 0.501953 0.283203 0.501953 0.284180 0.500977 0.286133 0.500977 0.287109 0.500000 0.289062 0.500000 0.290039 0.499023 0.291992 0.499023 0.292969 0.498047 0.294922 0.498047 0.295898 0.497070 0.296875 0.497070 0.297852 0.496094 0.298828 0.496094
0 0.364258 0.331055 0.360352 0.334961 0.359375 0.334961 0.355469 0.338867 0.354492 0.338867 0.353516 0.339844 0.353516 0.347656 0.352539 0.348633 0.352539 0.361328 0.353516 0.361328 0.354492 0.362305 0.356445 0.362305 0.357422 0.363281 0.359375 0.363281 0.360352 0.364258 0.362305 0.364258 0.363281 0.365234 0.365234 0.365234 0.366211 0.366211 0.369141 0.366211 0.370117 0.367188 0.372070 0.367188 0.373047 0.368164 0.374023 0.367188 0.375000 0.367188 0.377930 0.364258 0.378906 0.364258 0.380859 0.362305 0.381836 0.362305 0.384766 0.359375 0.385742 0.359375 0.385742 0.337891 0.384766 0.336914 0.382812 0.336914 0.381836 0.335938 0.379883 0.335938 0.378906 0.334961 0.376953 0.334961 0.375977 0.333984 0.374023 0.333984 0.373047 0.333008 0.372070 0.333008 0.371094 0.332031 0.369141 0.332031 0.368164 0.331055
1 0.369141 0.324219 0.368164 0.325195 0.368164 0.330078 0.369141 0.331055 0.371094 0.331055 0.371094 0.325195 0.370117 0.324219
0 0.616211 0.597656 0.613281 0.600586 0.613281 0.601562 0.611328 0.603516 0.611328 0.607422 0.610352 0.608398 0.610352 0.624023 0.609375 0.625000 0.609375 0.627930 0.614258 0.627930 0.615234 0.628906 0.621094 0.628906 0.622070 0.629883 0.622070 0.626953 0.623047 0.625977 0.625000 0.625977 0.625977 0.626953 0.625977 0.629883 0.628906 0.629883 0.629883 0.630859 0.633789 0.630859 0.638672 0.625977 0.638672 0.623047 0.639648 0.622070 0.639648 0.602539 0.640625 0.601562 0.639648 0.600586 0.632812 0.600586 0.631836 0.599609 0.625977 0.599609 0.625000 0.598633 0.618164 0.598633 0.617188 0.597656
1 0.625000 0.626953 0.623047 0.626953 0.623047 0.635742 0.622070 0.636719 0.622070 0.640625 0.623047 0.641602 0.622070 0.642578 0.622070 0.643555 0.624023 0.643555 0.624023 0.638672 0.625000 0.637695
0 0.431641 0.562500 0.429688 0.564453 0.428711 0.564453 0.426758 0.566406 0.425781 0.566406 0.422852 0.569336 0.422852 0.572266 0.423828 0.573242 0.423828 0.579102 0.424805 0.580078 0.424805 0.584961 0.425781 0.585938 0.431641 0.585938 0.432617 0.586914 0.436523 0.586914 0.436523 0.583008 0.437500 0.582031 0.439453 0.583984 0.439453 0.584961 0.440430 0.585938 0.440430 0.586914 0.441406 0.585938 0.442383 0.585938 0.444336 0.583984 0.445312 0.583984 0.447266 0.582031 0.448242 0.582031 0.450195 0.580078 0.450195 0.578125 0.449219 0.577148 0.449219 0.572266 0.448242 0.571289 0.448242 0.566406 0.447266 0.565430 0.447266 0.563477 0.441406 0.563477 0.440430 0.562500
1 0.437500 0.583984 0.437500 0.588867 0.438477 0.589844 0.438477 0.594727 0.439453 0.593750 0.440430 0.594727 0.440430 0.591797 0.438477 0.589844 0.439453 0.588867 0.439453 0.585938 0.438477 0.584961 0.438477 0.583984
0 0.363281 0.680664 0.362305 0.681641 0.361328 0.681641 0.357422 0.685547 0.356445 0.685547 0.353516 0.688477 0.352539 0.688477 0.350586 0.690430 0.350586 0.692383 0.349609 0.693359 0.349609 0.698242 0.348633 0.699219 0.348633 0.704102 0.347656 0.705078 0.347656 0.707031 0.348633 0.708008 0.349609 0.708008 0.350586 0.708984 0.351562 0.708984 0.352539 0.709961 0.353516 0.709961 0.355469 0.711914 0.356445 0.711914 0.357422 0.712891 0.358398 0.712891 0.359375 0.713867 0.360352 0.713867 0.362305 0.715820 0.363281 0.715820 0.364258 0.716797 0.366211 0.714844 0.367188 0.714844 0.372070 0.709961 0.373047 0.709961 0.375000 0.708008 0.375000 0.707031 0.374023 0.707031 0.371094 0.704102 0.371094 0.703125 0.372070 0.702148 0.375000 0.702148 0.376953 0.704102 0.376953 0.703125 0.377930 0.702148 0.377930 0.698242 0.378906 0.697266 0.378906 0.693359 0.379883 0.692383 0.379883 0.690430 0.377930 0.688477 0.376953 0.688477 0.375977 0.687500 0.375000 0.687500 0.374023 0.686523 0.373047 0.686523 0.371094 0.684570 0.370117 0.684570 0.369141 0.683594 0.368164 0.683594 0.367188 0.682617 0.366211 0.682617 0.365234 0.681641 0.364258 0.681641
1 0.372070 0.703125 0.372070 0.704102 0.374023 0.706055 0.375000 0.706055 0.375977 0.707031 0.376953 0.707031 0.377930 0.708008 0.378906 0.707031 0.380859 0.708984 0.380859 0.709961 0.381836 0.709961 0.382812 0.710938 0.383789 0.710938 0.383789 0.709961 0.384766 0.708984 0.383789 0.708984 0.381836 0.707031 0.380859 0.707031 0.379883 0.706055 0.378906 0.706055 0.377930 0.705078 0.376953 0.705078 0.375000 0.703125
0 0.583984 0.479492 0.583008 0.479492 0.581055 0.477539 0.580078 0.477539 0.578125 0.475586 0.575195 0.475586 0.574219 0.476562 0.569336 0.476562 0.568359 0.477539 0.564453 0.477539 0.563477 0.478516 0.559570 0.478516 0.558594 0.479492 0.556641 0.479492 0.556641 0.485352 0.557617 0.486328 0.557617 0.493164 0.558594 0.494141 0.558594 0.500977 0.559570 0.500977 0.560547 0.501953 0.561523 0.501953 0.562500 0.502930 0.563477 0.502930 0.564453 0.503906 0.569336 0.503906 0.570312 0.502930 0.575195 0.502930 0.576172 0.501953 0.580078 0.501953 0.581055 0.500977 0.585938 0.500977 0.585938 0.495117 0.584961 0.494141 0.584961 0.487305 0.583984 0.486328
1 0.556641 0.492188 0.552734 0.492188 0.551758 0.493164 0.547852 0.493164 0.546875 0.494141 0.546875 0.495117 0.550781 0.495117 0.551758 0.494141 0.556641 0.494141
