0 0.656250 0.520508 0.655273 0.521484 0.655273 0.525391 0.654297 0.526367 0.654297 0.535156 0.653320 0.536133 0.653320 0.544922 0.652344 0.545898 0.652344 0.554688 0.651367 0.555664 0.651367 0.564453 0.654297 0.564453 0.655273 0.565430 0.663086 0.565430 0.664062 0.566406 0.670898 0.566406 0.671875 0.567383 0.678711 0.567383 0.679688 0.568359 0.687500 0.568359 0.688477 0.569336 0.696289 0.569336 0.696289 0.568359 0.698242 0.566406 0.698242 0.563477 0.699219 0.562500 0.699219 0.553711 0.700195 0.552734 0.700195 0.543945 0.701172 0.542969 0.701172 0.534180 0.702148 0.533203 0.702148 0.524414 0.701172 0.523438 0.692383 0.523438 0.691406 0.522461 0.683594 0.522461 0.682617 0.521484 0.673828 0.521484 0.672852 0.520508 0.665039 0.520508 0.664062 0.519531 0.659180 0.519531 0.658203 0.520508
1 0.626953 0.536133 0.626953 0.540039 0.630859 0.540039 0.631836 0.541016 0.638672 0.541016 0.639648 0.541992 0.647461 0.541992 0.648438 0.542969 0.652344 0.542969 0.652344 0.539062 0.646484 0.539062 0.645508 0.538086 0.637695 0.538086 0.636719 0.537109 0.628906 0.537109 0.627930 0.536133
0 0.649414 0.737305 0.649414 0.742188 0.648438 0.743164 0.648438 0.774414 0.653320 0.774414 0.654297 0.775391 0.666992 0.775391 0.667969 0.776367 0.681641 0.776367 0.681641 0.739258 0.680664 0.738281 0.666016 0.738281 0.665039 0.737305
1 0.682617 0.755859 0.682617 0.758789 0.687500 0.758789 0.688477 0.759766 0.703125 0.759766 0.704102 0.760742 0.704102 0.757812 0.703125 0.756836 0.688477 0.756836 0.687500 0.755859
0 0.763672 0.228516 0.759766 0.228516 0.758789 0.227539 0.753906 0.227539 0.752930 0.226562 0.748047 0.226562 0.747070 0.225586 0.746094 0.226562 0.742188 0.226562 0.741211 0.227539 0.737305 0.227539 0.736328 0.228516 0.732422 0.228516 0.731445 0.229492 0.727539 0.229492 0.726562 0.230469 0.723633 0.230469 0.723633 0.257812 0.724609 0.258789 0.727539 0.258789 0.728516 0.259766 0.731445 0.259766 0.732422 0.260742 0.736328 0.260742 0.737305 0.261719 0.744141 0.261719 0.745117 0.260742 0.748047 0.260742 0.749023 0.259766 0.752930 0.259766 0.753906 0.258789 0.757812 0.258789 0.758789 0.257812 0.761719 0.257812 0.762695 0.256836 0.763672 0.256836
1 0.771484 0.237305 0.767578 0.237305 0.766602 0.238281 0.764648 0.238281 0.764648 0.241211 0.765625 0.240234 0.769531 0.240234 0.770508 0.239258 0.771484 0.239258
0 0.735352 0.302734 0.730469 0.302734 0.729492 0.303711 0.728516 0.303711 0.727539 0.304688 0.726562 0.304688 0.724609 0.306641 0.723633 0.306641 0.720703 0.309570 0.719727 0.309570 0.717773 0.311523 0.716797 0.311523 0.714844 0.313477 0.713867 0.313477 0.711914 0.315430 0.710938 0.315430 0.708984 0.317383 0.708008 0.317383 0.705078 0.320312 0.704102 0.320312 0.702148 0.322266 0.701172 0.322266 0.700195 0.323242 0.700195 0.325195 0.702148 0.327148 0.702148 0.328125 0.704102 0.330078 0.704102 0.331055 0.706055 0.333008 0.706055 0.333984 0.708008 0.335938 0.708008 0.336914 0.709961 0.338867 0.709961 0.339844 0.711914 0.341797 0.711914 0.342773 0.713867 0.344727 0.713867 0.345703 0.715820 0.347656 0.715820 0.348633 0.717773 0.350586 0.717773 0.351562 0.718750 0.351562 0.719727 0.352539 0.724609 0.352539 0.725586 0.351562 0.726562 0.351562 0.728516 0.349609 0.729492 0.349609 0.732422 0.346680 0.733398 0.346680 0.735352 0.344727 0.736328 0.344727 0.738281 0.342773 0.739258 0.342773 0.741211 0.340820 0.742188 0.340820 0.744141 0.338867 0.745117 0.338867 0.747070 0.336914 0.748047 0.336914 0.750000 0.334961 0.750977 0.334961 0.752930 0.333008 0.753906 0.333008 0.754883 0.332031 0.753906 0.331055 0.753906 0.330078 0.751953 0.328125 0.751953 0.327148 0.750000 0.325195 0.750000 0.324219 0.748047 0.322266 0.748047 0.321289 0.747070 0.320312 0.747070 0.319336 0.745117 0.317383 0.745117 0.316406 0.743164 0.314453 0.743164 0.313477 0.741211 0.311523 0.741211 0.310547 0.739258 0.308594 0.739258 0.307617 0.737305 0.305664 0.737305 0.304688
1 0.727539 0.327148 0.729492 0.329102 0.729492 0.330078 0.733398 0.330078 0.734375 0.329102 0.735352 0.329102 0.736328 0.328125 0.736328 0.327148 0.734375 0.325195 0.730469 0.325195 0.728516 0.327148
0 0.418945 0.360352 0.418945 0.383789 0.443359 0.383789 0.444336 0.382812 0.446289 0.382812 0.447266 0.381836 0.448242 0.381836 0.448242 0.359375 0.447266 0.358398 0.424805 0.358398 0.423828 0.359375 0.420898 0.359375 0.419922 0.360352
0 0.610352 0.666992 0.609375 0.666992 0.607422 0.668945 0.606445 0.668945 0.604492 0.670898 0.603516 0.670898 0.602539 0.671875 0.601562 0.671875 0.599609 0.673828 0.598633 0.673828 0.596680 0.675781 0.595703 0.675781 0.593750 0.677734 0.592773 0.677734 0.591797 0.678711 0.590820 0.678711 0.589844 0.679688 0.589844 0.683594 0.590820 0.684570 0.590820 0.686523 0.591797 0.687500 0.591797 0.689453 0.592773 0.690430 0.592773 0.692383 0.593750 0.693359 0.593750 0.694336 0.596680 0.697266 0.596680 0.698242 0.599609 0.701172 0.599609 0.702148 0.602539 0.705078 0.602539 0.706055 0.605469 0.708984 0.605469 0.709961 0.607422 0.711914 0.609375 0.709961 0.610352 0.709961 0.612305 0.708008 0.613281 0.708008 0.615234 0.706055 0.616211 0.706055 0.617188 0.705078 0.618164 0.705078 0.620117 0.703125 0.621094 0.703125 0.623047 0.701172 0.624023 0.701172 0.625000 0.700195 0.625977 0.700195 0.627930 0.698242 0.628906 0.698242 0.627930 0.697266 0.627930 0.695312 0.626953 0.694336 0.626953 0.692383 0.625977 0.691406 0.625977 0.690430 0.625000 0.689453 0.625000 0.687500 0.624023 0.686523 0.624023 0.685547 0.623047 0.684570 0.623047 0.683594 0.620117 0.680664 0.620117 0.679688 0.617188 0.676758 0.617188 0.675781 0.615234 0.673828 0.615234 0.672852 0.612305 0.669922 0.612305 0.668945
0 0.439453 0.429688 0.438477 0.430664 0.438477 0.431641 0.437500 0.432617 0.437500 0.433594 0.436523 0.434570 0.436523 0.435547 0.435547 0.436523 0.435547 0.437500 0.434570 0.438477 0.434570 0.439453 0.433594 0.440430 0.433594 0.441406 0.432617 0.442383 0.432617 0.443359 0.431641 0.444336 0.431641 0.445312 0.430664 0.446289 0.430664 0.447266 0.429688 0.448242 0.429688 0.449219 0.428711 0.450195 0.428711 0.451172 0.427734 0.452148 0.427734 0.453125 0.426758 0.454102 0.426758 0.455078 0.427734 0.455078 0.428711 0.456055 0.429688 0.456055 0.430664 0.457031 0.431641 0.457031 0.432617 0.458008 0.433594 0.458008 0.434570 0.458984 0.435547 0.458984 0.436523 0.459961 0.437500 0.459961 0.438477 0.460938 0.439453 0.460938 0.440430 0.461914 0.441406 0.461914 0.442383 0.462891 0.443359 0.462891 0.444336 0.463867 0.445312 0.463867 0.446289 0.464844 0.447266 0.464844 0.448242 0.465820 0.449219 0.465820 0.450195 0.466797 0.453125 0.466797 0.453125 0.465820 0.454102 0.464844 0.454102 0.463867 0.455078 0.462891 0.455078 0.461914 0.456055 0.460938 0.456055 0.459961 0.457031 0.458984 0.457031 0.458008 0.458008 0.457031 0.458008 0.454102 0.460938 0.451172 0.460938 0.450195 0.462891 0.448242 0.462891 0.447266 0.463867 0.446289 0.462891 0.445312 0.465820 0.442383 0.464844 0.441406 0.463867 0.441406 0.462891 0.440430 0.461914 0.440430 0.460938 0.439453 0.459961 0.439453 0.458984 0.438477 0.458008 0.438477 0.457031 0.437500 0.456055 0.437500 0.455078 0.436523 0.454102 0.436523 0.453125 0.435547 0.452148 0.435547 0.451172 0.434570 0.450195 0.434570 0.448242 0.432617 0.447266 0.432617 0.446289 0.431641 0.445312 0.431641 0.444336 0.430664 0.443359 0.430664 0.442383 0.429688
1 0.458984 0.455078 0.458984 0.456055 0.459961 0.456055 0.460938 0.457031 0.461914 0.457031 0.462891 0.458008 0.463867 0.458008 0.464844 0.458984 0.465820 0.458984 0.467773 0.460938 0.468750 0.460938 0.469727 0.461914 0.470703 0.461914 0.471680 0.462891 0.472656 0.462891 0.473633 0.463867 0.475586 0.463867 0.475586 0.461914 0.474609 0.461914 0.473633 0.460938 0.472656 0.460938 0.471680 0.459961 0.470703 0.459961 0.469727 0.458984 0.468750 0.458984 0.467773 0.458008 0.466797 0.458008 0.465820 0.457031 0.464844 0.457031 0.462891 0.455078 0.461914 0.455078 0.460938 0.454102 0.459961 0.454102
