0 0.294286 0.860000 0.290000 0.864286 0.288571 0.864286 0.284286 0.868571 0.282857 0.868571 0.282857 0.870000 0.281429 0.871429 0.281429 0.872857 0.280000 0.874286 0.280000 0.875714 0.278571 0.877143 0.278571 0.878571 0.277143 0.880000 0.277143 0.882857 0.275714 0.884286 0.275714 0.885714 0.274286 0.887143 0.274286 0.888571 0.272857 0.890000 0.272857 0.891429 0.271429 0.892857 0.271429 0.894286 0.270000 0.895714 0.270000 0.897143 0.271429 0.898571 0.272857 0.898571 0.274286 0.900000 0.275714 0.900000 0.278571 0.902857 0.280000 0.902857 0.281429 0.904286 0.282857 0.904286 0.284286 0.905714 0.285714 0.905714 0.288571 0.908571 0.290000 0.908571 0.291429 0.910000 0.292857 0.910000 0.294286 0.911429 0.295714 0.911429 0.297143 0.912857 0.300000 0.912857 0.302857 0.910000 0.304286 0.910000 0.307143 0.907143 0.308571 0.907143 0.312857 0.902857 0.312857 0.901429 0.314286 0.900000 0.314286 0.897143 0.315714 0.895714 0.315714 0.894286 0.317143 0.892857 0.317143 0.891429 0.318571 0.890000 0.318571 0.887143 0.320000 0.885714 0.320000 0.884286 0.321429 0.882857 0.321429 0.881429 0.322857 0.880000 0.322857 0.877143 0.324286 0.875714 0.322857 0.875714 0.320000 0.872857 0.318571 0.872857 0.317143 0.871429 0.315714 0.871429 0.312857 0.868571 0.311429 0.868571 0.310000 0.867143 0.308571 0.867143 0.307143 0.865714 0.305714 0.865714 0.302857 0.862857 0.301429 0.862857 0.300000 0.861429 0.298571 0.861429 0.297143 0.860000
1 0.311429 0.852857 0.310000 0.852857 0.310000 0.854286 0.308571 0.855714 0.308571 0.857143 0.307143 0.858571 0.307143 0.860000 0.305714 0.861429 0.305714 0.864286 0.308571 0.864286 0.308571 0.862857 0.310000 0.861429 0.310000 0.860000 0.311429 0.858571 0.311429 0.855714 0.312857 0.854286
0 0.081429 0.622857 0.070000 0.634286 0.068571 0.634286 0.057143 0.645714 0.055714 0.645714 0.055714 0.647143 0.058571 0.650000 0.058571 0.651429 0.061429 0.654286 0.061429 0.655714 0.064286 0.658571 0.064286 0.660000 0.068571 0.664286 0.070000 0.662857 0.071429 0.662857 0.074286 0.665714 0.074286 0.667143 0.072857 0.668571 0.074286 0.668571 0.088571 0.682857 0.104286 0.667143 0.105714 0.667143 0.114286 0.658571 0.111429 0.655714 0.111429 0.654286 0.110000 0.652857 0.110000 0.651429 0.107143 0.648571 0.107143 0.647143 0.105714 0.645714 0.105714 0.644286 0.100000 0.638571 0.098571 0.638571 0.085714 0.625714 0.084286 0.625714
1 0.072857 0.665714 0.071429 0.664286 0.070000 0.664286 0.068571 0.665714 0.067143 0.665714 0.054286 0.678571 0.052857 0.678571 0.052857 0.680000 0.054286 0.681429 0.055714 0.681429 0.057143 0.680000 0.058571 0.680000 0.071429 0.667143 0.072857 0.667143
0 0.380000 0.942857 0.368571 0.954286 0.367143 0.954286 0.367143 0.955714 0.368571 0.957143 0.370000 0.957143 0.372857 0.960000 0.372857 0.961429 0.370000 0.964286 0.368571 0.964286 0.362857 0.958571 0.358571 0.962857 0.358571 0.965714 0.360000 0.967143 0.360000 0.978571 0.361429 0.980000 0.361429 0.981429 0.365714 0.985714 0.367143 0.985714 0.372857 0.991429 0.374286 0.991429 0.378571 0.995714 0.380000 0.995714 0.382857 0.998571 0.384286 0.998571 0.391429 0.991429 0.392857 0.991429 0.402857 0.981429 0.404286 0.981429 0.405714 0.980000 0.405714 0.972857 0.404286 0.971429 0.404286 0.964286 0.402857 0.962857 0.402857 0.960000 0.400000 0.957143 0.398571 0.957143 0.392857 0.951429 0.391429 0.951429 0.385714 0.945714 0.384286 0.945714 0.381429 0.942857
1 0.354286 0.950000 0.354286 0.951429 0.355714 0.952857 0.357143 0.952857 0.361429 0.957143 0.362857 0.957143 0.368571 0.962857 0.370000 0.962857 0.371429 0.961429 0.371429 0.960000 0.370000 0.958571 0.368571 0.958571 0.362857 0.952857 0.361429 0.952857 0.357143 0.948571 0.355714 0.948571
0 0.601429 0.835714 0.601429 0.837143 0.592857 0.845714 0.592857 0.847143 0.585714 0.854286 0.585714 0.855714 0.580000 0.861429 0.580000 0.862857 0.582857 0.865714 0.582857 0.867143 0.600000 0.884286 0.600000 0.885714 0.601429 0.885714 0.602857 0.887143 0.604286 0.887143 0.605714 0.888571 0.608571 0.888571 0.610000 0.890000 0.611429 0.890000 0.612857 0.891429 0.615714 0.891429 0.617143 0.892857 0.620000 0.892857 0.624286 0.888571 0.624286 0.887143 0.632857 0.878571 0.632857 0.877143 0.641429 0.868571 0.641429 0.865714 0.618571 0.842857 0.617143 0.842857 0.615714 0.841429 0.614286 0.841429 0.612857 0.840000 0.611429 0.840000 0.610000 0.838571 0.607143 0.838571 0.605714 0.837143 0.604286 0.837143 0.602857 0.835714
0 0.280000 0.718571 0.280000 0.721429 0.278571 0.722857 0.278571 0.727143 0.277143 0.728571 0.277143 0.731429 0.275714 0.732857 0.275714 0.734286 0.277143 0.735714 0.277143 0.737143 0.274286 0.740000 0.274286 0.742857 0.272857 0.744286 0.272857 0.745714 0.271429 0.747143 0.271429 0.755714 0.272857 0.757143 0.277143 0.757143 0.278571 0.758571 0.282857 0.758571 0.284286 0.760000 0.287143 0.760000 0.288571 0.761429 0.292857 0.761429 0.294286 0.762857 0.298571 0.762857 0.300000 0.764286 0.302857 0.764286 0.304286 0.762857 0.304286 0.758571 0.305714 0.757143 0.305714 0.754286 0.307143 0.752857 0.307143 0.750000 0.308571 0.748571 0.308571 0.745714 0.310000 0.744286 0.310000 0.740000 0.311429 0.738571 0.311429 0.735714 0.312857 0.734286 0.311429 0.732857 0.311429 0.727143 0.307143 0.727143 0.305714 0.725714 0.302857 0.725714 0.301429 0.724286 0.297143 0.724286 0.295714 0.722857 0.292857 0.722857 0.291429 0.721429 0.287143 0.721429 0.285714 0.720000 0.281429 0.720000
1 0.270000 0.734286 0.271429 0.735714 0.271429 0.737143 0.272857 0.738571 0.274286 0.738571 0.275714 0.737143 0.275714 0.735714 0.272857 0.735714 0.271429 0.734286
1 0.254286 0.731429 0.254286 0.732857 0.257143 0.732857 0.258571 0.734286 0.262857 0.734286 0.264286 0.732857 0.262857 0.734286 0.261429 0.732857 0.261429 0.731429 0.257143 0.731429 0.255714 0.730000
1 0.728571 0.552857 0.731429 0.555714 0.732857 0.554286 0.731429 0.552857 0.730000 0.554286
0 0.755714 0.540000 0.755714 0.541429 0.751429 0.545714 0.751429 0.547143 0.747143 0.551429 0.747143 0.552857 0.741429 0.558571 0.741429 0.560000 0.737143 0.564286 0.737143 0.565714 0.732857 0.570000 0.732857 0.571429 0.728571 0.575714 0.728571 0.577143 0.725714 0.580000 0.725714 0.581429 0.728571 0.584286 0.730000 0.584286 0.732857 0.587143 0.734286 0.587143 0.738571 0.591429 0.740000 0.591429 0.742857 0.594286 0.744286 0.594286 0.748571 0.598571 0.750000 0.598571 0.752857 0.601429 0.754286 0.601429 0.757143 0.604286 0.758571 0.602857 0.758571 0.601429 0.767143 0.592857 0.767143 0.591429 0.771429 0.587143 0.771429 0.585714 0.775714 0.581429 0.775714 0.580000 0.780000 0.575714 0.780000 0.574286 0.784286 0.570000 0.784286 0.568571 0.788571 0.564286 0.788571 0.562857 0.787143 0.561429 0.785714 0.561429 0.781429 0.557143 0.780000 0.557143 0.777143 0.554286 0.775714 0.554286 0.772857 0.551429 0.771429 0.551429 0.767143 0.547143 0.765714 0.547143 0.762857 0.544286 0.761429 0.544286 0.757143 0.540000
1 0.717143 0.547143 0.718571 0.548571 0.720000 0.548571 0.722857 0.551429 0.724286 0.550000 0.725714 0.551429 0.725714 0.552857 0.727143 0.554286 0.728571 0.554286 0.732857 0.558571 0.734286 0.558571 0.737143 0.561429 0.738571 0.561429 0.740000 0.560000 0.740000 0.558571 0.737143 0.555714 0.735714 0.555714 0.731429 0.551429 0.730000 0.551429 0.727143 0.548571 0.725714 0.548571 0.721429 0.544286 0.720000 0.544286
