0 0.348033 0.325387 0.325387 0.348033 0.327771 0.350417 0.327771 0.351609 0.337306 0.361144 0.338498 0.361144 0.352801 0.375447 0.362336 0.365912 0.359952 0.363528 0.359952 0.362336 0.362336 0.359952 0.364720 0.362336 0.374255 0.352801 0.371871 0.350417 0.371871 0.349225
1 0.362336 0.361144 0.361144 0.362336 0.361144 0.363528 0.371871 0.374255 0.373063 0.374255 0.375447 0.376639 0.376639 0.376639 0.376639 0.375447
0 0.615018 0.174017 0.612634 0.174017 0.611442 0.175209 0.607867 0.175209 0.606675 0.176400 0.603099 0.176400 0.601907 0.177592 0.599523 0.177592 0.598331 0.178784 0.594756 0.178784 0.593564 0.179976 0.589988 0.179976 0.588796 0.181168 0.586412 0.181168 0.586412 0.184744 0.585221 0.185936 0.585221 0.189511 0.584029 0.190703 0.584029 0.194279 0.582837 0.195471 0.582837 0.197855 0.581645 0.199046 0.581645 0.202622 0.580453 0.203814 0.580453 0.206198 0.582837 0.208582 0.582837 0.209774 0.586412 0.213349 0.586412 0.214541 0.589988 0.218117 0.589988 0.219309 0.593564 0.222884 0.593564 0.224076 0.595948 0.226460 0.599523 0.226460 0.600715 0.225268 0.603099 0.225268 0.604291 0.224076 0.607867 0.224076 0.609058 0.222884 0.612634 0.222884 0.613826 0.221692 0.616210 0.221692 0.617402 0.220501 0.620977 0.220501 0.622169 0.219309 0.623361 0.219309 0.624553 0.218117 0.624553 0.214541 0.625745 0.213349 0.625745 0.210965 0.626937 0.209774 0.626937 0.207390 0.628129 0.206198 0.628129 0.203814 0.629321 0.202622 0.629321 0.199046 0.630513 0.197855 0.630513 0.193087 0.625745 0.188319 0.625745 0.187128 0.620977 0.182360 0.620977 0.181168 0.616210 0.176400 0.616210 0.175209
1 0.585221 0.176400 0.585221 0.177592 0.587604 0.179976 0.588796 0.179976 0.589988 0.178784 0.591180 0.178784 0.588796 0.176400 0.588796 0.175209 0.586412 0.175209
0 0.262217 0.415971 0.241955 0.436234 0.241955 0.437426 0.243147 0.438617 0.243147 0.443385 0.244338 0.444577 0.244338 0.449344 0.247914 0.452920 0.249106 0.452920 0.252682 0.456496 0.253874 0.456496 0.257449 0.460072 0.258641 0.460072 0.261025 0.462455 0.262217 0.462455 0.265793 0.466031 0.266985 0.466031 0.268176 0.467223 0.288439 0.446961 0.288439 0.443385 0.287247 0.442193 0.287247 0.439809 0.286055 0.438617 0.286055 0.435042 0.284863 0.433850 0.284863 0.432658 0.281287 0.429082 0.277712 0.432658 0.276520 0.432658 0.274136 0.430274 0.274136 0.429082 0.276520 0.426698 0.276520 0.425507 0.275328 0.425507 0.271752 0.421931 0.270560 0.421931 0.266985 0.418355 0.265793 0.418355 0.263409 0.415971
1 0.289631 0.415971 0.288439 0.415971 0.275328 0.429082 0.275328 0.430274 0.276520 0.431466 0.277712 0.431466 0.288439 0.420739 0.288439 0.419547 0.290822 0.417163
0 0.172825 0.504172 0.172825 0.506555 0.171633 0.507747 0.171633 0.511323 0.170441 0.512515 0.170441 0.516091 0.169249 0.517282 0.169249 0.519666 0.168057 0.520858 0.168057 0.524434 0.166865 0.525626 0.166865 0.529201 0.165673 0.530393 0.165673 0.533969 0.164482 0.535161 0.164482 0.542312 0.165673 0.543504 0.165673 0.545888 0.166865 0.547080 0.166865 0.548272 0.168057 0.549464 0.168057 0.551847 0.169249 0.553039 0.169249 0.555423 0.170441 0.556615 0.170441 0.558999 0.171633 0.560191 0.183552 0.560191 0.184744 0.561383 0.202622 0.561383 0.203814 0.562574 0.210965 0.562574 0.212157 0.561383 0.212157 0.557807 0.213349 0.556615 0.213349 0.553039 0.214541 0.551847 0.214541 0.549464 0.215733 0.548272 0.215733 0.544696 0.216925 0.543504 0.216925 0.539928 0.218117 0.538737 0.218117 0.536353 0.219309 0.535161 0.219309 0.531585 0.220501 0.530393 0.220501 0.525626 0.219309 0.524434 0.219309 0.523242 0.218117 0.522050 0.218117 0.520858 0.216925 0.519666 0.216925 0.517282 0.215733 0.516091 0.215733 0.514899 0.214541 0.513707 0.214541 0.512515 0.213349 0.511323 0.213349 0.510131 0.212157 0.508939 0.212157 0.507747 0.203814 0.507747 0.202622 0.506555 0.190703 0.506555 0.189511 0.505364 0.177592 0.505364 0.176400 0.504172
1 0.187128 0.562574 0.184744 0.562574 0.183552 0.561383 0.182360 0.561383 0.182360 0.563766 0.181168 0.564958 0.181168 0.568534 0.179976 0.569726 0.179976 0.575685 0.183552 0.575685 0.183552 0.572110 0.184744 0.570918 0.184744 0.567342 0.185936 0.566150 0.185936 0.563766
1 0.506555 0.357569 0.505364 0.357569 0.504172 0.358760 0.504172 0.359952 0.505364 0.358760 0.506555 0.358760
0 0.476758 0.362336 0.475566 0.363528 0.475566 0.364720 0.473182 0.367104 0.473182 0.368296 0.470799 0.370679 0.470799 0.371871 0.468415 0.374255 0.468415 0.375447 0.466031 0.377831 0.466031 0.379023 0.462455 0.382598 0.462455 0.383790 0.460072 0.386174 0.460072 0.388558 0.461263 0.389750 0.461263 0.390942 0.468415 0.398093 0.468415 0.399285 0.476758 0.407628 0.480334 0.407628 0.481526 0.408820 0.483909 0.408820 0.485101 0.410012 0.487485 0.410012 0.488677 0.411204 0.492253 0.411204 0.493445 0.412396 0.495828 0.412396 0.497020 0.413588 0.499404 0.411204 0.499404 0.410012 0.501788 0.407628 0.501788 0.406436 0.504172 0.404052 0.504172 0.402861 0.506555 0.400477 0.506555 0.399285 0.508939 0.396901 0.508939 0.395709 0.511323 0.393325 0.511323 0.392133 0.513707 0.389750 0.513707 0.388558 0.514899 0.387366 0.510131 0.382598 0.510131 0.381406 0.505364 0.376639 0.505364 0.375447 0.500596 0.370679 0.500596 0.369487 0.499404 0.368296 0.497020 0.368296 0.495828 0.367104 0.492253 0.367104 0.491061 0.365912 0.487485 0.365912 0.486293 0.364720 0.482718 0.364720 0.481526 0.363528 0.477950 0.363528
1 0.414779 0.626937 0.413588 0.625745 0.412396 0.626937 0.411204 0.625745 0.410012 0.626937 0.410012 0.628129 0.408820 0.629321 0.407628 0.628129 0.408820 0.629321 0.410012 0.629321 0.413588 0.625745
1 0.401669 0.625745 0.400477 0.626937 0.399285 0.626937 0.395709 0.630513 0.398093 0.632896 0.401669 0.629321 0.401669 0.628129 0.400477 0.626937
1 0.507747 0.357569 0.507747 0.358760 0.506555 0.359952 0.505364 0.359952 0.504172 0.361144 0.502980 0.361144 0.501788 0.362336 0.501788 0.363528 0.499404 0.365912 0.499404 0.367104 0.501788 0.369487 0.502980 0.368296 0.502980 0.367104 0.505364 0.364720 0.505364 0.363528 0.507747 0.361144 0.507747 0.359952 0.508939 0.358760
0 0.368296 0.603099 0.367104 0.604291 0.365912 0.604291 0.364720 0.605483 0.363528 0.605483 0.362336 0.606675 0.361144 0.606675 0.358760 0.609058 0.357569 0.609058 0.356377 0.610250 0.355185 0.610250 0.353993 0.611442 0.352801 0.611442 0.351609 0.612634 0.350417 0.612634 0.349225 0.613826 0.348033 0.613826 0.346841 0.615018 0.345650 0.615018 0.343266 0.617402 0.342074 0.617402 0.340882 0.618594 0.339690 0.618594 0.338498 0.619785 0.337306 0.619785 0.336114 0.620977 0.334923 0.620977 0.333731 0.622169 0.332539 0.622169 0.331347 0.623361 0.330155 0.623361 0.328963 0.624553 0.327771 0.624553 0.325387 0.626937 0.324195 0.626937 0.323004 0.628129 0.321812 0.628129 0.320620 0.629321 0.319428 0.629321 0.318236 0.630513 0.318236 0.631704 0.319428 0.632896 0.319428 0.635280 0.320620 0.636472 0.320620 0.637664 0.321812 0.638856 0.321812 0.641240 0.323004 0.642431 0.323004 0.643623 0.324195 0.644815 0.324195 0.647199 0.325387 0.648391 0.325387 0.649583 0.326579 0.650775 0.326579 0.653159 0.327771 0.654350 0.327771 0.655542 0.328963 0.656734 0.328963 0.659118 0.330155 0.660310 0.330155 0.661502 0.332539 0.663886 0.332539 0.665077 0.333731 0.666269 0.333731 0.667461 0.334923 0.668653 0.334923 0.669845 0.336114 0.671037 0.336114 0.672229 0.338498 0.674613 0.338498 0.675805 0.339690 0.676996 0.339690 0.678188 0.340882 0.679380 0.340882 0.680572 0.342074 0.681764 0.342074 0.682956 0.344458 0.685340 0.344458 0.686532 0.345650 0.687723 0.345650 0.688915 0.346841 0.690107 0.346841 0.691299 0.349225 0.693683 0.349225 0.694875 0.350417 0.696067 0.350417 0.697259 0.351609 0.698451 0.351609 0.699642 0.352801 0.700834 0.352801 0.702026 0.353993 0.700834 0.355185 0.700834 0.357569 0.698451 0.358760 0.698451 0.359952 0.697259 0.361144 0.697259 0.362336 0.696067 0.363528 0.696067 0.364720 0.694875 0.365912 0.694875 0.368296 0.692491 0.369487 0.692491 0.370679 0.691299 0.371871 0.691299 0.373063 0.690107 0.374255 0.690107 0.376639 0.687723 0.377831 0.687723 0.379023 0.686532 0.380215 0.686532 0.381406 0.685340 0.382598 0.685340 0.383790 0.684148 0.384982 0.684148 0.387366 0.681764 0.388558 0.681764 0.389750 0.680572 0.390942 0.680572 0.392133 0.679380 0.393325 0.679380 0.394517 0.678188 0.395709 0.678188 0.398093 0.675805 0.399285 0.675805 0.400477 0.674613 0.401669 0.674613 0.402861 0.673421 0.401669 0.672229 0.401669 0.668653 0.400477 0.667461 0.400477 0.665077 0.399285 0.663886 0.399285 0.661502 0.398093 0.660310 0.398093 0.656734 0.396901 0.655542 0.396901 0.653159 0.395709 0.651967 0.395709 0.649583 0.394517 0.648391 0.394517 0.644815 0.392133 0.642431 0.392133 0.641240 0.389750 0.638856 0.389750 0.637664 0.388558 0.636472 0.388558 0.635280 0.386174 0.632896 0.386174 0.631704 0.384982 0.630513 0.384982 0.629321 0.382598 0.626937 0.382598 0.625745 0.380215 0.623361 0.380215 0.622169 0.379023 0.620977 0.379023 0.619785 0.376639 0.617402 0.376639 0.616210 0.375447 0.615018 0.375447 0.613826 0.373063 0.611442 0.373063 0.610250 0.370679 0.607867 0.370679 0.606675 0.369487 0.605483 0.369487 0.604291
