0 0.463867 0.551758 0.462891 0.552734 0.462891 0.554688 0.461914 0.555664 0.461914 0.557617 0.460938 0.558594 0.460938 0.560547 0.459961 0.561523 0.459961 0.562500 0.458984 0.563477 0.458984 0.565430 0.458008 0.566406 0.458008 0.568359 0.457031 0.569336 0.457031 0.571289 0.456055 0.572266 0.456055 0.574219 0.455078 0.575195 0.456055 0.575195 0.457031 0.576172 0.458008 0.576172 0.458984 0.577148 0.459961 0.577148 0.460938 0.578125 0.461914 0.578125 0.462891 0.579102 0.463867 0.579102 0.464844 0.580078 0.467773 0.580078 0.468750 0.581055 0.470703 0.581055 0.471680 0.582031 0.473633 0.582031 0.474609 0.583008 0.476562 0.583008 0.477539 0.583984 0.479492 0.583984 0.480469 0.584961 0.483398 0.584961 0.484375 0.585938 0.485352 0.585938 0.485352 0.584961 0.486328 0.583984 0.486328 0.582031 0.487305 0.581055 0.487305 0.580078 0.488281 0.579102 0.488281 0.577148 0.489258 0.576172 0.489258 0.574219 0.490234 0.573242 0.490234 0.571289 0.491211 0.570312 0.491211 0.568359 0.492188 0.567383 0.492188 0.565430 0.493164 0.564453 0.493164 0.563477 0.492188 0.562500 0.491211 0.562500 0.489258 0.560547 0.488281 0.560547 0.486328 0.558594 0.484375 0.558594 0.483398 0.557617 0.481445 0.557617 0.480469 0.556641 0.478516 0.556641 0.477539 0.555664 0.474609 0.555664 0.473633 0.554688 0.471680 0.554688 0.470703 0.553711 0.468750 0.553711 0.467773 0.552734 0.464844 0.552734
0 0.376953 0.486328 0.374023 0.486328 0.373047 0.487305 0.369141 0.487305 0.368164 0.488281 0.363281 0.488281 0.362305 0.489258 0.358398 0.489258 0.357422 0.490234 0.356445 0.490234 0.356445 0.492188 0.355469 0.493164 0.355469 0.504883 0.356445 0.503906 0.360352 0.503906 0.361328 0.504883 0.361328 0.506836 0.360352 0.507812 0.358398 0.507812 0.357422 0.508789 0.354492 0.508789 0.354492 0.510742 0.365234 0.521484 0.366211 0.521484 0.367188 0.520508 0.371094 0.520508 0.372070 0.519531 0.375977 0.519531 0.376953 0.518555 0.380859 0.518555 0.381836 0.517578 0.385742 0.517578 0.386719 0.516602 0.386719 0.506836 0.387695 0.505859 0.387695 0.496094 0.380859 0.489258 0.379883 0.489258
1 0.360352 0.504883 0.356445 0.504883 0.355469 0.505859 0.350586 0.505859 0.349609 0.506836 0.345703 0.506836 0.345703 0.508789 0.346680 0.509766 0.347656 0.509766 0.348633 0.508789 0.352539 0.508789 0.353516 0.507812 0.357422 0.507812 0.358398 0.506836 0.360352 0.506836
0 0.295898 0.230469 0.295898 0.232422 0.294922 0.233398 0.294922 0.235352 0.293945 0.236328 0.293945 0.238281 0.292969 0.239258 0.292969 0.240234 0.291992 0.241211 0.291992 0.243164 0.291016 0.244141 0.291016 0.246094 0.290039 0.247070 0.290039 0.249023 0.289062 0.250000 0.289062 0.251953 0.288086 0.252930 0.288086 0.253906 0.291016 0.256836 0.291016 0.257812 0.295898 0.262695 0.295898 0.263672 0.299805 0.267578 0.299805 0.268555 0.301758 0.270508 0.325195 0.270508 0.326172 0.269531 0.326172 0.267578 0.327148 0.266602 0.327148 0.264648 0.328125 0.263672 0.328125 0.261719 0.329102 0.260742 0.329102 0.258789 0.330078 0.257812 0.330078 0.255859 0.331055 0.254883 0.331055 0.252930 0.332031 0.251953 0.332031 0.250000 0.333008 0.249023 0.333008 0.248047 0.332031 0.247070 0.332031 0.246094 0.330078 0.244141 0.330078 0.243164 0.327148 0.240234 0.327148 0.239258 0.325195 0.237305 0.325195 0.236328 0.322266 0.233398 0.322266 0.232422 0.320312 0.230469
1 0.282227 0.249023 0.282227 0.250977 0.283203 0.251953 0.288086 0.251953 0.288086 0.250000 0.289062 0.249023 0.288086 0.249023 0.287109 0.248047 0.283203 0.248047
0 0.435547 0.421875 0.430664 0.426758 0.429688 0.426758 0.424805 0.431641 0.423828 0.431641 0.418945 0.436523 0.417969 0.436523 0.416992 0.437500 0.416992 0.438477 0.420898 0.442383 0.420898 0.443359 0.425781 0.448242 0.425781 0.449219 0.430664 0.454102 0.430664 0.455078 0.435547 0.459961 0.436523 0.459961 0.437500 0.458984 0.438477 0.458984 0.443359 0.454102 0.444336 0.454102 0.449219 0.449219 0.450195 0.449219 0.455078 0.444336 0.453125 0.442383 0.453125 0.441406 0.449219 0.437500 0.449219 0.436523 0.444336 0.431641 0.444336 0.430664 0.440430 0.426758 0.440430 0.425781 0.439453 0.424805 0.438477 0.424805
1 0.394531 0.445312 0.395508 0.446289 0.395508 0.447266 0.395508 0.445312
1 0.437500 0.442383 0.437500 0.444336 0.439453 0.446289 0.441406 0.446289 0.441406 0.444336 0.439453 0.442383
0 0.523438 0.561523 0.523438 0.562500 0.525391 0.564453 0.525391 0.563477
0 0.388672 0.442383 0.387695 0.443359 0.386719 0.443359 0.385742 0.444336 0.384766 0.444336 0.382812 0.446289 0.381836 0.446289 0.379883 0.448242 0.378906 0.448242 0.377930 0.449219 0.376953 0.449219 0.375000 0.451172 0.374023 0.451172 0.374023 0.453125 0.375000 0.454102 0.375000 0.462891 0.375977 0.463867 0.375977 0.472656 0.376953 0.473633 0.376953 0.478516 0.381836 0.478516 0.382812 0.479492 0.387695 0.479492 0.388672 0.480469 0.393555 0.480469 0.394531 0.481445 0.400391 0.481445 0.401367 0.482422 0.402344 0.481445 0.403320 0.481445 0.406250 0.478516 0.407227 0.478516 0.409180 0.476562 0.410156 0.476562 0.413086 0.473633 0.414062 0.473633 0.416016 0.471680 0.416016 0.464844 0.415039 0.463867 0.415039 0.452148 0.414062 0.451172 0.414062 0.445312 0.411133 0.445312 0.410156 0.444336 0.404297 0.444336 0.403320 0.443359 0.397461 0.443359 0.396484 0.442383 0.396484 0.447266 0.394531 0.449219 0.392578 0.449219 0.391602 0.448242 0.391602 0.442383
1 0.390625 0.429688 0.391602 0.430664 0.391602 0.440430 0.392578 0.441406 0.392578 0.448242 0.394531 0.448242 0.394531 0.446289 0.393555 0.445312 0.394531 0.444336 0.395508 0.444336 0.395508 0.438477 0.393555 0.436523 0.394531 0.435547 0.394531 0.429688
0 0.527344 0.530273 0.520508 0.537109 0.520508 0.538086 0.509766 0.548828 0.515625 0.554688 0.516602 0.554688 0.519531 0.557617 0.519531 0.558594 0.520508 0.558594 0.522461 0.560547 0.522461 0.561523 0.523438 0.560547 0.526367 0.563477 0.526367 0.565430 0.527344 0.566406 0.528320 0.566406 0.529297 0.567383 0.530273 0.567383 0.531250 0.568359 0.531250 0.569336 0.533203 0.571289 0.534180 0.571289 0.536133 0.573242 0.537109 0.573242 0.541016 0.569336 0.541016 0.568359 0.551758 0.557617 0.551758 0.556641 0.553711 0.554688 0.553711 0.553711 0.538086 0.538086 0.537109 0.538086 0.534180 0.535156 0.533203 0.535156 0.530273 0.532227 0.529297 0.532227
