0 0.396484 0.634766 0.395508 0.634766 0.394531 0.635742 0.393555 0.635742 0.390625 0.638672 0.389648 0.638672 0.387695 0.640625 0.386719 0.640625 0.383789 0.643555 0.382812 0.643555 0.379883 0.646484 0.378906 0.646484 0.376953 0.648438 0.375977 0.648438 0.375977 0.650391 0.376953 0.651367 0.376953 0.654297 0.377930 0.655273 0.377930 0.657227 0.378906 0.658203 0.378906 0.659180 0.380859 0.661133 0.380859 0.662109 0.384766 0.666016 0.384766 0.666992 0.388672 0.670898 0.388672 0.671875 0.390625 0.673828 0.390625 0.665039 0.391602 0.664062 0.392578 0.664062 0.400391 0.656250 0.407227 0.656250 0.408203 0.657227 0.412109 0.657227 0.411133 0.656250 0.411133 0.655273 0.410156 0.654297 0.410156 0.652344 0.407227 0.649414 0.407227 0.648438 0.404297 0.645508 0.404297 0.644531 0.400391 0.640625 0.400391 0.639648 0.396484 0.635742
1 0.382812 0.665039 0.381836 0.664062 0.380859 0.664062 0.379883 0.665039 0.378906 0.665039 0.376953 0.666992 0.375977 0.666992 0.373047 0.669922 0.372070 0.669922 0.370117 0.671875 0.370117 0.672852 0.371094 0.673828 0.372070 0.673828 0.375000 0.670898 0.375977 0.670898 0.377930 0.668945 0.378906 0.668945 0.381836 0.666016 0.382812 0.666016
0 0.400391 0.657227 0.392578 0.665039 0.391602 0.665039 0.391602 0.678711 0.390625 0.679688 0.390625 0.694336 0.395508 0.694336 0.396484 0.695312 0.402344 0.695312 0.403320 0.696289 0.409180 0.696289 0.410156 0.697266 0.416992 0.697266 0.417969 0.698242 0.418945 0.698242 0.421875 0.695312 0.421875 0.694336 0.427734 0.688477 0.427734 0.681641 0.423828 0.681641 0.422852 0.680664 0.422852 0.679688 0.423828 0.678711 0.423828 0.677734 0.424805 0.676758 0.428711 0.676758 0.428711 0.660156 0.423828 0.660156 0.422852 0.659180 0.416016 0.659180 0.415039 0.658203 0.408203 0.658203 0.407227 0.657227
1 0.423828 0.679688 0.423828 0.680664 0.429688 0.680664 0.430664 0.681641 0.436523 0.681641 0.437500 0.682617 0.443359 0.682617 0.443359 0.679688 0.438477 0.679688 0.437500 0.678711 0.430664 0.678711 0.429688 0.677734 0.424805 0.677734 0.424805 0.678711
0 0.492188 0.345703 0.485352 0.352539 0.484375 0.352539 0.478516 0.358398 0.477539 0.358398 0.470703 0.365234 0.469727 0.365234 0.468750 0.366211 0.468750 0.368164 0.472656 0.372070 0.472656 0.373047 0.476562 0.376953 0.476562 0.377930 0.479492 0.380859 0.479492 0.381836 0.483398 0.385742 0.483398 0.386719 0.487305 0.390625 0.487305 0.391602 0.488281 0.391602 0.489258 0.392578 0.490234 0.392578 0.492188 0.394531 0.493164 0.394531 0.495117 0.396484 0.496094 0.396484 0.498047 0.398438 0.504883 0.391602 0.505859 0.391602 0.512695 0.384766 0.513672 0.384766 0.520508 0.377930 0.521484 0.377930 0.522461 0.376953 0.522461 0.375977 0.520508 0.374023 0.520508 0.373047 0.517578 0.370117 0.517578 0.369141 0.514648 0.366211 0.514648 0.365234 0.511719 0.362305 0.511719 0.361328 0.508789 0.358398 0.508789 0.357422 0.505859 0.354492 0.505859 0.353516 0.502930 0.350586 0.501953 0.350586 0.500977 0.349609 0.500000 0.349609 0.499023 0.348633 0.498047 0.348633 0.497070 0.347656 0.496094 0.347656 0.495117 0.346680 0.494141 0.346680 0.493164 0.345703
1 0.499023 0.375000 0.501953 0.377930 0.502930 0.377930 0.504883 0.379883 0.505859 0.379883 0.506836 0.380859 0.507812 0.380859 0.508789 0.381836 0.510742 0.379883 0.506836 0.375977 0.505859 0.375977 0.504883 0.375000 0.503906 0.375000 0.501953 0.373047 0.500977 0.373047
0 0.394531 0.536133 0.393555 0.536133 0.391602 0.538086 0.390625 0.538086 0.389648 0.539062 0.388672 0.539062 0.386719 0.541016 0.385742 0.541016 0.384766 0.541992 0.383789 0.541992 0.382812 0.542969 0.381836 0.542969 0.379883 0.544922 0.378906 0.544922 0.377930 0.545898 0.376953 0.545898 0.374023 0.548828 0.374023 0.549805 0.372070 0.551758 0.372070 0.552734 0.371094 0.553711 0.371094 0.554688 0.369141 0.556641 0.369141 0.557617 0.367188 0.559570 0.367188 0.560547 0.365234 0.562500 0.371094 0.568359 0.371094 0.569336 0.378906 0.577148 0.378906 0.578125 0.383789 0.583008 0.385742 0.581055 0.386719 0.581055 0.388672 0.579102 0.389648 0.579102 0.390625 0.578125 0.391602 0.578125 0.393555 0.576172 0.394531 0.576172 0.396484 0.574219 0.397461 0.574219 0.399414 0.572266 0.400391 0.572266 0.401367 0.571289 0.402344 0.571289 0.402344 0.570312 0.404297 0.568359 0.404297 0.567383 0.406250 0.565430 0.406250 0.564453 0.409180 0.561523 0.409180 0.560547 0.411133 0.558594 0.411133 0.557617 0.412109 0.556641 0.412109 0.555664 0.410156 0.553711 0.410156 0.552734 0.401367 0.543945 0.401367 0.542969
0 0.522461 0.516602 0.523438 0.517578 0.524414 0.517578 0.523438 0.517578
1 0.411133 0.544922 0.410156 0.544922 0.409180 0.545898 0.408203 0.545898 0.407227 0.546875 0.406250 0.546875 0.406250 0.547852 0.407227 0.548828 0.409180 0.548828 0.411133 0.546875
1 0.510742 0.500977 0.509766 0.500977 0.509766 0.502930 0.508789 0.503906 0.508789 0.504883 0.508789 0.503906 0.509766 0.502930 0.510742 0.502930 0.511719 0.501953
0 0.384766 0.595703 0.383789 0.596680 0.384766 0.597656 0.384766 0.598633 0.385742 0.598633 0.384766 0.597656
0 0.404297 0.574219 0.403320 0.574219 0.402344 0.575195 0.401367 0.575195 0.400391 0.574219 0.399414 0.575195 0.398438 0.575195 0.397461 0.576172 0.396484 0.576172 0.393555 0.579102 0.392578 0.579102 0.388672 0.583008 0.387695 0.583008 0.384766 0.585938 0.385742 0.585938 0.386719 0.586914 0.388672 0.586914 0.389648 0.587891 0.390625 0.586914 0.391602 0.587891 0.391602 0.583984 0.392578 0.583008 0.393555 0.583984 0.393555 0.589844 0.391602 0.591797 0.386719 0.591797 0.386719 0.592773 0.389648 0.595703 0.390625 0.594727 0.391602 0.594727 0.392578 0.595703 0.392578 0.596680 0.387695 0.601562 0.386719 0.601562 0.385742 0.602539 0.385742 0.603516 0.387695 0.605469 0.387695 0.606445 0.392578 0.611328 0.399414 0.604492 0.400391 0.605469 0.399414 0.604492 0.403320 0.600586 0.404297 0.600586 0.405273 0.599609 0.406250 0.600586 0.405273 0.599609 0.405273 0.598633 0.402344 0.595703 0.402344 0.594727 0.403320 0.593750 0.406250 0.593750 0.407227 0.594727 0.408203 0.593750 0.409180 0.594727 0.411133 0.592773 0.412109 0.593750 0.413086 0.592773 0.414062 0.592773 0.416992 0.589844 0.417969 0.589844 0.415039 0.586914 0.415039 0.585938 0.409180 0.580078 0.409180 0.579102
0 0.493164 0.508789 0.492188 0.509766 0.492188 0.516602 0.491211 0.517578 0.491211 0.525391 0.490234 0.526367 0.490234 0.534180 0.491211 0.535156 0.491211 0.536133 0.494141 0.539062 0.494141 0.540039 0.496094 0.541992 0.496094 0.542969 0.521484 0.542969 0.521484 0.539062 0.522461 0.538086 0.522461 0.532227 0.523438 0.531250 0.523438 0.524414 0.524414 0.523438 0.524414 0.518555 0.523438 0.518555 0.522461 0.517578 0.523438 0.516602 0.519531 0.512695 0.519531 0.511719 0.517578 0.509766 0.511719 0.509766 0.510742 0.510742 0.510742 0.513672 0.509766 0.514648 0.507812 0.514648 0.506836 0.513672 0.506836 0.509766 0.497070 0.509766 0.496094 0.508789
1 0.391602 0.595703 0.390625 0.595703 0.389648 0.596680 0.388672 0.596680 0.385742 0.599609 0.384766 0.599609 0.382812 0.601562 0.382812 0.602539 0.381836 0.603516 0.382812 0.602539 0.383789 0.602539 0.384766 0.601562 0.385742 0.601562 0.388672 0.598633 0.389648 0.598633 0.391602 0.596680
1 0.511719 0.497070 0.510742 0.497070 0.508789 0.499023 0.508789 0.502930 0.509766 0.503906 0.509766 0.504883 0.508789 0.505859 0.508789 0.512695 0.507812 0.513672 0.509766 0.513672 0.509766 0.510742 0.510742 0.509766 0.510742 0.503906 0.509766 0.503906 0.508789 0.502930 0.508789 0.500977 0.509766 0.500000 0.510742 0.500000 0.511719 0.500977
0 0.413086 0.593750 0.412109 0.594727 0.411133 0.593750 0.409180 0.595703 0.408203 0.594727 0.407227 0.595703 0.406250 0.594727 0.403320 0.594727 0.403320 0.595703 0.406250 0.598633 0.406250 0.599609 0.404297 0.601562 0.403320 0.601562 0.395508 0.609375 0.400391 0.604492 0.401367 0.604492 0.403320 0.602539 0.404297 0.602539 0.405273 0.601562 0.405273 0.600586 0.406250 0.599609 0.407227 0.599609
0 0.394531 0.586914 0.395508 0.587891 0.394531 0.588867 0.395508 0.587891 0.396484 0.588867
0 0.389648 0.581055 0.388672 0.582031 0.390625 0.583984 0.391602 0.583008 0.392578 0.583984 0.392578 0.587891 0.391602 0.588867 0.390625 0.587891 0.389648 0.588867 0.388672 0.587891 0.386719 0.587891 0.385742 0.586914 0.383789 0.586914 0.376953 0.593750 0.377930 0.594727 0.378906 0.594727 0.379883 0.595703 0.379883 0.596680 0.381836 0.598633 0.381836 0.599609 0.382812 0.600586 0.383789 0.599609 0.383789 0.597656 0.382812 0.596680 0.384766 0.594727 0.385742 0.595703 0.385742 0.597656 0.386719 0.597656 0.388672 0.595703 0.385742 0.592773 0.385742 0.591797 0.386719 0.590820 0.391602 0.590820 0.392578 0.589844 0.392578 0.583984
0 0.403320 0.572266 0.402344 0.572266 0.401367 0.573242 0.401367 0.574219 0.402344 0.574219 0.403320 0.573242
