0 0.468750 0.663086 0.460938 0.670898 0.460938 0.671875 0.454102 0.678711 0.457031 0.681641 0.457031 0.682617 0.459961 0.685547 0.459961 0.686523 0.462891 0.689453 0.462891 0.690430 0.465820 0.693359 0.465820 0.694336 0.466797 0.694336 0.467773 0.695312 0.470703 0.695312 0.471680 0.696289 0.474609 0.696289 0.475586 0.697266 0.478516 0.697266 0.479492 0.696289 0.479492 0.695312 0.489258 0.685547 0.488281 0.684570 0.487305 0.684570 0.486328 0.683594 0.485352 0.683594 0.484375 0.682617 0.483398 0.682617 0.481445 0.680664 0.480469 0.680664 0.479492 0.679688 0.478516 0.679688 0.477539 0.678711 0.476562 0.678711 0.475586 0.677734 0.474609 0.677734 0.473633 0.676758 0.472656 0.676758 0.471680 0.675781 0.470703 0.675781 0.469727 0.674805 0.469727 0.673828 0.470703 0.672852 0.470703 0.670898 0.471680 0.669922 0.471680 0.666992 0.472656 0.666016 0.472656 0.664062 0.471680 0.663086
1 0.461914 0.690430 0.461914 0.691406 0.455078 0.698242 0.456055 0.699219 0.457031 0.699219 0.463867 0.692383
0 0.549805 0.736328 0.545898 0.736328 0.544922 0.737305 0.537109 0.737305 0.536133 0.738281 0.529297 0.738281 0.528320 0.739258 0.525391 0.739258 0.525391 0.753906 0.526367 0.754883 0.526367 0.759766 0.527344 0.760742 0.527344 0.765625 0.528320 0.766602 0.528320 0.772461 0.529297 0.773438 0.529297 0.774414 0.533203 0.774414 0.534180 0.773438 0.541992 0.773438 0.542969 0.772461 0.549805 0.772461 0.550781 0.771484 0.553711 0.771484 0.553711 0.756836 0.552734 0.755859 0.552734 0.750977 0.551758 0.750000 0.551758 0.746094 0.550781 0.745117 0.550781 0.741211 0.549805 0.740234
1 0.568359 0.750000 0.567383 0.750977 0.560547 0.750977 0.559570 0.751953 0.553711 0.751953 0.553711 0.754883 0.557617 0.754883 0.558594 0.753906 0.565430 0.753906 0.566406 0.752930 0.568359 0.752930
0 0.623047 0.569336 0.619141 0.573242 0.619141 0.574219 0.614258 0.579102 0.614258 0.580078 0.609375 0.584961 0.609375 0.585938 0.603516 0.591797 0.603516 0.592773 0.602539 0.593750 0.615234 0.606445 0.616211 0.606445 0.625000 0.615234 0.628906 0.615234 0.629883 0.616211 0.635742 0.616211 0.639648 0.612305 0.639648 0.611328 0.642578 0.608398 0.641602 0.607422 0.640625 0.607422 0.638672 0.605469 0.641602 0.602539 0.642578 0.602539 0.644531 0.604492 0.645508 0.604492 0.650391 0.599609 0.650391 0.598633 0.656250 0.592773 0.655273 0.591797 0.654297 0.591797 0.643555 0.581055 0.642578 0.581055 0.633789 0.572266 0.632812 0.572266 0.631836 0.571289 0.627930 0.571289 0.626953 0.570312 0.624023 0.570312
1 0.639648 0.605469 0.640625 0.606445 0.641602 0.606445 0.654297 0.619141 0.656250 0.619141 0.657227 0.618164 0.657227 0.617188 0.651367 0.611328 0.650391 0.611328 0.642578 0.603516 0.641602 0.603516
0 0.477539 0.651367 0.477539 0.653320 0.476562 0.654297 0.476562 0.656250 0.475586 0.657227 0.475586 0.660156 0.474609 0.661133 0.474609 0.663086 0.473633 0.664062 0.473633 0.666016 0.472656 0.666992 0.472656 0.669922 0.471680 0.670898 0.471680 0.672852 0.470703 0.673828 0.470703 0.674805 0.471680 0.674805 0.472656 0.675781 0.473633 0.675781 0.474609 0.676758 0.475586 0.676758 0.476562 0.677734 0.477539 0.677734 0.478516 0.678711 0.479492 0.678711 0.480469 0.679688 0.481445 0.679688 0.483398 0.681641 0.484375 0.681641 0.485352 0.682617 0.486328 0.682617 0.487305 0.683594 0.488281 0.683594 0.489258 0.684570 0.494141 0.684570 0.495117 0.683594 0.499023 0.683594 0.500000 0.682617 0.504883 0.682617 0.504883 0.681641 0.505859 0.680664 0.505859 0.677734 0.506836 0.676758 0.506836 0.674805 0.507812 0.673828 0.507812 0.670898 0.508789 0.669922 0.508789 0.667969 0.509766 0.666992 0.509766 0.664062 0.510742 0.663086 0.510742 0.661133 0.511719 0.660156 0.511719 0.658203 0.510742 0.658203 0.509766 0.657227 0.508789 0.657227 0.506836 0.655273 0.505859 0.655273 0.504883 0.654297 0.503906 0.654297 0.502930 0.653320 0.501953 0.653320 0.500977 0.652344 0.500000 0.652344 0.499023 0.651367 0.498047 0.651367 0.497070 0.650391 0.496094 0.650391 0.495117 0.649414 0.494141 0.649414 0.492188 0.647461 0.491211 0.648438 0.488281 0.648438 0.487305 0.649414 0.484375 0.649414 0.483398 0.650391 0.480469 0.650391 0.479492 0.651367
1 0.500000 0.638672 0.498047 0.638672 0.498047 0.640625 0.497070 0.641602 0.497070 0.643555 0.496094 0.644531 0.496094 0.646484 0.495117 0.647461 0.495117 0.648438 0.496094 0.649414 0.498047 0.649414 0.498047 0.647461 0.499023 0.646484 0.499023 0.643555 0.500000 0.642578 0.500000 0.640625 0.500977 0.639648
1 0.573242 0.571289 0.571289 0.571289 0.571289 0.575195 0.572266 0.574219 0.572266 0.572266
0 0.444336 0.626953 0.445312 0.625977 0.444336 0.625000 0.447266 0.622070 0.448242 0.622070 0.449219 0.623047 0.449219 0.625977 0.450195 0.625977 0.451172 0.626953 0.451172 0.627930 0.452148 0.628906 0.453125 0.628906 0.454102 0.627930 0.455078 0.627930 0.457031 0.625977 0.458984 0.625977 0.459961 0.625000 0.461914 0.625000 0.459961 0.623047 0.458984 0.623047 0.458008 0.622070 0.458008 0.623047 0.457031 0.624023 0.455078 0.624023 0.454102 0.623047 0.454102 0.620117 0.453125 0.619141 0.452148 0.619141 0.451172 0.618164 0.450195 0.618164 0.449219 0.617188 0.447266 0.619141 0.447266 0.620117 0.445312 0.622070 0.445312 0.624023 0.444336 0.625000 0.445312 0.625977
0 0.574219 0.561523 0.573242 0.561523 0.572266 0.562500 0.571289 0.562500 0.570312 0.563477 0.569336 0.563477 0.568359 0.564453 0.567383 0.564453 0.565430 0.566406 0.564453 0.566406 0.563477 0.567383 0.562500 0.567383 0.561523 0.568359 0.560547 0.568359 0.559570 0.569336 0.558594 0.569336 0.556641 0.571289 0.555664 0.571289 0.554688 0.572266 0.554688 0.574219 0.553711 0.575195 0.553711 0.579102 0.552734 0.580078 0.552734 0.583008 0.551758 0.583984 0.551758 0.585938 0.554688 0.588867 0.554688 0.589844 0.561523 0.596680 0.561523 0.597656 0.566406 0.602539 0.567383 0.602539 0.568359 0.601562 0.569336 0.601562 0.571289 0.599609 0.572266 0.599609 0.573242 0.598633 0.574219 0.598633 0.576172 0.596680 0.577148 0.596680 0.578125 0.595703 0.579102 0.595703 0.580078 0.594727 0.581055 0.594727 0.583008 0.592773 0.583984 0.592773 0.584961 0.591797 0.584961 0.589844 0.585938 0.588867 0.585938 0.587891 0.586914 0.586914 0.586914 0.583984 0.587891 0.583008 0.587891 0.581055 0.588867 0.580078 0.588867 0.578125 0.587891 0.577148 0.587891 0.576172 0.578125 0.566406 0.578125 0.565430
1 0.448242 0.623047 0.447266 0.624023 0.447266 0.629883 0.446289 0.630859 0.446289 0.636719 0.447266 0.635742 0.447266 0.629883 0.448242 0.628906
1 0.575195 0.564453 0.573242 0.564453 0.573242 0.566406 0.572266 0.567383 0.572266 0.570312 0.573242 0.570312 0.574219 0.571289 0.573242 0.572266 0.573242 0.574219 0.572266 0.575195 0.573242 0.575195 0.573242 0.574219 0.574219 0.573242 0.574219 0.570312 0.575195 0.569336 0.575195 0.567383 0.574219 0.566406 0.575195 0.565430
0 0.450195 0.626953 0.449219 0.626953 0.449219 0.628906 0.448242 0.629883 0.450195 0.629883 0.451172 0.628906 0.450195 0.627930
0 0.449219 0.595703 0.448242 0.596680 0.447266 0.596680 0.446289 0.597656 0.445312 0.597656 0.444336 0.598633 0.443359 0.598633 0.442383 0.599609 0.441406 0.599609 0.440430 0.600586 0.439453 0.600586 0.438477 0.601562 0.437500 0.601562 0.436523 0.602539 0.435547 0.602539 0.435547 0.603516 0.434570 0.604492 0.434570 0.610352 0.433594 0.611328 0.433594 0.616211 0.432617 0.617188 0.432617 0.622070 0.433594 0.623047 0.434570 0.623047 0.435547 0.624023 0.436523 0.624023 0.437500 0.625000 0.438477 0.625000 0.439453 0.625977 0.440430 0.625977 0.441406 0.626953 0.442383 0.626953 0.443359 0.627930 0.444336 0.627930 0.445312 0.626953 0.444336 0.625977 0.445312 0.625000 0.444336 0.624023 0.444336 0.622070 0.446289 0.620117 0.446289 0.619141 0.449219 0.616211 0.450195 0.617188 0.451172 0.617188 0.452148 0.618164 0.453125 0.618164 0.455078 0.620117 0.455078 0.623047 0.457031 0.623047 0.457031 0.622070 0.458008 0.621094 0.458984 0.622070 0.459961 0.622070 0.461914 0.624023 0.462891 0.624023 0.462891 0.622070 0.463867 0.621094 0.463867 0.614258 0.464844 0.613281 0.464844 0.607422 0.465820 0.606445 0.465820 0.604492 0.464844 0.604492 0.463867 0.603516 0.462891 0.603516 0.461914 0.602539 0.460938 0.602539 0.459961 0.601562 0.458984 0.601562 0.458008 0.600586 0.457031 0.600586 0.456055 0.599609 0.455078 0.599609 0.454102 0.598633 0.453125 0.598633 0.451172 0.596680 0.450195 0.596680
1 0.447266 0.623047 0.446289 0.624023 0.446289 0.626953 0.445312 0.627930 0.445312 0.633789 0.444336 0.634766 0.444336 0.635742 0.445312 0.636719 0.445312 0.630859 0.446289 0.629883 0.446289 0.624023
