0 0.577148 0.644531 0.561523 0.660156 0.562500 0.661133 0.562500 0.662109 0.564453 0.664062 0.564453 0.665039 0.565430 0.666016 0.565430 0.666992 0.566406 0.667969 0.566406 0.668945 0.568359 0.670898 0.568359 0.671875 0.569336 0.672852 0.569336 0.673828 0.571289 0.675781 0.571289 0.676758 0.572266 0.677734 0.572266 0.678711 0.573242 0.679688 0.576172 0.679688 0.577148 0.680664 0.588867 0.680664 0.604492 0.665039 0.602539 0.663086 0.602539 0.662109 0.600586 0.660156 0.600586 0.659180 0.599609 0.658203 0.599609 0.657227 0.597656 0.655273 0.597656 0.654297 0.595703 0.652344 0.595703 0.651367 0.594727 0.650391 0.594727 0.649414 0.592773 0.647461 0.592773 0.646484 0.591797 0.645508 0.583984 0.645508 0.583008 0.644531
1 0.569336 0.638672 0.568359 0.639648 0.568359 0.641602 0.569336 0.642578 0.569336 0.643555 0.571289 0.645508 0.571289 0.646484 0.572266 0.647461 0.573242 0.647461 0.574219 0.646484 0.574219 0.645508 0.573242 0.644531 0.573242 0.643555 0.571289 0.641602 0.571289 0.640625 0.570312 0.639648 0.570312 0.638672
0 0.541992 0.340820 0.541016 0.340820 0.540039 0.341797 0.525391 0.341797 0.524414 0.342773 0.510742 0.342773 0.510742 0.372070 0.511719 0.373047 0.511719 0.379883 0.512695 0.380859 0.512695 0.387695 0.525391 0.387695 0.525391 0.375977 0.526367 0.375000 0.528320 0.375000 0.530273 0.376953 0.530273 0.387695 0.531250 0.387695 0.532227 0.386719 0.543945 0.386719 0.543945 0.357422 0.542969 0.356445 0.542969 0.345703 0.541992 0.344727
1 0.526367 0.375977 0.526367 0.393555 0.528320 0.393555 0.529297 0.392578 0.529297 0.376953 0.528320 0.375977
0 0.398438 0.591797 0.395508 0.591797 0.394531 0.592773 0.392578 0.592773 0.391602 0.593750 0.390625 0.593750 0.389648 0.594727 0.388672 0.594727 0.387695 0.595703 0.386719 0.595703 0.385742 0.596680 0.384766 0.596680 0.383789 0.597656 0.382812 0.597656 0.381836 0.598633 0.379883 0.598633 0.378906 0.599609 0.377930 0.599609 0.376953 0.600586 0.375977 0.600586 0.375000 0.601562 0.374023 0.601562 0.373047 0.602539 0.372070 0.602539 0.371094 0.603516 0.369141 0.603516 0.368164 0.604492 0.367188 0.604492 0.368164 0.605469 0.368164 0.607422 0.369141 0.608398 0.369141 0.609375 0.370117 0.610352 0.370117 0.611328 0.371094 0.612305 0.371094 0.614258 0.372070 0.615234 0.372070 0.616211 0.373047 0.617188 0.373047 0.619141 0.374023 0.620117 0.374023 0.621094 0.375000 0.622070 0.375000 0.624023 0.375977 0.625000 0.375977 0.625977 0.376953 0.626953 0.376953 0.627930 0.377930 0.628906 0.377930 0.630859 0.378906 0.631836 0.378906 0.632812 0.380859 0.634766 0.384766 0.634766 0.385742 0.635742 0.386719 0.634766 0.387695 0.634766 0.388672 0.633789 0.389648 0.633789 0.390625 0.632812 0.391602 0.632812 0.392578 0.631836 0.394531 0.631836 0.395508 0.630859 0.396484 0.630859 0.397461 0.629883 0.398438 0.629883 0.399414 0.628906 0.400391 0.628906 0.401367 0.627930 0.402344 0.627930 0.403320 0.626953 0.404297 0.626953 0.405273 0.625977 0.407227 0.625977 0.408203 0.625000 0.409180 0.625000 0.410156 0.624023 0.411133 0.624023 0.412109 0.623047 0.413086 0.623047 0.414062 0.622070 0.413086 0.621094 0.413086 0.619141 0.412109 0.618164 0.412109 0.617188 0.411133 0.616211 0.411133 0.615234 0.410156 0.614258 0.410156 0.612305 0.409180 0.611328 0.409180 0.610352 0.408203 0.609375 0.408203 0.608398 0.406250 0.608398 0.405273 0.607422 0.405273 0.606445 0.404297 0.605469 0.405273 0.604492 0.406250 0.604492 0.406250 0.603516 0.405273 0.602539 0.405273 0.600586 0.404297 0.599609 0.404297 0.598633 0.403320 0.597656 0.403320 0.596680 0.402344 0.595703 0.402344 0.593750 0.401367 0.593750 0.400391 0.592773 0.399414 0.592773
1 0.424805 0.596680 0.423828 0.597656 0.421875 0.597656 0.420898 0.598633 0.419922 0.598633 0.418945 0.599609 0.417969 0.599609 0.416992 0.600586 0.416016 0.600586 0.415039 0.601562 0.414062 0.601562 0.413086 0.602539 0.412109 0.602539 0.411133 0.603516 0.409180 0.603516 0.408203 0.604492 0.407227 0.604492 0.406250 0.605469 0.405273 0.605469 0.406250 0.606445 0.406250 0.607422 0.409180 0.607422 0.410156 0.606445 0.411133 0.606445 0.412109 0.605469 0.413086 0.605469 0.414062 0.604492 0.415039 0.604492 0.416016 0.603516 0.416992 0.603516 0.417969 0.602539 0.419922 0.602539 0.420898 0.601562 0.421875 0.601562 0.422852 0.600586 0.423828 0.600586 0.424805 0.599609 0.425781 0.599609 0.425781 0.598633 0.424805 0.597656
0 0.777344 0.698242 0.771484 0.704102 0.770508 0.704102 0.763672 0.710938 0.762695 0.710938 0.755859 0.717773 0.754883 0.717773 0.750977 0.721680 0.752930 0.723633 0.752930 0.724609 0.756836 0.728516 0.756836 0.729492 0.759766 0.732422 0.759766 0.733398 0.768555 0.742188 0.768555 0.743164 0.784180 0.758789 0.784180 0.759766 0.785156 0.760742 0.786133 0.760742 0.791016 0.755859 0.791992 0.755859 0.798828 0.749023 0.799805 0.749023 0.806641 0.742188 0.807617 0.742188 0.812500 0.737305 0.811523 0.736328 0.811523 0.735352 0.809570 0.733398 0.809570 0.732422 0.807617 0.730469 0.807617 0.729492 0.805664 0.727539 0.805664 0.726562 0.802734 0.723633 0.802734 0.722656 0.778320 0.698242
0 0.651367 0.761719 0.651367 0.763672 0.652344 0.764648 0.652344 0.776367 0.653320 0.777344 0.653320 0.789062 0.654297 0.790039 0.654297 0.791992 0.656250 0.793945 0.662109 0.793945 0.663086 0.792969 0.684570 0.792969 0.684570 0.787109 0.683594 0.786133 0.683594 0.776367 0.682617 0.775391 0.682617 0.765625 0.681641 0.764648 0.681641 0.762695 0.680664 0.761719 0.680664 0.760742 0.667969 0.760742 0.666992 0.761719
1 0.652344 0.779297 0.652344 0.777344 0.651367 0.776367 0.650391 0.777344 0.649414 0.777344 0.648438 0.778320 0.647461 0.777344 0.635742 0.777344 0.634766 0.778320 0.635742 0.779297
1 0.567383 0.243164 0.567383 0.244141 0.566406 0.245117 0.566406 0.246094 0.565430 0.247070 0.565430 0.250977 0.567383 0.250977 0.567383 0.250000 0.568359 0.249023 0.568359 0.248047 0.569336 0.247070 0.569336 0.245117
0 0.573242 0.185547 0.573242 0.186523 0.572266 0.187500 0.572266 0.188477 0.571289 0.189453 0.571289 0.190430 0.570312 0.191406 0.570312 0.192383 0.569336 0.193359 0.569336 0.194336 0.568359 0.195312 0.568359 0.197266 0.567383 0.198242 0.567383 0.199219 0.566406 0.200195 0.566406 0.201172 0.565430 0.202148 0.565430 0.203125 0.564453 0.204102 0.564453 0.205078 0.563477 0.206055 0.563477 0.207031 0.562500 0.208008 0.562500 0.208984 0.561523 0.209961 0.561523 0.210938 0.560547 0.211914 0.560547 0.212891 0.559570 0.213867 0.559570 0.217773 0.558594 0.218750 0.558594 0.227539 0.557617 0.228516 0.557617 0.235352 0.558594 0.235352 0.559570 0.236328 0.560547 0.236328 0.561523 0.237305 0.563477 0.237305 0.564453 0.238281 0.565430 0.238281 0.566406 0.239258 0.568359 0.239258 0.569336 0.238281 0.569336 0.237305 0.570312 0.236328 0.570312 0.235352 0.571289 0.234375 0.571289 0.232422 0.572266 0.231445 0.572266 0.230469 0.573242 0.229492 0.574219 0.230469 0.576172 0.230469 0.577148 0.231445 0.577148 0.233398 0.576172 0.234375 0.576172 0.235352 0.575195 0.236328 0.575195 0.237305 0.574219 0.238281 0.574219 0.240234 0.573242 0.241211 0.574219 0.242188 0.576172 0.242188 0.577148 0.243164 0.579102 0.243164 0.580078 0.244141 0.581055 0.244141 0.582031 0.245117 0.583984 0.245117 0.584961 0.246094 0.585938 0.246094 0.586914 0.247070 0.588867 0.247070 0.589844 0.248047 0.589844 0.247070 0.590820 0.246094 0.590820 0.245117 0.591797 0.244141 0.591797 0.243164 0.592773 0.242188 0.592773 0.240234 0.593750 0.239258 0.593750 0.238281 0.594727 0.237305 0.594727 0.236328 0.595703 0.235352 0.595703 0.234375 0.596680 0.233398 0.596680 0.232422 0.597656 0.231445 0.597656 0.230469 0.598633 0.229492 0.598633 0.227539 0.599609 0.226562 0.599609 0.225586 0.600586 0.224609 0.600586 0.223633 0.601562 0.222656 0.601562 0.221680 0.602539 0.220703 0.602539 0.219727 0.603516 0.218750 0.603516 0.213867 0.604492 0.212891 0.604492 0.208984 0.605469 0.208008 0.605469 0.204102 0.606445 0.203125 0.606445 0.199219 0.607422 0.198242 0.606445 0.198242 0.605469 0.197266 0.603516 0.197266 0.602539 0.196289 0.600586 0.196289 0.599609 0.195312 0.598633 0.195312 0.597656 0.194336 0.595703 0.194336 0.594727 0.193359 0.592773 0.193359 0.591797 0.192383 0.590820 0.192383 0.589844 0.191406 0.587891 0.191406 0.586914 0.190430 0.584961 0.190430 0.583984 0.189453 0.583008 0.189453 0.582031 0.188477 0.580078 0.188477 0.579102 0.187500 0.577148 0.187500 0.576172 0.186523 0.575195 0.186523 0.574219 0.185547
1 0.358398 0.310547 0.356445 0.312500 0.357422 0.311523 0.358398 0.311523
1 0.564453 0.250000 0.564453 0.251953 0.565430 0.252930 0.566406 0.252930 0.567383 0.251953 0.565430 0.251953 0.564453 0.250977
1 0.573242 0.230469 0.573242 0.231445 0.572266 0.232422 0.572266 0.234375 0.571289 0.235352 0.571289 0.236328 0.570312 0.237305 0.570312 0.238281 0.569336 0.239258 0.569336 0.240234 0.568359 0.241211 0.568359 0.243164 0.570312 0.245117 0.570312 0.246094 0.570312 0.245117 0.571289 0.244141 0.571289 0.243164 0.572266 0.242188 0.572266 0.241211 0.573242 0.240234 0.573242 0.238281 0.574219 0.237305 0.574219 0.236328 0.575195 0.235352 0.575195 0.234375 0.576172 0.233398 0.576172 0.231445 0.574219 0.231445
0 0.315430 0.467773 0.314453 0.467773 0.314453 0.468750 0.313477 0.469727 0.313477 0.473633 0.312500 0.474609 0.313477 0.475586 0.312500 0.474609 0.313477 0.473633 0.314453 0.473633 0.314453 0.471680 0.316406 0.469727 0.315430 0.468750
0 0.318359 0.451172 0.318359 0.452148 0.317383 0.453125 0.318359 0.454102 0.317383 0.455078 0.317383 0.456055 0.316406 0.457031 0.316406 0.460938 0.315430 0.461914 0.321289 0.461914 0.322266 0.462891 0.324219 0.460938 0.323242 0.459961 0.324219 0.458984 0.323242 0.458008 0.323242 0.457031 0.322266 0.456055 0.318359 0.456055 0.317383 0.455078 0.319336 0.453125 0.320312 0.453125 0.320312 0.452148 0.319336 0.452148
0 0.335938 0.306641 0.335938 0.307617 0.330078 0.313477 0.330078 0.314453 0.324219 0.320312 0.324219 0.321289 0.318359 0.327148 0.318359 0.329102 0.321289 0.332031 0.321289 0.333008 0.324219 0.335938 0.324219 0.336914 0.327148 0.339844 0.327148 0.340820 0.328125 0.340820 0.331055 0.343750 0.332031 0.343750 0.333984 0.345703 0.334961 0.345703 0.337891 0.348633 0.338867 0.348633 0.341797 0.351562 0.342773 0.351562 0.345703 0.354492 0.346680 0.354492 0.347656 0.355469 0.353516 0.349609 0.353516 0.348633 0.360352 0.341797 0.360352 0.340820 0.366211 0.334961 0.366211 0.333984 0.362305 0.330078 0.362305 0.329102 0.357422 0.324219 0.357422 0.323242 0.355469 0.321289 0.351562 0.321289 0.349609 0.319336 0.349609 0.317383 0.346680 0.314453 0.345703 0.314453 0.341797 0.310547 0.340820 0.310547 0.336914 0.306641
1 0.296875 0.466797 0.297852 0.467773 0.300781 0.467773 0.301758 0.468750 0.304688 0.468750 0.305664 0.467773 0.307617 0.469727 0.310547 0.469727 0.309570 0.468750 0.310547 0.467773 0.306641 0.467773 0.305664 0.466797 0.302734 0.466797 0.301758 0.465820 0.298828 0.465820 0.297852 0.466797
1 0.363281 0.304688 0.362305 0.304688 0.362305 0.305664 0.356445 0.311523 0.357422 0.312500 0.356445 0.313477 0.355469 0.313477 0.350586 0.318359 0.350586 0.319336 0.351562 0.320312 0.353516 0.320312 0.358398 0.315430 0.358398 0.314453 0.364258 0.308594 0.364258 0.307617 0.365234 0.306641
0 0.311523 0.480469 0.311523 0.482422 0.310547 0.483398 0.310547 0.488281 0.309570 0.489258 0.311523 0.489258 0.312500 0.490234 0.316406 0.490234 0.317383 0.491211 0.321289 0.491211 0.322266 0.492188 0.321289 0.491211 0.321289 0.489258 0.320312 0.488281 0.320312 0.486328 0.319336 0.485352 0.319336 0.484375 0.318359 0.483398 0.318359 0.481445 0.317383 0.480469
0 0.315430 0.473633 0.314453 0.474609 0.313477 0.474609 0.312500 0.475586 0.313477 0.474609 0.314453 0.475586 0.315430 0.475586
0 0.333008 0.455078 0.332031 0.454102 0.328125 0.454102 0.327148 0.453125 0.324219 0.453125 0.323242 0.452148 0.321289 0.452148 0.321289 0.453125 0.320312 0.454102 0.319336 0.454102 0.318359 0.455078 0.317383 0.454102 0.318359 0.455078 0.322266 0.455078 0.324219 0.457031 0.324219 0.458008 0.325195 0.458984 0.321289 0.462891 0.315430 0.462891 0.315430 0.464844 0.314453 0.465820 0.314453 0.466797 0.315430 0.466797 0.316406 0.467773 0.316406 0.468750 0.317383 0.468750 0.319336 0.466797 0.319336 0.465820 0.321289 0.463867 0.321289 0.462891 0.329102 0.455078
1 0.292969 0.464844 0.292969 0.467773 0.295898 0.467773 0.296875 0.468750 0.300781 0.468750 0.301758 0.469727 0.304688 0.469727 0.305664 0.470703 0.309570 0.470703 0.310547 0.471680 0.312500 0.471680 0.311523 0.470703 0.313477 0.468750 0.310547 0.468750 0.311523 0.469727 0.310547 0.470703 0.307617 0.470703 0.304688 0.467773 0.305664 0.468750 0.304688 0.469727 0.301758 0.469727 0.300781 0.468750 0.297852 0.468750 0.295898 0.466797 0.296875 0.465820 0.297852 0.465820 0.296875 0.465820 0.295898 0.464844
0 0.356445 0.454102 0.351562 0.454102 0.350586 0.455078 0.333984 0.455078 0.333008 0.456055 0.329102 0.456055 0.325195 0.459961 0.325195 0.460938 0.320312 0.465820 0.320312 0.466797 0.315430 0.471680 0.315430 0.472656 0.316406 0.473633 0.316406 0.475586 0.317383 0.476562 0.317383 0.478516 0.318359 0.479492 0.318359 0.480469 0.319336 0.481445 0.319336 0.483398 0.320312 0.484375 0.320312 0.485352 0.321289 0.486328 0.321289 0.488281 0.322266 0.489258 0.322266 0.491211 0.323242 0.492188 0.323242 0.493164 0.324219 0.494141 0.324219 0.496094 0.325195 0.497070 0.325195 0.498047 0.326172 0.499023 0.334961 0.499023 0.335938 0.498047 0.353516 0.498047 0.354492 0.497070 0.354492 0.496094 0.357422 0.493164 0.357422 0.492188 0.359375 0.490234 0.359375 0.489258 0.362305 0.486328 0.362305 0.485352 0.365234 0.482422 0.365234 0.481445 0.366211 0.480469 0.365234 0.479492 0.365234 0.477539 0.364258 0.476562 0.364258 0.475586 0.363281 0.474609 0.363281 0.472656 0.362305 0.471680 0.362305 0.469727 0.361328 0.468750 0.361328 0.466797 0.360352 0.465820 0.360352 0.463867 0.359375 0.462891 0.359375 0.460938 0.358398 0.459961 0.358398 0.458008 0.357422 0.457031 0.357422 0.455078
1 0.308594 0.476562 0.309570 0.477539 0.308594 0.478516 0.308594 0.479492 0.317383 0.479492 0.316406 0.478516 0.316406 0.476562 0.315430 0.477539 0.314453 0.476562 0.310547 0.476562 0.309570 0.477539
