0 0.271410 0.508564 0.271410 0.509881 0.270092 0.511199 0.270092 0.513834 0.268775 0.515152 0.268775 0.517787 0.267457 0.519104 0.267457 0.521739 0.266140 0.523057 0.266140 0.524374 0.264822 0.525692 0.264822 0.528327 0.263505 0.529644 0.263505 0.532279 0.262187 0.533597 0.262187 0.537549 0.260870 0.538867 0.260870 0.544137 0.259552 0.545455 0.259552 0.548090 0.262187 0.548090 0.263505 0.549407 0.266140 0.549407 0.267457 0.550725 0.270092 0.550725 0.271410 0.552042 0.275362 0.552042 0.276680 0.553360 0.279315 0.553360 0.280632 0.554677 0.283267 0.554677 0.284585 0.555995 0.288538 0.555995 0.288538 0.553360 0.289855 0.552042 0.289855 0.549407 0.291173 0.548090 0.291173 0.546772 0.292490 0.545455 0.292490 0.542819 0.293808 0.541502 0.293808 0.538867 0.295125 0.537549 0.295125 0.536232 0.296443 0.534914 0.296443 0.530962 0.297760 0.529644 0.297760 0.524374 0.299078 0.523057 0.299078 0.517787 0.297760 0.516469 0.295125 0.516469 0.293808 0.515152 0.291173 0.515152 0.289855 0.513834 0.287220 0.513834 0.285903 0.512516 0.283267 0.512516 0.281950 0.511199 0.277997 0.511199 0.276680 0.509881 0.274045 0.509881 0.272727 0.508564
1 0.295125 0.538867 0.296443 0.538867 0.297760 0.540184 0.301713 0.540184 0.303030 0.541502 0.305665 0.541502 0.306983 0.542819 0.309618 0.542819 0.310935 0.544137 0.312253 0.544137 0.313570 0.542819 0.313570 0.541502 0.312253 0.541502 0.310935 0.540184 0.308300 0.540184 0.306983 0.538867 0.304348 0.538867 0.303030 0.537549 0.300395 0.537549 0.299078 0.536232 0.296443 0.536232 0.296443 0.537549
0 0.527009 0.447958 0.525692 0.449275 0.524374 0.449275 0.509881 0.463768 0.509881 0.465086 0.495389 0.479578 0.495389 0.480896 0.488801 0.487484 0.488801 0.488801 0.490119 0.488801 0.507246 0.505929 0.508564 0.505929 0.517787 0.515152 0.519104 0.515152 0.521739 0.512516 0.523057 0.512516 0.528327 0.507246 0.529644 0.507246 0.536232 0.500659 0.536232 0.499341 0.545455 0.490119 0.545455 0.488801 0.554677 0.479578 0.554677 0.478261 0.555995 0.476943 0.554677 0.475626 0.554677 0.474308 0.552042 0.471673 0.552042 0.470356 0.550725 0.470356 0.532279 0.451910 0.530962 0.451910
1 0.488801 0.446640 0.484848 0.450593 0.486166 0.450593 0.503294 0.467721 0.505929 0.467721 0.508564 0.465086 0.507246 0.463768 0.505929 0.463768
0 0.395257 0.242424 0.393939 0.243742 0.393939 0.245059 0.392622 0.246377 0.392622 0.249012 0.391304 0.250329 0.391304 0.251647 0.389987 0.252964 0.389987 0.255599 0.388669 0.256917 0.388669 0.258235 0.387352 0.259552 0.387352 0.262187 0.386034 0.263505 0.386034 0.264822 0.384717 0.266140 0.384717 0.270092 0.386034 0.271410 0.386034 0.277997 0.387352 0.279315 0.387352 0.284585 0.388669 0.285903 0.388669 0.291173 0.393939 0.291173 0.395257 0.292490 0.396574 0.292490 0.396574 0.289855 0.397892 0.288538 0.397892 0.285903 0.399209 0.284585 0.399209 0.283267 0.401845 0.280632 0.404480 0.280632 0.405797 0.281950 0.405797 0.284585 0.404480 0.285903 0.404480 0.287220 0.403162 0.288538 0.403162 0.291173 0.401845 0.292490 0.403162 0.293808 0.409750 0.293808 0.411067 0.295125 0.417655 0.295125 0.418972 0.296443 0.421607 0.296443 0.421607 0.293808 0.422925 0.292490 0.422925 0.291173 0.424242 0.289855 0.424242 0.287220 0.425560 0.285903 0.425560 0.283267 0.426877 0.281950 0.426877 0.280632 0.428195 0.279315 0.428195 0.276680 0.429513 0.275362 0.429513 0.272727 0.430830 0.271410 0.430830 0.268775 0.429513 0.267457 0.429513 0.258235 0.428195 0.256917 0.428195 0.249012 0.426877 0.247694 0.424242 0.247694 0.422925 0.246377 0.416337 0.246377 0.415020 0.245059 0.407115 0.245059 0.405797 0.243742 0.399209 0.243742 0.397892 0.242424
1 0.404480 0.281950 0.401845 0.281950 0.400527 0.283267 0.400527 0.284585 0.399209 0.285903 0.399209 0.288538 0.397892 0.289855 0.397892 0.292490 0.396574 0.293808 0.396574 0.295125 0.395257 0.296443 0.395257 0.300395 0.397892 0.300395 0.397892 0.299078 0.399209 0.297760 0.399209 0.295125 0.400527 0.293808 0.400527 0.292490 0.401845 0.291173 0.401845 0.288538 0.403162 0.287220 0.403162 0.285903 0.404480 0.284585
0 0.000000 0.405797 0.000000 0.465086 0.001318 0.466403 0.003953 0.466403 0.005270 0.467721 0.006588 0.467721 0.007905 0.469038 0.010540 0.469038 0.011858 0.467721 0.011858 0.466403 0.014493 0.463768 0.014493 0.462451 0.017128 0.459816 0.017128 0.458498 0.019763 0.455863 0.019763 0.454545 0.021080 0.453228 0.021080 0.451910 0.023715 0.449275 0.023715 0.446640 0.025033 0.445323 0.025033 0.441370 0.026350 0.440053 0.026350 0.437418 0.027668 0.436100 0.027668 0.432148 0.028986 0.430830 0.028986 0.428195 0.030303 0.426877 0.030303 0.422925 0.031621 0.421607 0.031621 0.417655 0.028986 0.417655 0.027668 0.416337 0.025033 0.416337 0.023715 0.415020 0.022398 0.415020 0.021080 0.413702 0.018445 0.413702 0.017128 0.412385 0.014493 0.412385 0.013175 0.411067 0.011858 0.411067 0.010540 0.409750 0.007905 0.409750 0.006588 0.408432 0.003953 0.408432 0.002635 0.407115 0.001318 0.407115
0 0.105402 0.446640 0.101449 0.450593 0.100132 0.450593 0.094862 0.455863 0.093544 0.455863 0.089592 0.459816 0.088274 0.459816 0.084321 0.463768 0.083004 0.463768 0.081686 0.465086 0.081686 0.475626 0.083004 0.476943 0.083004 0.483531 0.084321 0.484848 0.085639 0.484848 0.092227 0.491436 0.093544 0.491436 0.098814 0.496706 0.100132 0.496706 0.105402 0.501976 0.106719 0.500659 0.108037 0.500659 0.113307 0.495389 0.114625 0.495389 0.119895 0.490119 0.121212 0.490119 0.126482 0.484848 0.127800 0.484848 0.129117 0.483531 0.129117 0.469038 0.127800 0.467721 0.127800 0.465086 0.126482 0.463768 0.125165 0.463768 0.118577 0.457181 0.117260 0.457181 0.111989 0.451910 0.110672 0.451910
1 0.557312 0.474308 0.555995 0.475626 0.557312 0.475626
1 0.134387 0.453228 0.133070 0.451910 0.131752 0.451910 0.130435 0.453228 0.129117 0.453228 0.123847 0.458498 0.122530 0.458498 0.122530 0.459816 0.123847 0.461133 0.125165 0.459816 0.127800 0.459816 0.133070 0.454545 0.134387 0.454545
0 0.594203 0.472991 0.592885 0.474308 0.591568 0.474308 0.590250 0.475626 0.588933 0.475626 0.587615 0.476943 0.586298 0.476943 0.584980 0.478261 0.583663 0.478261 0.582345 0.479578 0.581028 0.479578 0.579710 0.480896 0.578393 0.480896 0.577075 0.482213 0.575758 0.482213 0.574440 0.483531 0.573123 0.483531 0.571805 0.484848 0.570487 0.484848 0.569170 0.486166 0.567852 0.486166 0.566535 0.487484 0.563900 0.487484 0.562582 0.488801 0.561265 0.488801 0.559947 0.490119 0.558630 0.490119 0.557312 0.491436 0.555995 0.491436 0.554677 0.492754 0.553360 0.492754 0.552042 0.494071 0.550725 0.494071 0.550725 0.512516 0.549407 0.513834 0.549407 0.516469 0.550725 0.517787 0.550725 0.519104 0.553360 0.521739 0.553360 0.523057 0.555995 0.525692 0.555995 0.527009 0.557312 0.528327 0.557312 0.529644 0.559947 0.532279 0.559947 0.533597 0.562582 0.536232 0.562582 0.537549 0.563900 0.538867 0.563900 0.540184 0.566535 0.542819 0.566535 0.544137 0.569170 0.546772 0.569170 0.548090 0.570487 0.549407 0.570487 0.550725 0.573123 0.553360 0.573123 0.554677 0.574440 0.555995 0.575758 0.555995 0.577075 0.554677 0.578393 0.554677 0.579710 0.553360 0.581028 0.553360 0.582345 0.552042 0.583663 0.552042 0.584980 0.550725 0.586298 0.550725 0.587615 0.549407 0.588933 0.549407 0.590250 0.548090 0.591568 0.548090 0.592885 0.546772 0.594203 0.546772 0.595520 0.545455 0.596838 0.545455 0.598155 0.544137 0.599473 0.544137 0.602108 0.541502 0.603426 0.541502 0.604743 0.540184 0.606061 0.540184 0.607378 0.538867 0.608696 0.538867 0.610013 0.537549 0.611331 0.537549 0.612648 0.536232 0.613966 0.536232 0.615283 0.534914 0.616601 0.534914 0.617918 0.533597 0.617918 0.527009 0.619236 0.525692 0.619236 0.517787 0.620553 0.516469 0.620553 0.512516 0.619236 0.511199 0.619236 0.509881 0.616601 0.507246 0.616601 0.505929 0.613966 0.503294 0.613966 0.501976 0.611331 0.499341 0.611331 0.498024 0.608696 0.495389 0.608696 0.494071 0.606061 0.491436 0.606061 0.490119 0.603426 0.487484 0.603426 0.486166 0.602108 0.484848 0.602108 0.483531 0.599473 0.480896 0.599473 0.479578 0.596838 0.476943 0.596838 0.475626
1 0.555995 0.467721 0.553360 0.470356 0.553360 0.471673 0.555995 0.474308 0.557312 0.472991 0.558630 0.474308 0.558630 0.475626 0.557312 0.476943 0.558630 0.478261 0.558630 0.479578 0.561265 0.482213 0.561265 0.483531 0.562582 0.484848 0.562582 0.486166 0.566535 0.486166 0.567852 0.484848 0.567852 0.483531 0.565217 0.480896 0.565217 0.479578 0.562582 0.476943 0.562582 0.475626 0.561265 0.474308 0.561265 0.472991 0.558630 0.470356 0.558630 0.469038 0.557312 0.467721
1 0.740448 0.413702 0.739130 0.415020 0.739130 0.416337 0.740448 0.417655 0.741765 0.416337 0.740448 0.415020
0 0.728590 0.371542 0.723320 0.376812 0.723320 0.378129 0.715415 0.386034 0.715415 0.387352 0.708827 0.393939 0.708827 0.395257 0.707510 0.396574 0.707510 0.400527 0.708827 0.401845 0.708827 0.404480 0.710145 0.405797 0.710145 0.408432 0.711462 0.409750 0.711462 0.412385 0.712780 0.413702 0.712780 0.415020 0.714097 0.416337 0.714097 0.418972 0.715415 0.420290 0.715415 0.421607 0.718050 0.421607 0.719368 0.422925 0.720685 0.422925 0.722003 0.424242 0.724638 0.424242 0.725955 0.425560 0.727273 0.425560 0.728590 0.426877 0.731225 0.426877 0.732543 0.428195 0.735178 0.428195 0.736495 0.429513 0.737813 0.429513 0.739130 0.430830 0.741765 0.430830 0.743083 0.432148 0.744401 0.432148 0.744401 0.430830 0.743083 0.429513 0.743083 0.428195 0.741765 0.426877 0.741765 0.424242 0.740448 0.422925 0.740448 0.420290 0.739130 0.418972 0.739130 0.417655 0.737813 0.416337 0.737813 0.415020 0.740448 0.412385 0.743083 0.412385 0.744401 0.413702 0.744401 0.415020 0.745718 0.416337 0.745718 0.417655 0.747036 0.418972 0.747036 0.421607 0.748353 0.422925 0.748353 0.424242 0.749671 0.425560 0.749671 0.426877 0.753623 0.422925 0.753623 0.421607 0.764163 0.411067 0.764163 0.409750 0.766798 0.407115 0.766798 0.404480 0.765481 0.403162 0.765481 0.401845 0.764163 0.400527 0.764163 0.397892 0.762846 0.396574 0.762846 0.395257 0.761528 0.393939 0.761528 0.392622 0.760211 0.391304 0.760211 0.388669 0.758893 0.387352 0.758893 0.386034 0.757576 0.384717 0.757576 0.383399 0.756258 0.383399 0.754941 0.382082 0.753623 0.382082 0.752306 0.380764 0.750988 0.380764 0.749671 0.379447 0.747036 0.379447 0.745718 0.378129 0.744401 0.378129 0.743083 0.376812 0.740448 0.376812 0.739130 0.375494 0.737813 0.375494 0.736495 0.374177 0.735178 0.374177 0.733860 0.372859 0.731225 0.372859 0.729908 0.371542
0 0.594203 0.295125 0.592885 0.295125 0.591568 0.293808 0.588933 0.293808 0.586298 0.291173 0.584980 0.291173 0.583663 0.289855 0.583663 0.291173 0.584980 0.291173 0.586298 0.292490 0.586298 0.293808 0.587615 0.295125 0.587615 0.297760 0.586298 0.299078 0.583663 0.299078 0.578393 0.293808 0.575758 0.293808 0.574440 0.295125 0.574440 0.296443 0.573123 0.297760 0.573123 0.299078 0.571805 0.300395 0.570487 0.299078 0.567852 0.299078 0.566535 0.300395 0.574440 0.308300 0.577075 0.308300 0.577075 0.306983 0.579710 0.304348 0.581028 0.305665 0.582345 0.305665 0.583663 0.306983 0.584980 0.306983 0.594203 0.297760
0 0.594203 0.279315 0.591568 0.281950 0.591568 0.284585 0.594203 0.287220 0.594203 0.289855 0.598155 0.289855 0.599473 0.291173 0.600791 0.291173 0.604743 0.287220 0.600791 0.283267 0.599473 0.283267 0.595520 0.279315
1 0.741765 0.413702 0.741765 0.415020 0.743083 0.416337 0.740448 0.418972 0.741765 0.420290 0.741765 0.422925 0.743083 0.424242 0.743083 0.426877 0.744401 0.428195 0.744401 0.429513 0.747036 0.432148 0.748353 0.432148 0.749671 0.430830 0.749671 0.429513 0.748353 0.428195 0.748353 0.425560 0.747036 0.424242 0.747036 0.422925 0.745718 0.421607 0.745718 0.418972 0.744401 0.417655 0.744401 0.416337 0.743083 0.415020 0.743083 0.413702
1 0.611331 0.267457 0.610013 0.267457 0.608696 0.266140 0.606061 0.268775 0.607378 0.270092 0.610013 0.267457 0.611331 0.268775
0 0.573123 0.296443 0.571805 0.296443 0.570487 0.297760 0.571805 0.299078 0.571805 0.297760
0 0.578393 0.292490 0.583663 0.297760 0.586298 0.297760 0.586298 0.295125 0.584980 0.293808 0.584980 0.292490 0.583663 0.292490 0.582345 0.291173 0.582345 0.289855 0.581028 0.291173 0.579710 0.291173
0 0.582345 0.268775 0.582345 0.270092 0.584980 0.272727 0.583663 0.274045 0.586298 0.276680 0.586298 0.279315 0.587615 0.280632 0.587615 0.281950 0.588933 0.283267 0.588933 0.285903 0.587615 0.287220 0.586298 0.287220 0.584980 0.288538 0.584980 0.289855 0.586298 0.289855 0.588933 0.292490 0.591568 0.292490 0.592885 0.293808 0.594203 0.293808 0.595520 0.295125 0.595520 0.297760 0.584980 0.308300 0.583663 0.308300 0.582345 0.306983 0.581028 0.306983 0.579710 0.305665 0.578393 0.306983 0.578393 0.308300 0.577075 0.309618 0.574440 0.309618 0.565217 0.300395 0.563900 0.301713 0.561265 0.301713 0.559947 0.303030 0.558630 0.303030 0.558630 0.304348 0.562582 0.308300 0.563900 0.308300 0.574440 0.318841 0.575758 0.318841 0.582345 0.325428 0.599473 0.308300 0.600791 0.308300 0.607378 0.301713 0.607378 0.299078 0.606061 0.297760 0.606061 0.291173 0.604743 0.289855 0.604743 0.288538 0.600791 0.292490 0.599473 0.292490 0.598155 0.291173 0.594203 0.291173 0.592885 0.289855 0.592885 0.287220 0.590250 0.284585 0.590250 0.281950 0.594203 0.277997 0.591568 0.275362 0.590250 0.275362 0.584980 0.270092 0.583663 0.270092
1 0.610013 0.268775 0.607378 0.271410 0.606061 0.270092 0.604743 0.270092 0.596838 0.277997 0.596838 0.279315 0.598155 0.280632 0.599473 0.280632 0.610013 0.270092
0 0.573123 0.251647 0.571805 0.252964 0.570487 0.252964 0.569170 0.254282 0.566535 0.254282 0.565217 0.255599 0.562582 0.255599 0.561265 0.256917 0.559947 0.256917 0.558630 0.258235 0.555995 0.258235 0.554677 0.259552 0.553360 0.259552 0.552042 0.260870 0.549407 0.260870 0.548090 0.262187 0.546772 0.262187 0.545455 0.263505 0.544137 0.263505 0.541502 0.266140 0.540184 0.266140 0.538867 0.267457 0.537549 0.267457 0.534914 0.270092 0.533597 0.270092 0.532279 0.271410 0.530962 0.271410 0.528327 0.274045 0.527009 0.274045 0.527009 0.276680 0.528327 0.277997 0.528327 0.280632 0.529644 0.281950 0.529644 0.283267 0.530962 0.284585 0.530962 0.285903 0.532279 0.287220 0.532279 0.288538 0.533597 0.289855 0.533597 0.291173 0.534914 0.292490 0.534914 0.293808 0.536232 0.295125 0.536232 0.297760 0.537549 0.299078 0.537549 0.300395 0.538867 0.301713 0.538867 0.303030 0.540184 0.304348 0.540184 0.305665 0.541502 0.306983 0.544137 0.306983 0.545455 0.305665 0.548090 0.305665 0.549407 0.304348 0.552042 0.304348 0.553360 0.303030 0.555995 0.303030 0.557312 0.301713 0.559947 0.301713 0.561265 0.300395 0.563900 0.300395 0.565217 0.299078 0.566535 0.299078 0.567852 0.297760 0.569170 0.297760 0.571805 0.295125 0.573123 0.295125 0.575758 0.292490 0.577075 0.292490 0.579710 0.289855 0.581028 0.289855 0.582345 0.288538 0.583663 0.288538 0.586298 0.285903 0.587615 0.285903 0.587615 0.283267 0.586298 0.281950 0.586298 0.280632 0.584980 0.279315 0.584980 0.277997 0.583663 0.276680 0.583663 0.275362 0.582345 0.274045 0.582345 0.271410 0.581028 0.270092 0.581028 0.268775 0.579710 0.267457 0.579710 0.266140 0.578393 0.264822 0.578393 0.263505 0.577075 0.262187 0.577075 0.260870 0.575758 0.259552 0.575758 0.256917 0.574440 0.255599 0.574440 0.254282 0.573123 0.252964
