0 0.446289 0.620117 0.442383 0.624023 0.442383 0.625000 0.431641 0.635742 0.432617 0.636719 0.432617 0.639648 0.433594 0.640625 0.433594 0.642578 0.434570 0.643555 0.434570 0.646484 0.435547 0.647461 0.435547 0.650391 0.436523 0.651367 0.437500 0.651367 0.438477 0.652344 0.439453 0.652344 0.440430 0.653320 0.441406 0.653320 0.442383 0.654297 0.443359 0.654297 0.444336 0.655273 0.445312 0.655273 0.446289 0.656250 0.447266 0.656250 0.448242 0.657227 0.449219 0.657227 0.450195 0.658203 0.451172 0.658203 0.452148 0.659180 0.453125 0.659180 0.453125 0.657227 0.452148 0.656250 0.452148 0.653320 0.451172 0.652344 0.451172 0.650391 0.450195 0.649414 0.450195 0.648438 0.452148 0.646484 0.453125 0.646484 0.455078 0.648438 0.455078 0.650391 0.456055 0.651367 0.456055 0.654297 0.457031 0.655273 0.457031 0.656250 0.467773 0.645508 0.467773 0.642578 0.466797 0.641602 0.466797 0.639648 0.465820 0.638672 0.465820 0.636719 0.464844 0.635742 0.464844 0.632812 0.463867 0.631836 0.463867 0.629883 0.462891 0.628906 0.461914 0.628906 0.459961 0.626953 0.458984 0.626953 0.458008 0.625977 0.457031 0.625977 0.456055 0.625000 0.455078 0.625000 0.454102 0.624023 0.453125 0.624023 0.452148 0.623047 0.451172 0.623047 0.450195 0.622070 0.449219 0.622070 0.448242 0.621094 0.447266 0.621094
1 0.452148 0.647461 0.451172 0.648438 0.451172 0.649414 0.452148 0.650391 0.452148 0.652344 0.453125 0.653320 0.453125 0.656250 0.454102 0.657227 0.454102 0.659180 0.456055 0.659180 0.457031 0.658203 0.456055 0.657227 0.456055 0.655273 0.455078 0.654297 0.455078 0.651367 0.454102 0.650391 0.454102 0.648438 0.453125 0.647461
0 0.445312 0.417969 0.445312 0.418945 0.444336 0.419922 0.444336 0.420898 0.443359 0.421875 0.443359 0.422852 0.441406 0.424805 0.441406 0.425781 0.440430 0.426758 0.440430 0.427734 0.439453 0.428711 0.439453 0.429688 0.438477 0.430664 0.438477 0.431641 0.437500 0.432617 0.437500 0.461914 0.443359 0.461914 0.444336 0.462891 0.450195 0.462891 0.451172 0.463867 0.456055 0.463867 0.457031 0.464844 0.462891 0.464844 0.463867 0.465820 0.468750 0.465820 0.469727 0.464844 0.469727 0.463867 0.470703 0.462891 0.470703 0.461914 0.471680 0.460938 0.471680 0.458984 0.472656 0.458008 0.472656 0.457031 0.473633 0.456055 0.473633 0.455078 0.474609 0.454102 0.474609 0.453125 0.475586 0.452148 0.475586 0.451172 0.476562 0.450195 0.476562 0.422852 0.477539 0.421875 0.471680 0.421875 0.470703 0.420898 0.464844 0.420898 0.463867 0.419922 0.458008 0.419922 0.457031 0.418945 0.451172 0.418945 0.450195 0.417969
0 0.598633 0.458984 0.598633 0.463867 0.597656 0.464844 0.597656 0.470703 0.601562 0.470703 0.602539 0.471680 0.602539 0.473633 0.601562 0.474609 0.596680 0.474609 0.596680 0.481445 0.595703 0.482422 0.595703 0.483398 0.596680 0.483398 0.597656 0.484375 0.598633 0.484375 0.599609 0.485352 0.600586 0.485352 0.601562 0.486328 0.602539 0.486328 0.603516 0.487305 0.608398 0.487305 0.609375 0.488281 0.625000 0.488281 0.625977 0.489258 0.628906 0.489258 0.628906 0.484375 0.629883 0.483398 0.629883 0.475586 0.630859 0.474609 0.630859 0.467773 0.631836 0.466797 0.631836 0.463867 0.630859 0.462891 0.628906 0.462891 0.627930 0.461914 0.626953 0.461914 0.625977 0.460938 0.624023 0.460938 0.623047 0.459961 0.613281 0.459961 0.612305 0.458984
1 0.584961 0.470703 0.584961 0.472656 0.590820 0.472656 0.591797 0.473633 0.601562 0.473633 0.601562 0.471680 0.591797 0.471680 0.590820 0.470703
0 0.357422 0.377930 0.357422 0.379883 0.356445 0.380859 0.356445 0.381836 0.355469 0.382812 0.355469 0.383789 0.354492 0.384766 0.354492 0.385742 0.353516 0.386719 0.353516 0.388672 0.352539 0.389648 0.352539 0.390625 0.351562 0.391602 0.351562 0.392578 0.350586 0.393555 0.351562 0.394531 0.351562 0.397461 0.352539 0.398438 0.352539 0.401367 0.353516 0.402344 0.353516 0.406250 0.354492 0.407227 0.354492 0.409180 0.359375 0.409180 0.360352 0.410156 0.366211 0.410156 0.367188 0.411133 0.373047 0.411133 0.374023 0.412109 0.375000 0.412109 0.375977 0.411133 0.375977 0.410156 0.376953 0.409180 0.376953 0.408203 0.377930 0.407227 0.377930 0.406250 0.378906 0.405273 0.378906 0.404297 0.379883 0.403320 0.379883 0.402344 0.380859 0.401367 0.380859 0.400391 0.381836 0.399414 0.381836 0.398438 0.382812 0.397461 0.382812 0.393555 0.381836 0.392578 0.381836 0.390625 0.380859 0.389648 0.380859 0.386719 0.379883 0.385742 0.379883 0.383789 0.378906 0.382812 0.378906 0.380859 0.375977 0.380859 0.375000 0.379883 0.370117 0.379883 0.369141 0.378906 0.364258 0.378906 0.363281 0.377930
1 0.439453 0.543945 0.440430 0.543945 0.441406 0.544922 0.442383 0.544922 0.443359 0.545898 0.442383 0.544922 0.441406 0.544922 0.440430 0.543945
1 0.430664 0.542969 0.431641 0.543945 0.433594 0.543945 0.434570 0.544922 0.435547 0.543945 0.434570 0.542969
1 0.359375 0.410156 0.358398 0.410156 0.358398 0.411133 0.357422 0.412109 0.357422 0.414062 0.359375 0.414062 0.359375 0.413086 0.360352 0.412109 0.360352 0.411133
0 0.415039 0.523438 0.412109 0.526367 0.412109 0.527344 0.409180 0.530273 0.409180 0.533203 0.408203 0.534180 0.408203 0.538086 0.407227 0.539062 0.407227 0.541992 0.406250 0.542969 0.406250 0.546875 0.405273 0.547852 0.405273 0.548828 0.406250 0.549805 0.409180 0.549805 0.410156 0.550781 0.412109 0.550781 0.413086 0.551758 0.415039 0.551758 0.416016 0.552734 0.417969 0.552734 0.418945 0.553711 0.420898 0.553711 0.421875 0.554688 0.424805 0.554688 0.427734 0.551758 0.427734 0.550781 0.429688 0.548828 0.429688 0.547852 0.430664 0.546875 0.430664 0.543945 0.429688 0.542969 0.429688 0.541016 0.430664 0.540039 0.431641 0.541016 0.431641 0.540039 0.432617 0.539062 0.432617 0.536133 0.433594 0.535156 0.433594 0.531250 0.434570 0.530273 0.434570 0.529297 0.433594 0.528320 0.431641 0.528320 0.430664 0.527344 0.427734 0.527344 0.426758 0.526367 0.424805 0.526367 0.423828 0.525391 0.421875 0.525391 0.420898 0.524414 0.418945 0.524414 0.417969 0.523438
1 0.430664 0.541016 0.430664 0.541992 0.434570 0.541992 0.436523 0.543945 0.435547 0.544922 0.437500 0.544922 0.438477 0.545898 0.440430 0.545898 0.441406 0.546875 0.443359 0.546875 0.442383 0.545898 0.443359 0.544922 0.442383 0.545898 0.441406 0.545898 0.440430 0.544922 0.439453 0.544922 0.437500 0.542969 0.435547 0.542969 0.434570 0.541992 0.431641 0.541992
0 0.356445 0.289062 0.356445 0.327148 0.369141 0.327148 0.370117 0.328125 0.409180 0.328125 0.409180 0.291016 0.402344 0.291016 0.401367 0.290039 0.371094 0.290039 0.370117 0.289062
1 0.410156 0.308594 0.410156 0.311523 0.412109 0.311523 0.412109 0.308594
0 0.652344 0.522461 0.651367 0.523438 0.651367 0.524414 0.642578 0.533203 0.642578 0.534180 0.635742 0.541016 0.636719 0.541992 0.639648 0.541992 0.640625 0.542969 0.643555 0.542969 0.644531 0.543945 0.646484 0.543945 0.647461 0.544922 0.649414 0.544922 0.650391 0.545898 0.650391 0.546875 0.651367 0.547852 0.648438 0.550781 0.645508 0.550781 0.644531 0.549805 0.641602 0.549805 0.640625 0.548828 0.637695 0.548828 0.636719 0.547852 0.634766 0.547852 0.633789 0.546875 0.630859 0.546875 0.630859 0.548828 0.632812 0.550781 0.632812 0.551758 0.633789 0.552734 0.633789 0.553711 0.634766 0.554688 0.634766 0.555664 0.636719 0.557617 0.636719 0.558594 0.637695 0.559570 0.637695 0.560547 0.638672 0.561523 0.638672 0.562500 0.639648 0.563477 0.639648 0.564453 0.641602 0.566406 0.641602 0.567383 0.642578 0.568359 0.642578 0.569336 0.643555 0.570312 0.643555 0.571289 0.644531 0.572266 0.644531 0.573242 0.645508 0.574219 0.648438 0.574219 0.649414 0.575195 0.652344 0.575195 0.653320 0.576172 0.656250 0.576172 0.657227 0.577148 0.660156 0.577148 0.661133 0.578125 0.665039 0.578125 0.666016 0.579102 0.668945 0.579102 0.669922 0.580078 0.670898 0.580078 0.673828 0.577148 0.673828 0.576172 0.693359 0.556641 0.693359 0.554688 0.692383 0.553711 0.692383 0.552734 0.690430 0.550781 0.690430 0.549805 0.688477 0.547852 0.688477 0.546875 0.687500 0.545898 0.687500 0.544922 0.685547 0.542969 0.685547 0.541992 0.683594 0.540039 0.683594 0.539062 0.682617 0.538086 0.682617 0.537109 0.680664 0.535156 0.680664 0.534180 0.678711 0.532227 0.678711 0.531250 0.677734 0.530273 0.677734 0.529297 0.674805 0.529297 0.673828 0.528320 0.671875 0.528320 0.670898 0.527344 0.667969 0.527344 0.666992 0.526367 0.665039 0.526367 0.664062 0.525391 0.662109 0.525391 0.661133 0.524414 0.658203 0.524414 0.657227 0.523438 0.655273 0.523438 0.654297 0.522461
0 0.656250 0.509766 0.653320 0.509766 0.653320 0.511719 0.654297 0.512695 0.656250 0.510742
0 0.666016 0.503906 0.665039 0.503906 0.663086 0.505859 0.659180 0.505859 0.659180 0.508789 0.662109 0.508789 0.663086 0.507812 0.665039 0.507812 0.666992 0.509766 0.666992 0.510742 0.666016 0.511719 0.663086 0.511719 0.663086 0.512695 0.662109 0.513672 0.662109 0.515625 0.661133 0.516602 0.659180 0.516602 0.657227 0.518555 0.657227 0.520508 0.658203 0.519531 0.664062 0.519531 0.665039 0.518555 0.670898 0.518555 0.671875 0.517578 0.669922 0.515625 0.669922 0.514648 0.668945 0.514648 0.666992 0.512695 0.666992 0.511719 0.667969 0.510742 0.669922 0.510742 0.670898 0.509766 0.670898 0.508789
0 0.678711 0.501953 0.676758 0.501953 0.674805 0.503906 0.674805 0.505859 0.675781 0.506836 0.675781 0.507812 0.676758 0.508789 0.676758 0.509766 0.677734 0.510742 0.677734 0.515625 0.676758 0.516602 0.677734 0.517578 0.678711 0.516602 0.680664 0.516602 0.680664 0.514648 0.681641 0.513672 0.681641 0.512695 0.682617 0.511719 0.683594 0.511719 0.684570 0.510742 0.683594 0.509766 0.683594 0.505859 0.681641 0.503906 0.680664 0.503906
0 0.656250 0.494141 0.654297 0.494141 0.650391 0.498047 0.650391 0.499023 0.651367 0.500000 0.651367 0.501953 0.652344 0.501953 0.653320 0.500977 0.654297 0.500977 0.655273 0.500000 0.656250 0.500000 0.657227 0.499023 0.657227 0.495117
0 0.682617 0.479492 0.678711 0.479492 0.677734 0.480469 0.671875 0.480469 0.670898 0.481445 0.666016 0.481445 0.665039 0.482422 0.663086 0.482422 0.662109 0.483398 0.662109 0.484375 0.661133 0.485352 0.656250 0.485352 0.655273 0.486328 0.652344 0.486328 0.652344 0.487305 0.651367 0.488281 0.651367 0.490234 0.649414 0.492188 0.649414 0.494141 0.650391 0.495117 0.650391 0.492188 0.651367 0.491211 0.652344 0.492188 0.651367 0.491211 0.652344 0.490234 0.656250 0.490234 0.657227 0.489258 0.662109 0.489258 0.663086 0.488281 0.668945 0.488281 0.669922 0.487305 0.674805 0.487305 0.675781 0.486328 0.678711 0.486328 0.680664 0.484375 0.680664 0.483398 0.681641 0.482422 0.681641 0.481445 0.682617 0.480469
1 0.629883 0.542969 0.629883 0.543945 0.630859 0.544922 0.630859 0.545898 0.633789 0.545898 0.634766 0.546875 0.636719 0.546875 0.637695 0.547852 0.640625 0.547852 0.641602 0.548828 0.644531 0.548828 0.645508 0.549805 0.648438 0.549805 0.650391 0.547852 0.649414 0.546875 0.649414 0.545898 0.645508 0.545898 0.643555 0.543945 0.640625 0.543945 0.639648 0.542969 0.636719 0.542969 0.635742 0.541992 0.632812 0.541992 0.631836 0.541016
1 0.705078 0.493164 0.703125 0.493164 0.702148 0.494141 0.701172 0.493164 0.699219 0.493164 0.698242 0.494141 0.692383 0.494141 0.692383 0.495117 0.691406 0.496094 0.690430 0.495117 0.691406 0.496094 0.691406 0.498047 0.692383 0.497070 0.697266 0.497070 0.698242 0.496094 0.704102 0.496094 0.705078 0.495117
0 0.650391 0.489258 0.650391 0.490234 0.649414 0.491211 0.650391 0.490234
0 0.683594 0.479492 0.683594 0.480469 0.682617 0.481445 0.682617 0.482422 0.681641 0.483398 0.681641 0.484375 0.678711 0.487305 0.675781 0.487305 0.674805 0.488281 0.669922 0.488281 0.668945 0.489258 0.663086 0.489258 0.662109 0.490234 0.657227 0.490234 0.656250 0.491211 0.652344 0.491211 0.651367 0.492188 0.651367 0.495117 0.650391 0.496094 0.650391 0.497070 0.651367 0.498047 0.650391 0.497070 0.654297 0.493164 0.656250 0.493164 0.658203 0.495117 0.658203 0.499023 0.656250 0.500977 0.655273 0.500977 0.654297 0.501953 0.653320 0.501953 0.652344 0.502930 0.651367 0.502930 0.652344 0.503906 0.652344 0.507812 0.653320 0.508789 0.656250 0.508789 0.657227 0.509766 0.657227 0.510742 0.654297 0.513672 0.654297 0.516602 0.655273 0.517578 0.655273 0.518555 0.656250 0.519531 0.655273 0.520508 0.656250 0.520508 0.656250 0.518555 0.659180 0.515625 0.661133 0.515625 0.661133 0.513672 0.662109 0.512695 0.662109 0.511719 0.663086 0.510742 0.666016 0.510742 0.666016 0.509766 0.665039 0.508789 0.663086 0.508789 0.662109 0.509766 0.659180 0.509766 0.658203 0.508789 0.658203 0.505859 0.659180 0.504883 0.663086 0.504883 0.665039 0.502930 0.666016 0.502930 0.671875 0.508789 0.671875 0.509766 0.669922 0.511719 0.667969 0.511719 0.667969 0.512695 0.668945 0.513672 0.669922 0.513672 0.670898 0.514648 0.670898 0.515625 0.672852 0.517578 0.676758 0.517578 0.675781 0.516602 0.676758 0.515625 0.676758 0.510742 0.675781 0.509766 0.675781 0.508789 0.674805 0.507812 0.674805 0.506836 0.673828 0.505859 0.673828 0.503906 0.676758 0.500977 0.678711 0.500977 0.680664 0.502930 0.681641 0.502930 0.684570 0.505859 0.684570 0.509766 0.685547 0.510742 0.683594 0.512695 0.682617 0.512695 0.682617 0.513672 0.681641 0.514648 0.681641 0.516602 0.683594 0.516602 0.684570 0.515625 0.685547 0.515625 0.686523 0.514648 0.686523 0.513672 0.687500 0.512695 0.687500 0.511719 0.688477 0.510742 0.688477 0.509766 0.689453 0.508789 0.689453 0.504883 0.688477 0.503906 0.688477 0.500000 0.687500 0.499023 0.685547 0.499023 0.684570 0.498047 0.684570 0.497070 0.683594 0.496094 0.684570 0.495117 0.685547 0.495117 0.686523 0.494141 0.686523 0.491211 0.685547 0.490234 0.685547 0.486328 0.684570 0.485352 0.684570 0.481445 0.683594 0.480469
0 0.632812 0.474609 0.631836 0.475586 0.631836 0.476562 0.632812 0.477539 0.631836 0.478516 0.630859 0.478516 0.631836 0.478516 0.632812 0.477539
0 0.635742 0.464844 0.635742 0.466797 0.634766 0.467773 0.634766 0.469727 0.637695 0.472656 0.636719 0.473633 0.636719 0.474609 0.635742 0.475586 0.635742 0.477539 0.636719 0.478516 0.635742 0.479492 0.637695 0.481445 0.638672 0.481445 0.639648 0.482422 0.641602 0.482422 0.642578 0.483398 0.643555 0.483398 0.644531 0.484375 0.645508 0.484375 0.646484 0.485352 0.648438 0.485352 0.649414 0.486328 0.650391 0.486328 0.651367 0.487305 0.651367 0.486328 0.652344 0.485352 0.655273 0.485352 0.656250 0.484375 0.661133 0.484375 0.661133 0.483398 0.662109 0.482422 0.662109 0.480469 0.663086 0.479492 0.663086 0.478516 0.664062 0.477539 0.664062 0.476562 0.665039 0.475586 0.665039 0.474609 0.666016 0.473633 0.665039 0.473633 0.664062 0.472656 0.662109 0.472656 0.661133 0.471680 0.660156 0.471680 0.659180 0.470703 0.658203 0.470703 0.657227 0.469727 0.655273 0.469727 0.654297 0.468750 0.653320 0.468750 0.652344 0.467773 0.651367 0.467773 0.650391 0.466797 0.648438 0.466797 0.647461 0.465820 0.646484 0.465820 0.645508 0.464844 0.644531 0.464844 0.643555 0.463867 0.641602 0.463867 0.640625 0.462891 0.639648 0.463867 0.638672 0.462891 0.638672 0.463867 0.637695 0.464844 0.636719 0.463867
1 0.684570 0.496094 0.685547 0.496094 0.686523 0.497070 0.685547 0.498047 0.690430 0.498047 0.690430 0.496094 0.691406 0.495117 0.692383 0.496094 0.691406 0.495117 0.690430 0.496094 0.689453 0.495117 0.688477 0.496094 0.687500 0.495117 0.686523 0.496094
1 0.666992 0.472656 0.667969 0.473633 0.669922 0.473633 0.670898 0.474609 0.671875 0.474609 0.672852 0.475586 0.674805 0.475586 0.675781 0.476562 0.676758 0.476562 0.677734 0.477539 0.679688 0.477539 0.680664 0.476562 0.682617 0.478516 0.683594 0.478516 0.684570 0.479492 0.684570 0.480469 0.685547 0.480469 0.685547 0.479492 0.684570 0.479492 0.683594 0.478516 0.682617 0.478516 0.681641 0.477539 0.682617 0.476562 0.681641 0.477539 0.680664 0.476562 0.679688 0.477539 0.678711 0.476562 0.677734 0.476562 0.676758 0.475586 0.675781 0.475586 0.674805 0.474609 0.672852 0.474609 0.671875 0.473633 0.670898 0.473633 0.669922 0.472656 0.668945 0.472656 0.667969 0.471680
0 0.633789 0.470703 0.633789 0.471680 0.632812 0.472656 0.632812 0.473633 0.633789 0.474609 0.633789 0.477539 0.632812 0.478516 0.631836 0.477539 0.633789 0.479492 0.634766 0.479492 0.635742 0.480469 0.634766 0.479492 0.635742 0.478516 0.634766 0.477539 0.634766 0.475586 0.635742 0.474609 0.635742 0.473633 0.636719 0.472656 0.634766 0.470703
0 0.647461 0.440430 0.647461 0.441406 0.646484 0.442383 0.646484 0.443359 0.645508 0.444336 0.645508 0.445312 0.644531 0.446289 0.644531 0.447266 0.643555 0.448242 0.643555 0.449219 0.642578 0.450195 0.642578 0.451172 0.641602 0.452148 0.641602 0.453125 0.640625 0.454102 0.640625 0.455078 0.639648 0.456055 0.639648 0.457031 0.638672 0.458008 0.638672 0.458984 0.637695 0.459961 0.637695 0.461914 0.636719 0.462891 0.637695 0.463867 0.637695 0.462891 0.638672 0.461914 0.639648 0.462891 0.640625 0.461914 0.641602 0.462891 0.643555 0.462891 0.644531 0.463867 0.645508 0.463867 0.646484 0.464844 0.647461 0.464844 0.648438 0.465820 0.650391 0.465820 0.651367 0.466797 0.652344 0.466797 0.653320 0.467773 0.654297 0.467773 0.655273 0.468750 0.657227 0.468750 0.658203 0.469727 0.659180 0.469727 0.660156 0.470703 0.661133 0.470703 0.662109 0.471680 0.664062 0.471680 0.665039 0.472656 0.666016 0.472656 0.666992 0.471680 0.666992 0.469727 0.667969 0.468750 0.667969 0.467773 0.668945 0.466797 0.668945 0.465820 0.669922 0.464844 0.669922 0.463867 0.670898 0.462891 0.670898 0.460938 0.671875 0.459961 0.671875 0.458984 0.672852 0.458008 0.672852 0.457031 0.673828 0.456055 0.673828 0.455078 0.674805 0.454102 0.674805 0.452148 0.675781 0.451172 0.673828 0.451172 0.672852 0.450195 0.671875 0.450195 0.670898 0.449219 0.669922 0.449219 0.668945 0.448242 0.666992 0.448242 0.666016 0.447266 0.665039 0.447266 0.664062 0.446289 0.663086 0.446289 0.662109 0.445312 0.660156 0.445312 0.659180 0.444336 0.658203 0.444336 0.657227 0.443359 0.655273 0.443359 0.654297 0.442383 0.653320 0.442383 0.652344 0.441406 0.651367 0.441406 0.650391 0.440430
1 0.667969 0.469727 0.667969 0.470703 0.668945 0.471680 0.669922 0.471680 0.670898 0.472656 0.671875 0.472656 0.672852 0.473633 0.674805 0.473633 0.675781 0.474609 0.676758 0.474609 0.677734 0.475586 0.678711 0.475586 0.680664 0.477539 0.679688 0.478516 0.681641 0.478516 0.682617 0.477539 0.683594 0.477539 0.684570 0.478516 0.686523 0.478516 0.686523 0.477539 0.685547 0.476562 0.683594 0.476562 0.682617 0.475586 0.680664 0.475586 0.678711 0.473633 0.676758 0.473633 0.675781 0.472656 0.674805 0.472656 0.673828 0.471680 0.672852 0.471680 0.671875 0.470703 0.669922 0.470703 0.668945 0.469727
