0 0.374023 0.411133 0.374023 0.412109 0.373047 0.413086 0.373047 0.416992 0.372070 0.417969 0.372070 0.421875 0.371094 0.422852 0.371094 0.426758 0.370117 0.427734 0.370117 0.430664 0.371094 0.431641 0.372070 0.431641 0.375977 0.435547 0.376953 0.435547 0.377930 0.436523 0.387695 0.436523 0.388672 0.437500 0.395508 0.437500 0.395508 0.436523 0.396484 0.435547 0.396484 0.431641 0.397461 0.430664 0.397461 0.426758 0.398438 0.425781 0.398438 0.421875 0.399414 0.420898 0.399414 0.418945 0.393555 0.413086 0.392578 0.413086 0.391602 0.412109 0.381836 0.412109 0.380859 0.411133
1 0.389648 0.401367 0.388672 0.401367 0.388672 0.402344 0.387695 0.403320 0.387695 0.407227 0.386719 0.408203 0.386719 0.411133 0.388672 0.411133 0.388672 0.407227 0.389648 0.406250
0 0.482422 0.367188 0.472656 0.376953 0.472656 0.377930 0.466797 0.383789 0.466797 0.384766 0.465820 0.385742 0.465820 0.386719 0.464844 0.387695 0.464844 0.388672 0.463867 0.389648 0.463867 0.391602 0.462891 0.392578 0.462891 0.393555 0.461914 0.394531 0.461914 0.397461 0.462891 0.397461 0.466797 0.401367 0.467773 0.401367 0.468750 0.402344 0.468750 0.401367 0.472656 0.397461 0.474609 0.397461 0.475586 0.398438 0.475586 0.400391 0.471680 0.404297 0.475586 0.408203 0.476562 0.408203 0.480469 0.412109 0.482422 0.412109 0.486328 0.408203 0.486328 0.407227 0.494141 0.399414 0.494141 0.398438 0.497070 0.395508 0.497070 0.394531 0.498047 0.393555 0.498047 0.392578 0.499023 0.391602 0.499023 0.390625 0.500000 0.389648 0.500000 0.388672 0.500977 0.387695 0.500977 0.386719 0.501953 0.385742 0.501953 0.384766 0.502930 0.383789 0.502930 0.382812 0.501953 0.382812 0.498047 0.378906 0.497070 0.378906 0.493164 0.375000 0.492188 0.375000 0.489258 0.372070 0.488281 0.372070 0.484375 0.368164 0.483398 0.368164
1 0.474609 0.398438 0.472656 0.398438 0.469727 0.401367 0.469727 0.402344 0.462891 0.409180 0.462891 0.410156 0.463867 0.411133 0.464844 0.411133 0.466797 0.409180 0.466797 0.408203 0.474609 0.400391
0 0.561523 0.654297 0.561523 0.655273 0.558594 0.658203 0.558594 0.659180 0.556641 0.661133 0.556641 0.662109 0.553711 0.665039 0.553711 0.666016 0.551758 0.667969 0.551758 0.668945 0.549805 0.670898 0.549805 0.671875 0.548828 0.672852 0.548828 0.673828 0.550781 0.675781 0.551758 0.675781 0.554688 0.678711 0.555664 0.678711 0.557617 0.680664 0.558594 0.680664 0.561523 0.683594 0.562500 0.683594 0.565430 0.686523 0.568359 0.683594 0.568359 0.682617 0.570312 0.680664 0.570312 0.679688 0.571289 0.678711 0.571289 0.677734 0.574219 0.674805 0.574219 0.673828 0.577148 0.670898 0.577148 0.669922 0.578125 0.668945 0.578125 0.666992 0.576172 0.665039 0.575195 0.665039 0.572266 0.662109 0.571289 0.662109 0.569336 0.660156 0.568359 0.660156 0.565430 0.657227 0.564453 0.657227
1 0.572266 0.677734 0.574219 0.679688 0.575195 0.679688 0.577148 0.681641 0.578125 0.681641 0.581055 0.684570 0.582031 0.684570 0.583008 0.685547 0.583984 0.685547 0.583984 0.684570 0.582031 0.682617 0.581055 0.682617 0.578125 0.679688 0.577148 0.679688 0.575195 0.677734 0.574219 0.677734 0.573242 0.676758
0 0.334961 0.412109 0.332031 0.412109 0.331055 0.413086 0.329102 0.413086 0.328125 0.414062 0.325195 0.414062 0.324219 0.415039 0.321289 0.415039 0.320312 0.416016 0.318359 0.416016 0.317383 0.416992 0.314453 0.416992 0.313477 0.417969 0.311523 0.417969 0.311523 0.420898 0.310547 0.421875 0.310547 0.426758 0.309570 0.427734 0.309570 0.432617 0.308594 0.433594 0.308594 0.436523 0.310547 0.438477 0.310547 0.439453 0.312500 0.441406 0.312500 0.442383 0.314453 0.444336 0.314453 0.445312 0.317383 0.448242 0.317383 0.449219 0.319336 0.451172 0.319336 0.452148 0.320312 0.453125 0.323242 0.453125 0.324219 0.452148 0.327148 0.452148 0.328125 0.451172 0.330078 0.451172 0.331055 0.450195 0.333984 0.450195 0.334961 0.449219 0.337891 0.449219 0.338867 0.448242 0.341797 0.448242 0.342773 0.447266 0.343750 0.447266 0.343750 0.445312 0.344727 0.444336 0.344727 0.437500 0.345703 0.436523 0.345703 0.428711 0.344727 0.427734 0.344727 0.426758 0.342773 0.424805 0.342773 0.423828 0.341797 0.422852 0.341797 0.421875 0.339844 0.419922 0.339844 0.418945 0.337891 0.416992 0.337891 0.416016 0.336914 0.415039 0.336914 0.414062
1 0.309570 0.438477 0.307617 0.436523 0.306641 0.436523 0.305664 0.437500 0.302734 0.437500 0.301758 0.438477 0.299805 0.438477 0.299805 0.440430 0.300781 0.441406 0.301758 0.441406 0.302734 0.440430 0.305664 0.440430 0.306641 0.439453 0.309570 0.439453
0 0.550781 0.505859 0.539062 0.505859 0.538086 0.506836 0.535156 0.506836 0.526367 0.515625 0.526367 0.518555 0.527344 0.519531 0.527344 0.521484 0.528320 0.522461 0.528320 0.523438 0.529297 0.524414 0.529297 0.526367 0.530273 0.527344 0.530273 0.528320 0.531250 0.529297 0.531250 0.531250 0.532227 0.532227 0.532227 0.533203 0.541016 0.533203 0.541992 0.532227 0.547852 0.532227 0.557617 0.522461 0.557617 0.521484 0.556641 0.520508 0.556641 0.518555 0.555664 0.517578 0.555664 0.516602 0.554688 0.515625 0.554688 0.513672 0.553711 0.512695 0.553711 0.511719 0.552734 0.510742 0.552734 0.508789 0.551758 0.507812 0.551758 0.506836
1 0.654297 0.552734 0.653320 0.551758 0.651367 0.553711 0.652344 0.552734 0.653320 0.553711
0 0.653320 0.522461 0.651367 0.524414 0.651367 0.525391 0.649414 0.527344 0.649414 0.528320 0.647461 0.530273 0.647461 0.531250 0.645508 0.533203 0.645508 0.534180 0.643555 0.536133 0.643555 0.537109 0.641602 0.539062 0.641602 0.540039 0.640625 0.541016 0.640625 0.542969 0.643555 0.545898 0.643555 0.546875 0.645508 0.548828 0.645508 0.549805 0.648438 0.552734 0.650391 0.552734 0.652344 0.550781 0.653320 0.550781 0.655273 0.552734 0.655273 0.553711 0.654297 0.554688 0.654297 0.555664 0.655273 0.555664 0.656250 0.556641 0.657227 0.556641 0.658203 0.557617 0.659180 0.557617 0.660156 0.558594 0.661133 0.558594 0.662109 0.559570 0.663086 0.559570 0.664062 0.560547 0.665039 0.560547 0.666016 0.561523 0.666992 0.561523 0.667969 0.560547 0.667969 0.559570 0.669922 0.557617 0.669922 0.556641 0.671875 0.554688 0.671875 0.553711 0.673828 0.551758 0.673828 0.550781 0.675781 0.548828 0.675781 0.547852 0.677734 0.545898 0.677734 0.544922 0.679688 0.542969 0.679688 0.541992 0.678711 0.541016 0.678711 0.540039 0.677734 0.539062 0.677734 0.538086 0.675781 0.536133 0.675781 0.535156 0.673828 0.533203 0.673828 0.532227 0.672852 0.531250 0.671875 0.531250 0.670898 0.530273 0.669922 0.530273 0.668945 0.529297 0.667969 0.529297 0.666992 0.528320 0.666016 0.528320 0.665039 0.527344 0.664062 0.527344 0.663086 0.526367 0.661133 0.526367 0.660156 0.525391 0.659180 0.525391 0.658203 0.524414 0.657227 0.524414 0.656250 0.523438 0.655273 0.523438 0.654297 0.522461
1 0.652344 0.551758 0.650391 0.553711 0.650391 0.554688 0.648438 0.556641 0.648438 0.557617 0.646484 0.559570 0.646484 0.560547 0.644531 0.562500 0.644531 0.563477 0.643555 0.564453 0.644531 0.565430 0.646484 0.565430 0.646484 0.564453 0.648438 0.562500 0.648438 0.561523 0.650391 0.559570 0.650391 0.558594 0.652344 0.556641 0.652344 0.555664 0.654297 0.553711 0.653320 0.554688 0.651367 0.552734
0 0.383789 0.568359 0.383789 0.569336 0.379883 0.573242 0.379883 0.574219 0.376953 0.577148 0.376953 0.595703 0.377930 0.596680 0.382812 0.596680 0.383789 0.597656 0.387695 0.597656 0.388672 0.598633 0.393555 0.598633 0.394531 0.599609 0.396484 0.599609 0.396484 0.598633 0.398438 0.596680 0.398438 0.595703 0.401367 0.592773 0.401367 0.591797 0.403320 0.589844 0.403320 0.572266 0.402344 0.572266 0.401367 0.571289 0.396484 0.571289 0.395508 0.570312 0.391602 0.570312 0.390625 0.569336 0.385742 0.569336 0.384766 0.568359
1 0.367188 0.579102 0.367188 0.581055 0.371094 0.581055 0.372070 0.582031 0.375977 0.582031 0.375977 0.580078 0.372070 0.580078 0.371094 0.579102
0 0.467773 0.551758 0.463867 0.551758 0.462891 0.552734 0.457031 0.552734 0.456055 0.553711 0.451172 0.553711 0.450195 0.554688 0.446289 0.554688 0.441406 0.559570 0.440430 0.559570 0.440430 0.562500 0.441406 0.563477 0.441406 0.567383 0.442383 0.568359 0.442383 0.572266 0.443359 0.573242 0.443359 0.576172 0.444336 0.577148 0.444336 0.581055 0.445312 0.582031 0.449219 0.582031 0.450195 0.581055 0.456055 0.581055 0.457031 0.580078 0.462891 0.580078 0.463867 0.579102 0.466797 0.579102 0.472656 0.573242 0.472656 0.572266 0.471680 0.571289 0.471680 0.567383 0.470703 0.566406 0.470703 0.563477 0.469727 0.562500 0.469727 0.558594 0.468750 0.557617 0.468750 0.553711 0.467773 0.552734
1 0.441406 0.568359 0.440430 0.568359 0.439453 0.569336 0.437500 0.569336 0.436523 0.568359 0.435547 0.569336 0.431641 0.569336 0.430664 0.570312 0.430664 0.571289 0.434570 0.571289 0.435547 0.570312 0.441406 0.570312
1 0.373047 0.490234 0.373047 0.491211 0.376953 0.491211 0.375000 0.491211 0.374023 0.490234
0 0.387695 0.479492 0.387695 0.484375 0.386719 0.485352 0.386719 0.496094 0.385742 0.497070 0.385742 0.504883 0.393555 0.504883 0.394531 0.505859 0.404297 0.505859 0.405273 0.504883 0.405273 0.500000 0.406250 0.499023 0.406250 0.485352 0.407227 0.484375 0.407227 0.481445 0.403320 0.481445 0.402344 0.480469 0.392578 0.480469 0.391602 0.479492
1 0.373047 0.492188 0.377930 0.492188 0.378906 0.491211 0.379883 0.492188 0.381836 0.492188 0.382812 0.493164 0.384766 0.493164 0.385742 0.492188 0.385742 0.491211 0.378906 0.491211 0.377930 0.490234 0.375000 0.490234 0.376953 0.490234 0.377930 0.491211 0.376953 0.492188
