0 0.847122 0.508993 0.843525 0.508993 0.841727 0.510791 0.834532 0.510791 0.832734 0.512590 0.827338 0.512590 0.825540 0.514388 0.818345 0.514388 0.816547 0.516187 0.812950 0.516187 0.812950 0.517986 0.811151 0.519784 0.811151 0.521583 0.809353 0.523381 0.809353 0.526978 0.807554 0.528777 0.807554 0.532374 0.805755 0.534173 0.805755 0.537770 0.803957 0.539568 0.803957 0.543165 0.802158 0.544964 0.802158 0.548561 0.803957 0.550360 0.803957 0.552158 0.814748 0.562950 0.814748 0.564748 0.823741 0.573741 0.823741 0.575540 0.827338 0.575540 0.829137 0.573741 0.834532 0.573741 0.836331 0.571942 0.841727 0.571942 0.843525 0.570144 0.848921 0.570144 0.850719 0.568345 0.857914 0.568345 0.859712 0.566547 0.859712 0.564748 0.861511 0.562950 0.861511 0.559353 0.863309 0.557554 0.863309 0.553957 0.865108 0.552158 0.865108 0.550360 0.866906 0.548561 0.866906 0.544964 0.868705 0.543165 0.868705 0.539568 0.870504 0.537770 0.870504 0.534173 0.859712 0.523381 0.859712 0.521583
1 0.807554 0.510791 0.807554 0.512590 0.811151 0.516187 0.812950 0.514388 0.814748 0.514388 0.812950 0.512590 0.812950 0.510791 0.811151 0.508993 0.809353 0.508993
0 0.356115 0.580935 0.350719 0.586331 0.348921 0.586331 0.336331 0.598921 0.334532 0.598921 0.329137 0.604317 0.329137 0.607914 0.330935 0.609712 0.330935 0.613309 0.332734 0.615108 0.332734 0.618705 0.334532 0.620504 0.334532 0.622302 0.345324 0.633094 0.347122 0.633094 0.359712 0.645683 0.366906 0.638489 0.368705 0.638489 0.384892 0.622302 0.386691 0.622302 0.386691 0.618705 0.384892 0.616906 0.384892 0.613309 0.383094 0.611511 0.383094 0.606115 0.381295 0.604317 0.381295 0.602518 0.375899 0.597122 0.374101 0.597122 0.365108 0.588129 0.363309 0.588129
1 0.348921 0.589928 0.348921 0.593525 0.350719 0.595324 0.350719 0.598921 0.352518 0.600719 0.352518 0.602518 0.354317 0.604317 0.356115 0.604317 0.356115 0.600719 0.354317 0.598921 0.354317 0.595324 0.352518 0.593525 0.352518 0.589928
0 0.627698 0.721223 0.624101 0.721223 0.622302 0.723022 0.613309 0.723022 0.611511 0.724820 0.606115 0.724820 0.604317 0.726619 0.598921 0.726619 0.597122 0.728417 0.591727 0.728417 0.589928 0.730216 0.584532 0.730216 0.582734 0.732014 0.582734 0.735612 0.584532 0.737410 0.584532 0.742806 0.586331 0.744604 0.586331 0.750000 0.588129 0.751799 0.588129 0.758993 0.589928 0.760791 0.589928 0.764388 0.597122 0.764388 0.598921 0.762590 0.606115 0.762590 0.607914 0.760791 0.613309 0.760791 0.615108 0.758993 0.620504 0.758993 0.622302 0.757194 0.627698 0.757194 0.629496 0.755396 0.634892 0.755396 0.636691 0.753597 0.634892 0.751799 0.634892 0.746403 0.633094 0.744604 0.633094 0.739209 0.631295 0.741007 0.625899 0.741007 0.624101 0.742806 0.622302 0.741007 0.622302 0.739209 0.625899 0.735612 0.631295 0.735612 0.631295 0.732014 0.629496 0.730216 0.629496 0.723022
0 0.735612 0.658273 0.735612 0.656475 0.721223 0.642086 0.719424 0.643885 0.717626 0.643885 0.717626 0.652878 0.715827 0.654676 0.714029 0.654676 0.712230 0.652878 0.712230 0.645683 0.705036 0.645683 0.703237 0.647482 0.697842 0.647482 0.696043 0.649281 0.697842 0.651079 0.696043 0.652878 0.706835 0.663669 0.712230 0.663669 0.714029 0.661871 0.721223 0.661871 0.723022 0.660072 0.730216 0.660072 0.732014 0.658273
0 0.692446 0.649281 0.692446 0.663669 0.690647 0.665468 0.690647 0.676259 0.694245 0.679856 0.694245 0.681655 0.705036 0.692446 0.712230 0.692446 0.714029 0.690647 0.719424 0.690647 0.721223 0.688849 0.728417 0.688849 0.730216 0.687050 0.733813 0.687050 0.735612 0.685252 0.735612 0.663669 0.737410 0.661871 0.737410 0.660072 0.732014 0.660072 0.730216 0.661871 0.723022 0.661871 0.721223 0.663669 0.714029 0.663669 0.712230 0.665468 0.706835 0.665468 0.694245 0.652878 0.696043 0.651079 0.694245 0.649281 0.696043 0.647482 0.694245 0.649281
1 0.715827 0.647482 0.715827 0.649281 0.714029 0.651079 0.715827 0.652878 0.714029 0.651079 0.715827 0.649281
0 0.764388 0.571942 0.762590 0.571942 0.760791 0.573741 0.753597 0.573741 0.751799 0.575540 0.744604 0.575540 0.742806 0.577338 0.735612 0.577338 0.733813 0.579137 0.732014 0.579137 0.730216 0.580935 0.728417 0.580935 0.726619 0.582734 0.724820 0.582734 0.723022 0.584532 0.721223 0.584532 0.719424 0.586331 0.717626 0.586331 0.717626 0.588129 0.719424 0.589928 0.719424 0.593525 0.721223 0.595324 0.721223 0.600719 0.723022 0.602518 0.723022 0.606115 0.724820 0.607914 0.724820 0.611511 0.726619 0.613309 0.726619 0.618705 0.730216 0.618705 0.732014 0.616906 0.733813 0.616906 0.735612 0.615108 0.737410 0.615108 0.739209 0.613309 0.742806 0.613309 0.744604 0.615108 0.750000 0.615108 0.751799 0.613309 0.755396 0.613309 0.755396 0.611511 0.757194 0.609712 0.758993 0.611511 0.760791 0.611511 0.762590 0.609712 0.764388 0.609712 0.766187 0.607914 0.767986 0.607914 0.769784 0.606115 0.771583 0.606115 0.773381 0.604317 0.773381 0.600719 0.771583 0.598921 0.771583 0.595324 0.769784 0.593525 0.769784 0.589928 0.767986 0.588129 0.767986 0.582734 0.766187 0.580935 0.766187 0.577338 0.764388 0.575540
1 0.732014 0.557554 0.733813 0.559353 0.733813 0.564748 0.735612 0.566547 0.735612 0.570144 0.737410 0.571942 0.737410 0.575540 0.741007 0.575540 0.741007 0.571942 0.739209 0.570144 0.739209 0.568345 0.737410 0.566547 0.737410 0.562950 0.735612 0.561151 0.735612 0.557554
1 0.485612 0.273381 0.489209 0.276978 0.492806 0.276978 0.492806 0.275180 0.491007 0.273381
0 0.516187 0.253597 0.514388 0.255396 0.512590 0.255396 0.510791 0.257194 0.507194 0.257194 0.505396 0.258993 0.503597 0.258993 0.500000 0.262590 0.500000 0.266187 0.498201 0.267986 0.498201 0.271583 0.496403 0.273381 0.496403 0.276978 0.494604 0.278777 0.494604 0.282374 0.492806 0.284173 0.492806 0.287770 0.491007 0.289568 0.491007 0.294964 0.489209 0.296763 0.489209 0.300360 0.487410 0.302158 0.487410 0.305755 0.489209 0.307554 0.492806 0.307554 0.494604 0.309353 0.496403 0.309353 0.498201 0.311151 0.500000 0.311151 0.501799 0.312950 0.505396 0.312950 0.507194 0.314748 0.508993 0.314748 0.510791 0.316547 0.512590 0.316547 0.514388 0.318345 0.517986 0.318345 0.519784 0.320144 0.521583 0.320144 0.523381 0.321942 0.525180 0.321942 0.526978 0.323741 0.532374 0.323741 0.534173 0.321942 0.535971 0.321942 0.539568 0.318345 0.541367 0.318345 0.543165 0.316547 0.544964 0.316547 0.544964 0.314748 0.546763 0.312950 0.546763 0.309353 0.548561 0.307554 0.548561 0.303957 0.550360 0.302158 0.550360 0.298561 0.552158 0.296763 0.552158 0.293165 0.553957 0.291367 0.553957 0.289568 0.555755 0.287770 0.555755 0.284173 0.557554 0.282374 0.557554 0.278777 0.559353 0.276978 0.559353 0.273381 0.561151 0.271583 0.559353 0.271583 0.557554 0.269784 0.553957 0.269784 0.552158 0.267986 0.550360 0.267986 0.548561 0.266187 0.544964 0.266187 0.543165 0.264388 0.541367 0.264388 0.539568 0.262590 0.537770 0.262590 0.535971 0.260791 0.532374 0.260791 0.530576 0.258993 0.528777 0.258993 0.526978 0.257194 0.525180 0.257194 0.523381 0.255396 0.519784 0.255396 0.517986 0.253597
1 0.473022 0.266187 0.473022 0.269784 0.474820 0.269784 0.476619 0.271583 0.480216 0.271583 0.482014 0.273381 0.483813 0.273381 0.485612 0.275180 0.483813 0.273381 0.485612 0.271583 0.491007 0.271583 0.494604 0.275180 0.494604 0.276978 0.494604 0.273381 0.492806 0.273381 0.491007 0.271583 0.489209 0.271583 0.487410 0.269784 0.483813 0.269784 0.482014 0.267986 0.480216 0.267986 0.478417 0.266187 0.476619 0.266187 0.474820 0.264388
