0 0.771484 0.470703 0.770508 0.471680 0.770508 0.472656 0.768555 0.474609 0.768555 0.475586 0.766602 0.477539 0.766602 0.478516 0.764648 0.480469 0.764648 0.481445 0.761719 0.484375 0.761719 0.485352 0.759766 0.487305 0.759766 0.488281 0.757812 0.490234 0.757812 0.491211 0.755859 0.493164 0.755859 0.494141 0.754883 0.495117 0.754883 0.496094 0.756836 0.498047 0.756836 0.499023 0.758789 0.500977 0.758789 0.501953 0.759766 0.502930 0.760742 0.502930 0.761719 0.503906 0.762695 0.503906 0.764648 0.505859 0.765625 0.505859 0.766602 0.506836 0.767578 0.506836 0.769531 0.508789 0.770508 0.508789 0.771484 0.509766 0.772461 0.509766 0.773438 0.510742 0.774414 0.510742 0.776367 0.512695 0.777344 0.512695 0.778320 0.513672 0.779297 0.513672 0.781250 0.515625 0.782227 0.515625 0.783203 0.516602 0.784180 0.516602 0.785156 0.517578 0.786133 0.516602 0.786133 0.515625 0.788086 0.513672 0.788086 0.512695 0.790039 0.510742 0.790039 0.509766 0.792969 0.506836 0.792969 0.505859 0.794922 0.503906 0.794922 0.502930 0.796875 0.500977 0.796875 0.500000 0.798828 0.498047 0.798828 0.497070 0.801758 0.494141 0.801758 0.492188 0.800781 0.491211 0.800781 0.490234 0.799805 0.489258 0.799805 0.488281 0.798828 0.487305 0.798828 0.486328 0.796875 0.484375 0.795898 0.484375 0.794922 0.483398 0.793945 0.483398 0.791992 0.481445 0.791016 0.481445 0.790039 0.480469 0.789062 0.480469 0.788086 0.479492 0.787109 0.479492 0.785156 0.477539 0.784180 0.477539 0.783203 0.476562 0.782227 0.476562 0.781250 0.475586 0.780273 0.475586 0.779297 0.474609 0.778320 0.474609 0.776367 0.472656 0.775391 0.472656 0.774414 0.471680 0.773438 0.471680 0.772461 0.470703
1 0.797852 0.463867 0.795898 0.465820 0.795898 0.466797 0.793945 0.468750 0.793945 0.469727 0.791016 0.472656 0.791016 0.473633 0.789062 0.475586 0.789062 0.476562 0.787109 0.478516 0.788086 0.478516 0.789062 0.479492 0.790039 0.479492 0.792969 0.476562 0.792969 0.475586 0.794922 0.473633 0.794922 0.472656 0.796875 0.470703 0.796875 0.469727 0.798828 0.467773 0.798828 0.466797 0.799805 0.465820
0 0.475586 0.586914 0.467773 0.594727 0.472656 0.599609 0.470703 0.601562 0.469727 0.601562 0.466797 0.598633 0.465820 0.598633 0.464844 0.597656 0.459961 0.602539 0.461914 0.604492 0.461914 0.605469 0.462891 0.606445 0.462891 0.607422 0.463867 0.608398 0.463867 0.609375 0.464844 0.610352 0.464844 0.611328 0.465820 0.612305 0.465820 0.613281 0.469727 0.617188 0.470703 0.617188 0.473633 0.620117 0.474609 0.620117 0.477539 0.623047 0.478516 0.623047 0.481445 0.625977 0.497070 0.610352 0.497070 0.608398 0.495117 0.606445 0.495117 0.605469 0.494141 0.604492 0.494141 0.603516 0.492188 0.601562 0.492188 0.600586 0.491211 0.599609 0.491211 0.598633 0.489258 0.596680 0.488281 0.596680 0.484375 0.592773 0.483398 0.592773 0.479492 0.588867 0.478516 0.588867 0.476562 0.586914
1 0.459961 0.591797 0.459961 0.592773 0.460938 0.593750 0.461914 0.593750 0.465820 0.597656 0.466797 0.597656 0.469727 0.600586 0.470703 0.600586 0.471680 0.599609 0.467773 0.595703 0.466797 0.595703 0.462891 0.591797 0.461914 0.591797 0.460938 0.590820
0 0.548828 0.534180 0.547852 0.534180 0.546875 0.535156 0.545898 0.535156 0.544922 0.536133 0.543945 0.536133 0.542969 0.537109 0.541016 0.537109 0.540039 0.538086 0.539062 0.538086 0.538086 0.539062 0.537109 0.539062 0.536133 0.540039 0.534180 0.540039 0.533203 0.541016 0.532227 0.541016 0.531250 0.541992 0.530273 0.541992 0.529297 0.542969 0.527344 0.542969 0.526367 0.543945 0.525391 0.543945 0.525391 0.545898 0.526367 0.546875 0.526367 0.550781 0.527344 0.551758 0.527344 0.555664 0.528320 0.556641 0.528320 0.559570 0.529297 0.560547 0.529297 0.563477 0.531250 0.565430 0.531250 0.566406 0.533203 0.568359 0.533203 0.569336 0.536133 0.572266 0.536133 0.573242 0.539062 0.576172 0.539062 0.577148 0.540039 0.578125 0.541992 0.578125 0.542969 0.577148 0.543945 0.577148 0.544922 0.576172 0.546875 0.576172 0.547852 0.575195 0.548828 0.575195 0.549805 0.574219 0.550781 0.574219 0.551758 0.573242 0.552734 0.573242 0.553711 0.572266 0.555664 0.572266 0.556641 0.571289 0.557617 0.571289 0.558594 0.570312 0.559570 0.570312 0.560547 0.569336 0.562500 0.569336 0.563477 0.568359 0.563477 0.564453 0.562500 0.563477 0.562500 0.558594 0.561523 0.557617 0.561523 0.552734 0.560547 0.551758 0.560547 0.548828 0.558594 0.546875 0.558594 0.545898 0.554688 0.541992 0.554688 0.541016 0.550781 0.537109 0.550781 0.536133
1 0.549805 0.575195 0.548828 0.576172 0.547852 0.576172 0.547852 0.579102 0.549805 0.579102
0 0.657227 0.584961 0.656250 0.584961 0.654297 0.586914 0.653320 0.586914 0.653320 0.587891 0.657227 0.587891
0 0.658203 0.570312 0.656250 0.570312 0.653320 0.573242 0.653320 0.575195 0.658203 0.575195
0 0.566406 0.208984 0.565430 0.209961 0.562500 0.209961 0.561523 0.210938 0.558594 0.210938 0.557617 0.211914 0.554688 0.211914 0.553711 0.212891 0.550781 0.212891 0.549805 0.213867 0.546875 0.213867 0.545898 0.214844 0.542969 0.214844 0.541992 0.215820 0.539062 0.215820 0.539062 0.218750 0.540039 0.219727 0.540039 0.223633 0.541016 0.224609 0.541016 0.229492 0.541992 0.230469 0.541992 0.234375 0.542969 0.235352 0.542969 0.239258 0.543945 0.240234 0.543945 0.243164 0.544922 0.244141 0.544922 0.247070 0.545898 0.248047 0.545898 0.250000 0.546875 0.250977 0.546875 0.253906 0.547852 0.254883 0.547852 0.256836 0.549805 0.256836 0.550781 0.255859 0.553711 0.255859 0.554688 0.254883 0.557617 0.254883 0.558594 0.253906 0.561523 0.253906 0.562500 0.252930 0.565430 0.252930 0.566406 0.251953 0.569336 0.251953 0.570312 0.250977 0.573242 0.250977 0.574219 0.250000 0.575195 0.250000 0.575195 0.248047 0.574219 0.247070 0.574219 0.243164 0.573242 0.242188 0.573242 0.238281 0.572266 0.237305 0.572266 0.233398 0.571289 0.232422 0.571289 0.228516 0.570312 0.227539 0.570312 0.223633 0.569336 0.222656 0.569336 0.219727 0.568359 0.218750 0.568359 0.214844 0.567383 0.213867 0.567383 0.209961
1 0.616211 0.574219 0.617188 0.574219 0.618164 0.573242 0.616211 0.573242
1 0.622070 0.572266 0.623047 0.573242 0.624023 0.572266 0.625000 0.572266 0.625977 0.573242 0.625977 0.574219 0.630859 0.574219 0.630859 0.573242 0.625977 0.573242 0.625000 0.572266
1 0.552734 0.207031 0.551758 0.208008 0.551758 0.211914 0.553711 0.211914 0.553711 0.208008
0 0.628906 0.557617 0.628906 0.569336 0.627930 0.570312 0.627930 0.571289 0.629883 0.571289 0.630859 0.570312 0.631836 0.571289 0.631836 0.574219 0.630859 0.575195 0.627930 0.575195 0.627930 0.579102 0.628906 0.580078 0.628906 0.581055 0.629883 0.582031 0.629883 0.583008 0.631836 0.584961 0.631836 0.585938 0.633789 0.587891 0.633789 0.588867 0.640625 0.588867 0.641602 0.587891 0.652344 0.587891 0.652344 0.586914 0.653320 0.585938 0.654297 0.585938 0.656250 0.583984 0.657227 0.583984 0.657227 0.580078 0.658203 0.579102 0.658203 0.576172 0.653320 0.576172 0.652344 0.575195 0.652344 0.573242 0.656250 0.569336 0.658203 0.569336 0.658203 0.564453 0.655273 0.561523 0.655273 0.560547 0.653320 0.558594 0.653320 0.557617 0.652344 0.556641 0.634766 0.556641 0.633789 0.557617
1 0.630859 0.571289 0.629883 0.572266 0.625977 0.572266 0.625000 0.573242 0.624023 0.573242 0.623047 0.574219 0.621094 0.572266 0.615234 0.572266 0.615234 0.574219 0.615234 0.573242 0.616211 0.572266 0.618164 0.572266 0.619141 0.573242 0.618164 0.574219 0.625000 0.574219 0.625000 0.573242 0.625977 0.572266 0.630859 0.572266
1 0.414062 0.538086 0.413086 0.539062 0.415039 0.541016 0.414062 0.541992 0.415039 0.542969 0.415039 0.543945 0.416016 0.544922 0.415039 0.545898 0.416016 0.546875 0.415039 0.545898 0.417969 0.542969 0.416992 0.541992 0.416992 0.541016 0.416016 0.540039 0.416016 0.539062 0.415039 0.538086
0 0.415039 0.495117 0.414062 0.496094 0.413086 0.496094 0.412109 0.497070 0.410156 0.497070 0.409180 0.498047 0.408203 0.498047 0.407227 0.499023 0.406250 0.499023 0.405273 0.500000 0.404297 0.500000 0.403320 0.500977 0.401367 0.500977 0.400391 0.501953 0.399414 0.501953 0.398438 0.502930 0.397461 0.502930 0.396484 0.503906 0.394531 0.503906 0.393555 0.504883 0.392578 0.504883 0.391602 0.505859 0.390625 0.505859 0.389648 0.506836 0.388672 0.506836 0.387695 0.507812 0.385742 0.507812 0.384766 0.508789 0.383789 0.508789 0.382812 0.509766 0.382812 0.511719 0.381836 0.512695 0.381836 0.517578 0.380859 0.518555 0.380859 0.519531 0.381836 0.520508 0.381836 0.521484 0.382812 0.522461 0.382812 0.523438 0.383789 0.524414 0.383789 0.525391 0.384766 0.526367 0.384766 0.527344 0.385742 0.528320 0.385742 0.529297 0.386719 0.530273 0.386719 0.531250 0.387695 0.532227 0.387695 0.533203 0.388672 0.534180 0.388672 0.535156 0.389648 0.536133 0.389648 0.537109 0.390625 0.538086 0.390625 0.539062 0.391602 0.540039 0.391602 0.541016 0.392578 0.541992 0.392578 0.542969 0.393555 0.543945 0.393555 0.544922 0.394531 0.545898 0.394531 0.546875 0.395508 0.547852 0.395508 0.548828 0.396484 0.549805 0.397461 0.549805 0.398438 0.548828 0.399414 0.548828 0.400391 0.547852 0.401367 0.547852 0.402344 0.546875 0.403320 0.546875 0.404297 0.545898 0.405273 0.545898 0.406250 0.544922 0.408203 0.544922 0.409180 0.543945 0.410156 0.543945 0.411133 0.542969 0.412109 0.542969 0.412109 0.541016 0.411133 0.540039 0.411133 0.539062 0.412109 0.538086 0.413086 0.538086 0.414062 0.537109 0.415039 0.537109 0.416992 0.539062 0.416992 0.540039 0.417969 0.540039 0.418945 0.539062 0.420898 0.539062 0.421875 0.538086 0.422852 0.538086 0.423828 0.537109 0.424805 0.537109 0.425781 0.536133 0.426758 0.536133 0.427734 0.535156 0.427734 0.534180 0.428711 0.533203 0.428711 0.532227 0.429688 0.531250 0.429688 0.529297 0.430664 0.528320 0.430664 0.525391 0.429688 0.524414 0.429688 0.523438 0.428711 0.522461 0.428711 0.521484 0.427734 0.520508 0.427734 0.519531 0.426758 0.518555 0.426758 0.517578 0.425781 0.516602 0.425781 0.515625 0.424805 0.514648 0.424805 0.513672 0.423828 0.512695 0.423828 0.511719 0.422852 0.510742 0.422852 0.509766 0.421875 0.508789 0.421875 0.507812 0.420898 0.506836 0.420898 0.505859 0.419922 0.504883 0.419922 0.503906 0.418945 0.502930 0.418945 0.501953 0.417969 0.500977 0.417969 0.500000 0.416992 0.499023 0.416992 0.498047 0.416016 0.497070 0.416016 0.496094
1 0.412109 0.539062 0.412109 0.540039 0.413086 0.541016 0.413086 0.541992 0.414062 0.542969 0.414062 0.543945 0.416992 0.546875 0.416016 0.547852 0.416992 0.548828 0.416992 0.549805 0.417969 0.550781 0.417969 0.551758 0.418945 0.552734 0.418945 0.553711 0.419922 0.554688 0.419922 0.555664 0.420898 0.556641 0.420898 0.557617 0.421875 0.558594 0.421875 0.559570 0.422852 0.560547 0.423828 0.559570 0.424805 0.559570 0.425781 0.558594 0.424805 0.557617 0.424805 0.556641 0.423828 0.555664 0.423828 0.554688 0.422852 0.553711 0.422852 0.552734 0.421875 0.551758 0.421875 0.550781 0.420898 0.549805 0.420898 0.548828 0.419922 0.547852 0.419922 0.546875 0.418945 0.545898 0.418945 0.544922 0.417969 0.543945 0.416016 0.545898 0.414062 0.543945 0.414062 0.542969 0.413086 0.541992 0.414062 0.541016
1 0.739258 0.336914 0.739258 0.339844 0.740234 0.338867 0.741211 0.339844 0.741211 0.338867
0 0.746094 0.338867 0.745117 0.339844 0.743164 0.339844 0.742188 0.340820 0.742188 0.349609 0.740234 0.351562 0.739258 0.351562 0.737305 0.349609 0.737305 0.345703 0.736328 0.344727 0.736328 0.342773 0.735352 0.342773 0.734375 0.343750 0.732422 0.343750 0.731445 0.344727 0.730469 0.344727 0.729492 0.345703 0.727539 0.345703 0.726562 0.346680 0.724609 0.346680 0.723633 0.347656 0.721680 0.347656 0.720703 0.348633 0.719727 0.348633 0.718750 0.349609 0.718750 0.353516 0.719727 0.354492 0.719727 0.364258 0.720703 0.365234 0.720703 0.374023 0.731445 0.384766 0.732422 0.384766 0.735352 0.387695 0.737305 0.387695 0.738281 0.386719 0.739258 0.386719 0.740234 0.385742 0.742188 0.385742 0.743164 0.384766 0.745117 0.384766 0.746094 0.383789 0.747070 0.383789 0.748047 0.382812 0.750000 0.382812 0.750977 0.381836 0.752930 0.381836 0.753906 0.380859 0.754883 0.380859 0.755859 0.379883 0.757812 0.379883 0.758789 0.378906 0.760742 0.378906 0.761719 0.377930 0.763672 0.377930 0.762695 0.376953 0.762695 0.361328 0.761719 0.360352 0.761719 0.351562 0.758789 0.348633 0.757812 0.348633 0.753906 0.344727 0.752930 0.344727 0.749023 0.340820 0.748047 0.340820
1 0.738281 0.331055 0.737305 0.332031 0.736328 0.332031 0.737305 0.333008 0.737305 0.344727 0.738281 0.345703 0.738281 0.349609 0.739258 0.349609 0.740234 0.350586 0.741211 0.349609 0.741211 0.340820 0.740234 0.339844 0.739258 0.340820 0.738281 0.339844 0.738281 0.336914 0.739258 0.335938 0.740234 0.336914 0.740234 0.332031 0.739258 0.331055
0 0.713867 0.571289 0.709961 0.571289 0.708984 0.572266 0.706055 0.572266 0.705078 0.573242 0.701172 0.573242 0.700195 0.574219 0.697266 0.574219 0.696289 0.575195 0.693359 0.575195 0.692383 0.576172 0.691406 0.576172 0.690430 0.577148 0.690430 0.578125 0.688477 0.580078 0.688477 0.581055 0.686523 0.583008 0.686523 0.583984 0.684570 0.585938 0.684570 0.586914 0.682617 0.588867 0.682617 0.589844 0.679688 0.592773 0.679688 0.593750 0.678711 0.594727 0.679688 0.595703 0.679688 0.596680 0.681641 0.598633 0.681641 0.599609 0.684570 0.602539 0.684570 0.603516 0.687500 0.606445 0.687500 0.607422 0.690430 0.610352 0.690430 0.611328 0.692383 0.613281 0.692383 0.614258 0.695312 0.617188 0.695312 0.618164 0.696289 0.618164 0.697266 0.617188 0.700195 0.617188 0.701172 0.616211 0.703125 0.616211 0.704102 0.615234 0.707031 0.615234 0.708008 0.614258 0.709961 0.614258 0.710938 0.613281 0.713867 0.613281 0.714844 0.612305 0.716797 0.612305 0.718750 0.610352 0.718750 0.609375 0.721680 0.606445 0.721680 0.605469 0.724609 0.602539 0.724609 0.601562 0.727539 0.598633 0.727539 0.597656 0.730469 0.594727 0.730469 0.592773 0.729492 0.591797 0.729492 0.590820 0.726562 0.587891 0.726562 0.586914 0.722656 0.583008 0.722656 0.582031 0.719727 0.579102 0.719727 0.578125 0.715820 0.574219 0.715820 0.573242
1 0.685547 0.566406 0.684570 0.567383 0.683594 0.567383 0.683594 0.569336 0.684570 0.570312 0.684570 0.571289 0.688477 0.575195 0.688477 0.576172 0.689453 0.577148 0.691406 0.575195 0.692383 0.575195 0.691406 0.574219 0.691406 0.573242 0.687500 0.569336 0.687500 0.568359
