0 0.699219 0.525391 0.698242 0.526367 0.697266 0.526367 0.694336 0.529297 0.693359 0.529297 0.691406 0.531250 0.690430 0.531250 0.688477 0.533203 0.687500 0.533203 0.684570 0.536133 0.683594 0.536133 0.681641 0.538086 0.680664 0.538086 0.678711 0.540039 0.677734 0.540039 0.677734 0.541992 0.678711 0.542969 0.678711 0.543945 0.679688 0.544922 0.679688 0.545898 0.680664 0.546875 0.680664 0.547852 0.681641 0.548828 0.681641 0.549805 0.682617 0.550781 0.682617 0.551758 0.683594 0.552734 0.683594 0.553711 0.685547 0.555664 0.685547 0.556641 0.690430 0.561523 0.690430 0.562500 0.695312 0.567383 0.695312 0.568359 0.699219 0.572266 0.700195 0.572266 0.701172 0.571289 0.702148 0.571289 0.704102 0.569336 0.705078 0.569336 0.708008 0.566406 0.708984 0.566406 0.710938 0.564453 0.711914 0.564453 0.713867 0.562500 0.714844 0.562500 0.717773 0.559570 0.718750 0.559570 0.720703 0.557617 0.721680 0.557617 0.722656 0.556641 0.721680 0.555664 0.721680 0.554688 0.720703 0.553711 0.720703 0.552734 0.719727 0.551758 0.719727 0.550781 0.718750 0.549805 0.718750 0.547852 0.717773 0.546875 0.717773 0.545898 0.716797 0.544922 0.716797 0.543945 0.715820 0.542969 0.715820 0.541992 0.707031 0.533203 0.707031 0.532227 0.700195 0.525391
1 0.727539 0.530273 0.726562 0.529297 0.724609 0.529297 0.722656 0.531250 0.721680 0.531250 0.719727 0.533203 0.718750 0.533203 0.715820 0.536133 0.714844 0.536133 0.712891 0.538086 0.714844 0.540039 0.715820 0.540039 0.718750 0.537109 0.719727 0.537109 0.721680 0.535156 0.722656 0.535156 0.724609 0.533203 0.725586 0.533203 0.727539 0.531250
0 0.440430 0.573242 0.439453 0.573242 0.438477 0.574219 0.437500 0.574219 0.436523 0.575195 0.435547 0.575195 0.434570 0.576172 0.433594 0.576172 0.432617 0.577148 0.431641 0.577148 0.430664 0.578125 0.430664 0.579102 0.431641 0.580078 0.431641 0.581055 0.429688 0.583008 0.427734 0.581055 0.427734 0.580078 0.426758 0.579102 0.425781 0.580078 0.424805 0.580078 0.423828 0.581055 0.422852 0.581055 0.421875 0.582031 0.421875 0.583008 0.420898 0.583984 0.420898 0.591797 0.421875 0.592773 0.421875 0.593750 0.422852 0.594727 0.422852 0.595703 0.424805 0.597656 0.424805 0.598633 0.425781 0.599609 0.425781 0.600586 0.426758 0.601562 0.426758 0.602539 0.428711 0.604492 0.428711 0.605469 0.429688 0.606445 0.429688 0.607422 0.431641 0.607422 0.432617 0.606445 0.433594 0.606445 0.434570 0.605469 0.436523 0.605469 0.437500 0.604492 0.438477 0.604492 0.439453 0.603516 0.440430 0.603516 0.441406 0.602539 0.442383 0.602539 0.443359 0.601562 0.444336 0.601562 0.445312 0.600586 0.447266 0.600586 0.448242 0.599609 0.449219 0.599609 0.449219 0.588867 0.448242 0.587891 0.448242 0.586914 0.446289 0.584961 0.446289 0.583984 0.445312 0.583008 0.445312 0.582031 0.444336 0.581055 0.444336 0.580078 0.442383 0.578125 0.442383 0.577148 0.441406 0.576172 0.441406 0.575195 0.440430 0.574219
1 0.423828 0.569336 0.422852 0.570312 0.423828 0.571289 0.423828 0.572266 0.424805 0.573242 0.424805 0.574219 0.425781 0.575195 0.425781 0.576172 0.426758 0.577148 0.426758 0.578125 0.428711 0.580078 0.428711 0.581055 0.429688 0.582031 0.430664 0.581055 0.430664 0.580078 0.429688 0.579102 0.429688 0.578125 0.427734 0.576172 0.427734 0.575195 0.426758 0.574219 0.426758 0.573242 0.425781 0.572266 0.425781 0.571289 0.424805 0.570312 0.424805 0.569336
0 0.480469 0.530273 0.480469 0.544922 0.479492 0.545898 0.479492 0.553711 0.480469 0.554688 0.480469 0.561523 0.481445 0.562500 0.481445 0.563477 0.504883 0.563477 0.504883 0.558594 0.505859 0.557617 0.505859 0.543945 0.506836 0.542969 0.505859 0.541992 0.505859 0.537109 0.504883 0.536133 0.504883 0.532227 0.503906 0.531250 0.490234 0.531250 0.489258 0.530273
1 0.492188 0.564453 0.491211 0.564453 0.491211 0.567383 0.490234 0.568359 0.490234 0.571289 0.492188 0.571289
0 0.579102 0.624023 0.580078 0.625000 0.582031 0.625000 0.583008 0.625977 0.583008 0.623047 0.582031 0.622070 0.582031 0.623047 0.581055 0.624023
0 0.582031 0.619141 0.581055 0.619141 0.581055 0.620117
0 0.571289 0.617188 0.571289 0.619141 0.570312 0.620117 0.570312 0.621094 0.571289 0.621094 0.572266 0.622070 0.573242 0.622070 0.573242 0.621094 0.574219 0.620117 0.575195 0.621094 0.575195 0.623047 0.576172 0.623047 0.577148 0.624023 0.577148 0.622070 0.576172 0.621094 0.576172 0.617188 0.575195 0.616211 0.573242 0.616211 0.572266 0.617188
0 0.580078 0.601562 0.579102 0.602539 0.578125 0.601562 0.577148 0.601562 0.577148 0.603516 0.576172 0.604492 0.576172 0.606445 0.575195 0.607422 0.575195 0.608398 0.573242 0.610352 0.572266 0.610352 0.572266 0.611328 0.573242 0.612305 0.579102 0.612305 0.580078 0.611328 0.580078 0.608398 0.579102 0.607422 0.579102 0.602539
0 0.587891 0.259766 0.587891 0.261719 0.586914 0.262695 0.586914 0.264648 0.585938 0.265625 0.585938 0.266602 0.584961 0.267578 0.584961 0.269531 0.583984 0.270508 0.583984 0.272461 0.583008 0.273438 0.583008 0.281250 0.583984 0.282227 0.583984 0.291016 0.584961 0.291992 0.584961 0.294922 0.590820 0.294922 0.591797 0.295898 0.609375 0.295898 0.609375 0.293945 0.610352 0.292969 0.610352 0.290039 0.611328 0.289062 0.611328 0.287109 0.612305 0.286133 0.612305 0.284180 0.613281 0.283203 0.613281 0.267578 0.612305 0.266602 0.612305 0.260742 0.604492 0.260742 0.603516 0.259766
1 0.603516 0.258789 0.604492 0.259766 0.605469 0.259766 0.605469 0.258789
0 0.571289 0.612305 0.571289 0.615234 0.570312 0.616211 0.570312 0.619141 0.570312 0.617188 0.571289 0.616211 0.572266 0.616211 0.573242 0.615234 0.575195 0.615234 0.577148 0.617188 0.577148 0.621094 0.578125 0.622070 0.578125 0.624023 0.579102 0.623047 0.581055 0.623047 0.581055 0.622070 0.582031 0.621094 0.582031 0.620117 0.581055 0.621094 0.580078 0.620117 0.580078 0.619141 0.581055 0.618164 0.582031 0.618164 0.581055 0.617188 0.581055 0.613281 0.580078 0.612305 0.579102 0.613281 0.573242 0.613281 0.572266 0.612305 0.573242 0.611328 0.572266 0.612305
0 0.584961 0.596680 0.583984 0.596680 0.583008 0.595703 0.581055 0.595703 0.580078 0.594727 0.578125 0.594727 0.578125 0.597656 0.576172 0.599609 0.576172 0.601562 0.575195 0.602539 0.575195 0.604492 0.574219 0.605469 0.575195 0.606445 0.574219 0.607422 0.574219 0.608398 0.573242 0.609375 0.574219 0.608398 0.574219 0.607422 0.575195 0.606445 0.575195 0.604492 0.576172 0.603516 0.576172 0.601562 0.577148 0.600586 0.578125 0.600586 0.580078 0.602539 0.583008 0.599609 0.583008 0.598633
1 0.559570 0.602539 0.559570 0.603516 0.561523 0.603516 0.562500 0.604492 0.564453 0.604492 0.565430 0.605469 0.571289 0.605469 0.572266 0.606445 0.571289 0.607422 0.570312 0.607422 0.573242 0.607422 0.572266 0.606445 0.572266 0.605469 0.571289 0.605469 0.570312 0.604492 0.569336 0.605469 0.567383 0.605469 0.566406 0.604492 0.567383 0.603516 0.563477 0.603516 0.561523 0.601562 0.560547 0.602539
1 0.356445 0.439453 0.356445 0.452148 0.359375 0.452148 0.359375 0.448242 0.358398 0.447266 0.358398 0.440430 0.357422 0.439453
0 0.341797 0.405273 0.341797 0.439453 0.342773 0.440430 0.342773 0.446289 0.355469 0.446289 0.355469 0.439453 0.356445 0.438477 0.358398 0.438477 0.359375 0.439453 0.359375 0.446289 0.372070 0.446289 0.372070 0.443359 0.373047 0.442383 0.373047 0.409180 0.372070 0.408203 0.372070 0.406250 0.359375 0.406250 0.358398 0.405273
1 0.356445 0.453125 0.356445 0.458984 0.359375 0.458984 0.359375 0.453125
0 0.690430 0.406250 0.690430 0.409180 0.689453 0.410156 0.689453 0.418945 0.688477 0.419922 0.688477 0.428711 0.687500 0.429688 0.687500 0.431641 0.688477 0.432617 0.688477 0.433594 0.689453 0.434570 0.689453 0.436523 0.690430 0.437500 0.690430 0.438477 0.691406 0.439453 0.691406 0.441406 0.719727 0.441406 0.719727 0.437500 0.720703 0.436523 0.720703 0.428711 0.721680 0.427734 0.721680 0.420898 0.722656 0.419922 0.722656 0.415039 0.721680 0.414062 0.721680 0.413086 0.720703 0.412109 0.720703 0.411133 0.719727 0.410156 0.719727 0.409180 0.718750 0.408203 0.718750 0.407227 0.717773 0.406250 0.708984 0.406250 0.708984 0.410156 0.708008 0.411133 0.705078 0.411133 0.704102 0.410156 0.704102 0.406250
1 0.708984 0.392578 0.707031 0.392578 0.707031 0.395508 0.706055 0.396484 0.706055 0.405273 0.705078 0.406250 0.705078 0.410156 0.708008 0.410156 0.708008 0.402344 0.708984 0.401367
0 0.593750 0.587891 0.589844 0.591797 0.589844 0.592773 0.583984 0.598633 0.583984 0.599609 0.580078 0.603516 0.580078 0.607422 0.581055 0.608398 0.581055 0.612305 0.582031 0.613281 0.582031 0.617188 0.583008 0.618164 0.583008 0.622070 0.583984 0.623047 0.583984 0.625977 0.584961 0.625977 0.585938 0.626953 0.588867 0.626953 0.589844 0.627930 0.592773 0.627930 0.593750 0.628906 0.596680 0.628906 0.597656 0.629883 0.600586 0.629883 0.601562 0.630859 0.604492 0.630859 0.605469 0.631836 0.608398 0.631836 0.611328 0.628906 0.611328 0.627930 0.623047 0.616211 0.622070 0.615234 0.622070 0.611328 0.621094 0.610352 0.621094 0.607422 0.620117 0.606445 0.620117 0.603516 0.619141 0.602539 0.619141 0.599609 0.618164 0.598633 0.618164 0.595703 0.617188 0.594727 0.617188 0.593750 0.615234 0.593750 0.614258 0.592773 0.612305 0.592773 0.611328 0.591797 0.608398 0.591797 0.607422 0.590820 0.604492 0.590820 0.603516 0.589844 0.600586 0.589844 0.599609 0.588867 0.597656 0.588867 0.596680 0.587891
1 0.593750 0.584961 0.593750 0.585938 0.594727 0.586914 0.596680 0.586914 0.597656 0.587891 0.597656 0.585938 0.596680 0.584961 0.596680 0.583984 0.595703 0.583984 0.594727 0.584961
