0 0.604492 0.468750 0.602539 0.470703 0.601562 0.470703 0.598633 0.473633 0.597656 0.473633 0.596680 0.474609 0.596680 0.500977 0.602539 0.500977 0.603516 0.501953 0.611328 0.501953 0.612305 0.502930 0.620117 0.502930 0.621094 0.503906 0.622070 0.503906 0.626953 0.499023 0.627930 0.499023 0.629883 0.497070 0.629883 0.490234 0.628906 0.489258 0.626953 0.489258 0.625977 0.488281 0.625977 0.486328 0.626953 0.485352 0.629883 0.485352 0.629883 0.475586 0.630859 0.474609 0.630859 0.471680 0.629883 0.470703 0.620117 0.470703 0.619141 0.469727 0.610352 0.469727 0.609375 0.468750
1 0.626953 0.486328 0.626953 0.488281 0.628906 0.488281 0.629883 0.489258 0.638672 0.489258 0.639648 0.490234 0.644531 0.490234 0.644531 0.488281 0.643555 0.487305 0.634766 0.487305 0.633789 0.486328
0 0.421875 0.409180 0.418945 0.409180 0.417969 0.410156 0.415039 0.410156 0.414062 0.411133 0.410156 0.411133 0.409180 0.412109 0.405273 0.412109 0.404297 0.413086 0.401367 0.413086 0.400391 0.414062 0.399414 0.414062 0.399414 0.415039 0.400391 0.416016 0.400391 0.418945 0.401367 0.419922 0.401367 0.423828 0.402344 0.424805 0.402344 0.426758 0.403320 0.427734 0.403320 0.431641 0.404297 0.432617 0.404297 0.436523 0.405273 0.437500 0.405273 0.439453 0.406250 0.440430 0.406250 0.442383 0.407227 0.441406 0.410156 0.441406 0.411133 0.440430 0.415039 0.440430 0.416016 0.439453 0.418945 0.439453 0.419922 0.438477 0.423828 0.438477 0.424805 0.437500 0.428711 0.437500 0.428711 0.434570 0.427734 0.433594 0.427734 0.429688 0.426758 0.428711 0.426758 0.424805 0.425781 0.423828 0.425781 0.420898 0.424805 0.419922 0.424805 0.416016 0.423828 0.415039 0.423828 0.413086 0.422852 0.412109 0.422852 0.410156
1 0.402344 0.427734 0.401367 0.426758 0.400391 0.427734 0.396484 0.427734 0.395508 0.428711 0.391602 0.428711 0.390625 0.429688 0.387695 0.429688 0.386719 0.430664 0.387695 0.431641 0.391602 0.431641 0.392578 0.430664 0.396484 0.430664 0.397461 0.429688 0.400391 0.429688 0.401367 0.428711 0.402344 0.428711
0 0.386719 0.300781 0.385742 0.300781 0.384766 0.301758 0.379883 0.301758 0.378906 0.302734 0.373047 0.302734 0.372070 0.303711 0.367188 0.303711 0.366211 0.304688 0.362305 0.304688 0.361328 0.305664 0.361328 0.306641 0.362305 0.307617 0.362305 0.312500 0.363281 0.313477 0.363281 0.317383 0.364258 0.318359 0.364258 0.322266 0.365234 0.323242 0.365234 0.324219 0.366211 0.323242 0.372070 0.323242 0.373047 0.322266 0.378906 0.322266 0.379883 0.321289 0.383789 0.321289 0.384766 0.320312 0.387695 0.320312 0.388672 0.319336 0.390625 0.319336 0.390625 0.318359 0.389648 0.317383 0.389648 0.313477 0.388672 0.312500 0.388672 0.307617 0.387695 0.306641 0.387695 0.302734 0.386719 0.301758
0 0.340820 0.339844 0.340820 0.344727 0.339844 0.345703 0.339844 0.350586 0.338867 0.351562 0.338867 0.357422 0.337891 0.358398 0.337891 0.363281 0.336914 0.364258 0.336914 0.369141 0.338867 0.369141 0.339844 0.370117 0.344727 0.370117 0.345703 0.371094 0.350586 0.371094 0.351562 0.372070 0.355469 0.372070 0.356445 0.373047 0.362305 0.373047 0.362305 0.369141 0.363281 0.368164 0.363281 0.363281 0.364258 0.362305 0.364258 0.356445 0.365234 0.355469 0.365234 0.350586 0.366211 0.349609 0.366211 0.344727 0.362305 0.344727 0.361328 0.343750 0.357422 0.343750 0.356445 0.342773 0.352539 0.342773 0.351562 0.341797 0.346680 0.341797 0.345703 0.340820 0.341797 0.340820
1 0.353516 0.351562 0.351562 0.351562 0.351562 0.353516 0.350586 0.354492 0.350586 0.355469 0.351562 0.355469 0.352539 0.356445 0.352539 0.353516 0.353516 0.352539
0 0.500977 0.533203 0.500000 0.533203 0.499023 0.534180 0.498047 0.534180 0.495117 0.537109 0.494141 0.537109 0.490234 0.541016 0.489258 0.541016 0.486328 0.543945 0.485352 0.543945 0.486328 0.544922 0.486328 0.545898 0.488281 0.547852 0.488281 0.548828 0.491211 0.551758 0.491211 0.552734 0.494141 0.555664 0.494141 0.556641 0.498047 0.560547 0.498047 0.561523 0.499023 0.562500 0.500000 0.561523 0.500977 0.561523 0.504883 0.557617 0.505859 0.557617 0.508789 0.554688 0.509766 0.554688 0.512695 0.551758 0.513672 0.551758 0.514648 0.550781 0.511719 0.547852 0.511719 0.546875 0.508789 0.543945 0.508789 0.542969 0.505859 0.540039 0.505859 0.539062 0.501953 0.535156 0.501953 0.534180
1 0.492188 0.554688 0.491211 0.553711 0.490234 0.553711 0.486328 0.557617 0.485352 0.557617 0.483398 0.559570 0.482422 0.559570 0.481445 0.560547 0.481445 0.561523 0.482422 0.561523 0.483398 0.560547 0.484375 0.560547 0.487305 0.557617 0.488281 0.557617 0.491211 0.554688
0 0.610352 0.329102 0.609375 0.330078 0.609375 0.333008 0.608398 0.333984 0.608398 0.337891 0.607422 0.338867 0.607422 0.342773 0.606445 0.343750 0.606445 0.346680 0.605469 0.347656 0.605469 0.350586 0.604492 0.351562 0.604492 0.354492 0.608398 0.354492 0.609375 0.355469 0.613281 0.355469 0.614258 0.356445 0.617188 0.356445 0.618164 0.357422 0.622070 0.357422 0.623047 0.358398 0.624023 0.357422 0.625977 0.357422 0.626953 0.358398 0.628906 0.358398 0.629883 0.357422 0.629883 0.353516 0.630859 0.352539 0.630859 0.349609 0.631836 0.348633 0.631836 0.344727 0.632812 0.343750 0.632812 0.340820 0.633789 0.339844 0.633789 0.335938 0.634766 0.334961 0.634766 0.333984 0.631836 0.333984 0.630859 0.333008 0.626953 0.333008 0.625977 0.332031 0.622070 0.332031 0.621094 0.331055 0.617188 0.331055 0.616211 0.330078 0.612305 0.330078 0.611328 0.329102
1 0.590820 0.338867 0.591797 0.339844 0.594727 0.339844 0.595703 0.340820 0.600586 0.340820 0.601562 0.341797 0.605469 0.341797 0.606445 0.342773 0.606445 0.340820 0.604492 0.340820 0.603516 0.339844 0.599609 0.339844 0.598633 0.338867 0.594727 0.338867 0.593750 0.337891 0.591797 0.337891
0 0.375977 0.564453 0.374023 0.564453 0.373047 0.565430 0.369141 0.565430 0.368164 0.566406 0.363281 0.566406 0.363281 0.568359 0.362305 0.569336 0.362305 0.574219 0.361328 0.575195 0.361328 0.581055 0.360352 0.582031 0.361328 0.583008 0.362305 0.583008 0.363281 0.583984 0.364258 0.583984 0.365234 0.584961 0.366211 0.584961 0.367188 0.585938 0.368164 0.585938 0.369141 0.586914 0.370117 0.586914 0.371094 0.587891 0.375000 0.587891 0.375977 0.586914 0.378906 0.586914 0.379883 0.585938 0.383789 0.585938 0.383789 0.583984 0.381836 0.582031 0.380859 0.582031 0.379883 0.581055 0.378906 0.581055 0.377930 0.580078 0.377930 0.579102 0.378906 0.578125 0.380859 0.578125 0.381836 0.579102 0.382812 0.579102 0.383789 0.580078 0.384766 0.580078 0.384766 0.578125 0.385742 0.577148 0.385742 0.572266 0.386719 0.571289 0.386719 0.570312 0.385742 0.570312 0.384766 0.569336 0.383789 0.569336 0.382812 0.568359 0.381836 0.568359 0.380859 0.567383 0.379883 0.567383 0.377930 0.565430 0.376953 0.565430
1 0.378906 0.579102 0.378906 0.580078 0.379883 0.580078 0.380859 0.581055 0.381836 0.581055 0.383789 0.583008 0.384766 0.583008 0.385742 0.583984 0.386719 0.583984 0.387695 0.583008 0.386719 0.582031 0.385742 0.582031 0.384766 0.581055 0.383789 0.581055 0.382812 0.580078 0.381836 0.580078 0.380859 0.579102
1 0.409180 0.557617 0.410156 0.557617 0.411133 0.558594 0.412109 0.558594 0.413086 0.559570 0.411133 0.557617
0 0.419922 0.546875 0.415039 0.551758 0.414062 0.551758 0.410156 0.555664 0.410156 0.556641 0.411133 0.556641 0.412109 0.557617 0.413086 0.557617 0.415039 0.559570 0.415039 0.561523 0.414062 0.562500 0.412109 0.562500 0.410156 0.560547 0.409180 0.560547 0.408203 0.559570 0.406250 0.559570 0.405273 0.560547 0.405273 0.563477 0.406250 0.564453 0.406250 0.567383 0.407227 0.568359 0.407227 0.571289 0.408203 0.572266 0.408203 0.575195 0.409180 0.576172 0.410156 0.576172 0.412109 0.578125 0.413086 0.578125 0.414062 0.579102 0.415039 0.579102 0.416016 0.580078 0.416992 0.580078 0.418945 0.582031 0.419922 0.582031 0.420898 0.583008 0.421875 0.583008 0.422852 0.583984 0.423828 0.583984 0.424805 0.584961 0.426758 0.583008 0.427734 0.583008 0.437500 0.573242 0.438477 0.573242 0.440430 0.571289 0.440430 0.570312 0.439453 0.569336 0.439453 0.567383 0.438477 0.566406 0.438477 0.563477 0.437500 0.562500 0.437500 0.560547 0.436523 0.559570 0.436523 0.556641 0.435547 0.555664 0.434570 0.555664 0.432617 0.553711 0.431641 0.553711 0.430664 0.552734 0.429688 0.552734 0.427734 0.550781 0.426758 0.550781 0.425781 0.549805 0.424805 0.549805 0.422852 0.547852 0.421875 0.547852 0.420898 0.546875
1 0.330078 0.628906 0.329102 0.627930 0.328125 0.628906 0.329102 0.627930
1 0.336914 0.618164 0.335938 0.619141 0.334961 0.619141 0.334961 0.621094 0.333984 0.622070 0.333984 0.623047 0.332031 0.625000 0.333984 0.623047 0.333984 0.622070 0.335938 0.620117 0.335938 0.619141
1 0.402344 0.554688 0.402344 0.555664 0.403320 0.555664 0.405273 0.557617 0.406250 0.557617 0.407227 0.558594 0.409180 0.558594 0.412109 0.561523 0.414062 0.561523 0.414062 0.559570 0.413086 0.558594 0.412109 0.559570 0.411133 0.559570 0.410156 0.558594 0.409180 0.558594 0.408203 0.557617 0.409180 0.556641 0.408203 0.556641 0.406250 0.554688 0.405273 0.554688 0.404297 0.553711 0.403320 0.553711
0 0.336914 0.590820 0.334961 0.592773 0.334961 0.593750 0.332031 0.596680 0.332031 0.597656 0.330078 0.599609 0.330078 0.600586 0.327148 0.603516 0.327148 0.604492 0.324219 0.607422 0.324219 0.609375 0.325195 0.609375 0.330078 0.614258 0.331055 0.614258 0.333984 0.617188 0.334961 0.616211 0.335938 0.616211 0.337891 0.618164 0.337891 0.620117 0.338867 0.620117 0.339844 0.621094 0.340820 0.621094 0.341797 0.622070 0.342773 0.622070 0.343750 0.623047 0.344727 0.623047 0.345703 0.624023 0.346680 0.624023 0.348633 0.625977 0.351562 0.623047 0.351562 0.622070 0.353516 0.620117 0.353516 0.619141 0.356445 0.616211 0.356445 0.615234 0.358398 0.613281 0.358398 0.612305 0.360352 0.610352 0.360352 0.609375 0.361328 0.608398 0.361328 0.607422 0.359375 0.605469 0.358398 0.605469 0.352539 0.599609 0.351562 0.599609 0.348633 0.596680 0.347656 0.596680 0.346680 0.595703 0.345703 0.595703 0.344727 0.594727 0.343750 0.594727 0.342773 0.593750 0.341797 0.593750 0.340820 0.592773 0.339844 0.592773 0.338867 0.591797 0.337891 0.591797
1 0.335938 0.617188 0.334961 0.618164 0.333984 0.618164 0.333984 0.619141 0.332031 0.621094 0.332031 0.622070 0.329102 0.625000 0.329102 0.625977 0.327148 0.627930 0.327148 0.628906 0.328125 0.629883 0.329102 0.629883 0.329102 0.628906 0.332031 0.625977 0.331055 0.625000 0.333008 0.623047 0.333008 0.622070 0.333984 0.621094 0.334961 0.622070 0.333984 0.621094 0.333984 0.619141 0.334961 0.618164 0.335938 0.618164 0.336914 0.619141 0.335938 0.618164
