0 0.337891 0.401367 0.337891 0.402344 0.336914 0.403320 0.336914 0.404297 0.334961 0.406250 0.334961 0.407227 0.333008 0.409180 0.333008 0.411133 0.333984 0.412109 0.333984 0.422852 0.334961 0.423828 0.334961 0.427734 0.336914 0.427734 0.337891 0.428711 0.351562 0.428711 0.352539 0.429688 0.354492 0.429688 0.355469 0.428711 0.355469 0.427734 0.356445 0.426758 0.356445 0.425781 0.357422 0.424805 0.357422 0.423828 0.358398 0.422852 0.358398 0.421875 0.359375 0.420898 0.359375 0.413086 0.358398 0.412109 0.358398 0.402344 0.349609 0.402344 0.348633 0.401367
1 0.323242 0.413086 0.323242 0.415039 0.333008 0.415039 0.333008 0.413086
0 0.524414 0.404297 0.524414 0.407227 0.523438 0.408203 0.523438 0.414062 0.522461 0.415039 0.522461 0.419922 0.521484 0.420898 0.521484 0.425781 0.522461 0.425781 0.524414 0.427734 0.525391 0.427734 0.527344 0.429688 0.528320 0.429688 0.529297 0.430664 0.530273 0.430664 0.532227 0.432617 0.533203 0.432617 0.534180 0.431641 0.550781 0.431641 0.550781 0.427734 0.551758 0.426758 0.551758 0.421875 0.552734 0.420898 0.552734 0.416016 0.553711 0.415039 0.553711 0.410156 0.552734 0.410156 0.551758 0.409180 0.550781 0.409180 0.549805 0.408203 0.548828 0.408203 0.547852 0.407227 0.546875 0.407227 0.544922 0.405273 0.543945 0.405273 0.542969 0.404297
1 0.553711 0.416992 0.553711 0.418945 0.559570 0.418945 0.559570 0.416992
0 0.715820 0.405273 0.714844 0.406250 0.714844 0.408203 0.713867 0.409180 0.713867 0.411133 0.712891 0.412109 0.712891 0.415039 0.711914 0.416016 0.711914 0.417969 0.710938 0.418945 0.710938 0.420898 0.709961 0.421875 0.709961 0.423828 0.708984 0.424805 0.708984 0.426758 0.708008 0.427734 0.708008 0.429688 0.707031 0.430664 0.707031 0.432617 0.708008 0.433594 0.708008 0.436523 0.708984 0.437500 0.708984 0.440430 0.709961 0.441406 0.709961 0.443359 0.713867 0.443359 0.714844 0.444336 0.718750 0.444336 0.719727 0.445312 0.723633 0.445312 0.724609 0.446289 0.727539 0.446289 0.728516 0.447266 0.732422 0.447266 0.733398 0.448242 0.737305 0.448242 0.738281 0.449219 0.739258 0.448242 0.739258 0.446289 0.740234 0.445312 0.740234 0.443359 0.741211 0.442383 0.741211 0.440430 0.742188 0.439453 0.742188 0.437500 0.743164 0.436523 0.743164 0.434570 0.744141 0.433594 0.744141 0.431641 0.745117 0.430664 0.745117 0.428711 0.746094 0.427734 0.746094 0.425781 0.747070 0.424805 0.747070 0.419922 0.746094 0.418945 0.746094 0.416992 0.745117 0.416016 0.745117 0.414062 0.744141 0.413086 0.744141 0.411133 0.741211 0.411133 0.740234 0.410156 0.736328 0.410156 0.735352 0.409180 0.731445 0.409180 0.730469 0.408203 0.726562 0.408203 0.725586 0.407227 0.721680 0.407227 0.720703 0.406250 0.716797 0.406250
1 0.727539 0.431641 0.727539 0.436523 0.728516 0.437500 0.728516 0.440430 0.730469 0.442383 0.731445 0.442383 0.731445 0.441406 0.732422 0.440430 0.732422 0.439453 0.731445 0.438477 0.731445 0.435547 0.730469 0.434570 0.730469 0.432617 0.729492 0.432617 0.728516 0.431641
0 0.572266 0.314453 0.569336 0.314453 0.568359 0.315430 0.566406 0.315430 0.565430 0.316406 0.564453 0.316406 0.563477 0.317383 0.561523 0.317383 0.560547 0.318359 0.558594 0.318359 0.557617 0.319336 0.555664 0.319336 0.554688 0.320312 0.553711 0.320312 0.552734 0.321289 0.552734 0.337891 0.559570 0.344727 0.559570 0.345703 0.563477 0.349609 0.564453 0.349609 0.565430 0.348633 0.566406 0.348633 0.567383 0.347656 0.569336 0.347656 0.570312 0.346680 0.572266 0.346680 0.573242 0.345703 0.574219 0.345703 0.575195 0.344727 0.577148 0.344727 0.578125 0.343750 0.579102 0.343750 0.580078 0.342773 0.582031 0.342773 0.582031 0.330078 0.583008 0.329102 0.583008 0.326172 0.582031 0.325195 0.582031 0.324219
1 0.553711 0.317383 0.553711 0.318359 0.554688 0.319336 0.555664 0.318359 0.556641 0.318359 0.555664 0.317383
0 0.492188 0.622070 0.489258 0.625000 0.489258 0.625977 0.483398 0.631836 0.483398 0.632812 0.478516 0.637695 0.479492 0.638672 0.479492 0.639648 0.480469 0.640625 0.480469 0.641602 0.482422 0.643555 0.482422 0.644531 0.483398 0.645508 0.483398 0.646484 0.484375 0.647461 0.484375 0.648438 0.486328 0.650391 0.486328 0.651367 0.487305 0.652344 0.487305 0.653320 0.488281 0.654297 0.489258 0.654297 0.490234 0.655273 0.494141 0.655273 0.495117 0.656250 0.498047 0.656250 0.499023 0.657227 0.501953 0.657227 0.502930 0.658203 0.503906 0.658203 0.506836 0.655273 0.506836 0.654297 0.512695 0.648438 0.512695 0.647461 0.517578 0.642578 0.517578 0.641602 0.516602 0.640625 0.516602 0.639648 0.514648 0.637695 0.514648 0.636719 0.512695 0.634766 0.512695 0.633789 0.511719 0.632812 0.511719 0.631836 0.509766 0.629883 0.509766 0.628906 0.508789 0.627930 0.508789 0.626953 0.507812 0.625977 0.505859 0.625977 0.504883 0.625000 0.501953 0.625000 0.500977 0.624023 0.499023 0.624023 0.498047 0.623047 0.495117 0.623047 0.494141 0.622070
0 0.348633 0.343750 0.347656 0.344727 0.344727 0.344727 0.343750 0.345703 0.340820 0.345703 0.339844 0.346680 0.336914 0.346680 0.335938 0.347656 0.333008 0.347656 0.332031 0.348633 0.329102 0.348633 0.328125 0.349609 0.326172 0.349609 0.326172 0.354492 0.327148 0.355469 0.327148 0.359375 0.328125 0.360352 0.328125 0.363281 0.329102 0.364258 0.329102 0.366211 0.330078 0.367188 0.330078 0.369141 0.331055 0.370117 0.331055 0.373047 0.332031 0.374023 0.332031 0.375977 0.333008 0.376953 0.333008 0.378906 0.333984 0.379883 0.333984 0.381836 0.336914 0.381836 0.337891 0.380859 0.340820 0.380859 0.341797 0.379883 0.344727 0.379883 0.345703 0.378906 0.348633 0.378906 0.349609 0.377930 0.352539 0.377930 0.353516 0.376953 0.356445 0.376953 0.357422 0.375977 0.357422 0.373047 0.356445 0.372070 0.356445 0.369141 0.355469 0.368164 0.355469 0.364258 0.354492 0.363281 0.354492 0.362305 0.353516 0.361328 0.353516 0.359375 0.352539 0.358398 0.352539 0.356445 0.351562 0.355469 0.352539 0.354492 0.351562 0.353516 0.351562 0.351562 0.350586 0.350586 0.350586 0.347656 0.349609 0.346680 0.349609 0.344727
1 0.369141 0.354492 0.368164 0.355469 0.366211 0.355469 0.365234 0.356445 0.361328 0.356445 0.360352 0.357422 0.357422 0.357422 0.356445 0.358398 0.353516 0.358398 0.354492 0.359375 0.354492 0.361328 0.355469 0.361328 0.356445 0.360352 0.359375 0.360352 0.360352 0.359375 0.363281 0.359375 0.364258 0.358398 0.367188 0.358398 0.368164 0.357422 0.370117 0.357422 0.369141 0.356445
0 0.699219 0.746094 0.698242 0.747070 0.698242 0.750000 0.697266 0.750977 0.697266 0.753906 0.696289 0.754883 0.696289 0.757812 0.695312 0.758789 0.695312 0.761719 0.694336 0.762695 0.694336 0.779297 0.697266 0.779297 0.698242 0.780273 0.701172 0.780273 0.702148 0.781250 0.706055 0.781250 0.707031 0.782227 0.709961 0.782227 0.710938 0.783203 0.713867 0.783203 0.714844 0.784180 0.717773 0.784180 0.718750 0.783203 0.718750 0.780273 0.719727 0.779297 0.719727 0.775391 0.720703 0.774414 0.720703 0.771484 0.721680 0.770508 0.721680 0.766602 0.722656 0.765625 0.722656 0.750977 0.721680 0.750977 0.720703 0.750000 0.716797 0.750000 0.715820 0.749023 0.711914 0.749023 0.710938 0.748047 0.707031 0.748047 0.706055 0.747070 0.702148 0.747070 0.701172 0.746094
1 0.680664 0.757812 0.680664 0.760742 0.684570 0.760742 0.685547 0.761719 0.689453 0.761719 0.690430 0.762695 0.693359 0.762695 0.694336 0.761719 0.694336 0.760742 0.692383 0.760742 0.691406 0.759766 0.688477 0.759766 0.687500 0.758789 0.683594 0.758789 0.682617 0.757812
0 0.517578 0.513672 0.516602 0.514648 0.516602 0.515625 0.515625 0.516602 0.515625 0.517578 0.513672 0.519531 0.513672 0.520508 0.512695 0.521484 0.512695 0.522461 0.510742 0.524414 0.510742 0.525391 0.509766 0.526367 0.509766 0.527344 0.507812 0.529297 0.507812 0.530273 0.509766 0.532227 0.510742 0.532227 0.514648 0.536133 0.515625 0.536133 0.518555 0.539062 0.519531 0.539062 0.521484 0.541016 0.524414 0.541016 0.525391 0.541992 0.528320 0.541992 0.529297 0.542969 0.532227 0.542969 0.532227 0.541992 0.534180 0.540039 0.534180 0.539062 0.535156 0.538086 0.535156 0.537109 0.537109 0.535156 0.537109 0.534180 0.538086 0.533203 0.538086 0.532227 0.539062 0.531250 0.539062 0.530273 0.541016 0.528320 0.541016 0.527344 0.541992 0.526367 0.540039 0.524414 0.539062 0.524414 0.535156 0.520508 0.534180 0.520508 0.530273 0.516602 0.529297 0.516602 0.528320 0.515625 0.526367 0.515625 0.525391 0.514648 0.520508 0.514648 0.519531 0.513672
1 0.536133 0.507812 0.534180 0.509766 0.534180 0.510742 0.533203 0.511719 0.533203 0.512695 0.531250 0.514648 0.531250 0.516602 0.532227 0.517578 0.533203 0.516602 0.533203 0.515625 0.534180 0.514648 0.534180 0.513672 0.536133 0.511719 0.536133 0.510742 0.537109 0.509766 0.537109 0.508789
0 0.589844 0.551758 0.589844 0.553711 0.588867 0.554688 0.588867 0.556641 0.587891 0.557617 0.587891 0.559570 0.586914 0.560547 0.586914 0.562500 0.585938 0.563477 0.585938 0.566406 0.584961 0.567383 0.584961 0.570312 0.585938 0.571289 0.586914 0.571289 0.588867 0.573242 0.591797 0.573242 0.592773 0.574219 0.594727 0.574219 0.595703 0.575195 0.597656 0.575195 0.598633 0.576172 0.601562 0.576172 0.602539 0.577148 0.604492 0.577148 0.605469 0.578125 0.606445 0.578125 0.607422 0.577148 0.607422 0.575195 0.608398 0.574219 0.608398 0.571289 0.609375 0.570312 0.609375 0.568359 0.610352 0.567383 0.610352 0.565430 0.611328 0.564453 0.611328 0.562500 0.612305 0.561523 0.612305 0.559570 0.611328 0.558594 0.610352 0.558594 0.608398 0.556641 0.607422 0.556641 0.606445 0.555664 0.603516 0.555664 0.602539 0.554688 0.600586 0.554688 0.599609 0.553711 0.596680 0.553711 0.595703 0.552734 0.592773 0.552734 0.591797 0.551758
