0 0.548495 0.525084 0.545151 0.525084 0.543478 0.523411 0.541806 0.523411 0.540134 0.521739 0.536789 0.521739 0.535117 0.520067 0.531773 0.520067 0.530100 0.518395 0.528428 0.518395 0.526756 0.516722 0.523411 0.516722 0.521739 0.515050 0.520067 0.515050 0.518395 0.513378 0.515050 0.513378 0.513378 0.511706 0.510033 0.511706 0.508361 0.510033 0.501672 0.510033 0.500000 0.511706 0.494983 0.511706 0.493311 0.513378 0.488294 0.513378 0.486622 0.515050 0.481605 0.515050 0.479933 0.516722 0.476589 0.516722 0.474916 0.518395 0.469900 0.518395 0.468227 0.520067 0.463211 0.520067 0.461538 0.521739 0.458194 0.521739 0.458194 0.566890 0.456522 0.568562 0.456522 0.581940 0.458194 0.581940 0.459866 0.583612 0.461538 0.583612 0.463211 0.585284 0.466555 0.585284 0.468227 0.586957 0.469900 0.586957 0.471572 0.588629 0.473244 0.588629 0.474916 0.590301 0.476589 0.590301 0.478261 0.591973 0.479933 0.591973 0.481605 0.593645 0.484950 0.593645 0.486622 0.595318 0.488294 0.595318 0.489967 0.596990 0.491639 0.596990 0.493311 0.598662 0.494983 0.598662 0.496656 0.600334 0.505017 0.600334 0.506689 0.598662 0.510033 0.598662 0.511706 0.596990 0.515050 0.596990 0.516722 0.595318 0.520067 0.595318 0.521739 0.593645 0.526756 0.593645 0.528428 0.591973 0.531773 0.591973 0.533445 0.590301 0.536789 0.590301 0.538462 0.588629 0.541806 0.588629 0.543478 0.586957 0.546823 0.586957 0.546823 0.578595 0.545151 0.576923 0.543478 0.576923 0.541806 0.575251 0.538462 0.575251 0.536789 0.573579 0.535117 0.573579 0.533445 0.571906 0.530100 0.571906 0.528428 0.570234 0.526756 0.570234 0.525084 0.568562 0.523411 0.568562 0.521739 0.566890 0.521739 0.563545 0.525084 0.560201 0.526756 0.560201 0.528428 0.558528 0.530100 0.560201 0.531773 0.560201 0.533445 0.561873 0.536789 0.561873 0.538462 0.563545 0.540134 0.563545 0.541806 0.565217 0.545151 0.565217 0.546823 0.566890 0.548495 0.566890 0.548495 0.545151 0.550167 0.543478 0.550167 0.526756
1 0.523411 0.563545 0.523411 0.566890 0.525084 0.566890 0.526756 0.568562 0.528428 0.568562 0.530100 0.570234 0.533445 0.570234 0.535117 0.571906 0.536789 0.571906 0.538462 0.573579 0.541806 0.573579 0.543478 0.575251 0.545151 0.575251 0.546823 0.576923 0.548495 0.576923 0.550167 0.578595 0.553512 0.578595 0.555184 0.580268 0.556856 0.578595 0.558528 0.578595 0.558528 0.573579 0.556856 0.571906 0.555184 0.571906 0.553512 0.570234 0.550167 0.570234 0.548495 0.568562 0.546823 0.568562 0.545151 0.566890 0.541806 0.566890 0.540134 0.565217 0.538462 0.565217 0.536789 0.563545 0.533445 0.563545 0.531773 0.561873 0.530100 0.561873 0.528428 0.560201 0.526756 0.561873 0.525084 0.561873
0 0.282609 0.317726 0.270903 0.317726 0.269231 0.319398 0.255853 0.319398 0.254181 0.321070 0.240803 0.321070 0.239130 0.322742 0.237458 0.322742 0.235786 0.324415 0.234114 0.324415 0.229097 0.329431 0.227425 0.329431 0.224080 0.332776 0.222408 0.332776 0.219064 0.336120 0.220736 0.337793 0.220736 0.342809 0.222408 0.344482 0.222408 0.349498 0.224080 0.351171 0.224080 0.356187 0.225753 0.357860 0.225753 0.364548 0.227425 0.366221 0.227425 0.371237 0.229097 0.372910 0.229097 0.377926 0.230769 0.379599 0.230769 0.381271 0.247492 0.381271 0.249164 0.379599 0.264214 0.379599 0.265886 0.377926 0.275920 0.377926 0.285953 0.367893 0.287625 0.367893 0.290970 0.364548 0.290970 0.356187 0.289298 0.354515 0.289298 0.347826 0.287625 0.346154 0.287625 0.341137 0.285953 0.339465 0.285953 0.332776 0.284281 0.331104 0.284281 0.324415 0.282609 0.322742
1 0.204013 0.352843 0.204013 0.356187 0.220736 0.356187 0.222408 0.354515 0.222408 0.351171 0.212375 0.351171 0.210702 0.352843
0 0.396321 0.088629 0.394649 0.090301 0.376254 0.090301 0.374582 0.091973 0.361204 0.091973 0.359532 0.093645 0.351171 0.093645 0.349498 0.095318 0.344482 0.095318 0.344482 0.108696 0.346154 0.110368 0.346154 0.125418 0.347826 0.127090 0.347826 0.133779 0.352843 0.133779 0.354515 0.132107 0.369565 0.132107 0.371237 0.130435 0.384615 0.130435 0.386288 0.128763 0.397993 0.128763 0.399666 0.127090 0.399666 0.120401 0.397993 0.118729 0.397993 0.103679 0.396321 0.102007
1 0.399666 0.107023 0.399666 0.110368 0.406355 0.110368 0.408027 0.108696 0.408027 0.107023
0 0.488294 0.627090 0.489967 0.628763 0.491639 0.628763 0.491639 0.627090
0 0.505017 0.605351 0.503344 0.607023 0.505017 0.608696 0.505017 0.610368
0 0.071906 0.160535 0.071906 0.162207 0.070234 0.163880 0.070234 0.167224 0.068562 0.168896 0.068562 0.173913 0.066890 0.175585 0.066890 0.180602 0.065217 0.182274 0.065217 0.187291 0.063545 0.188963 0.063545 0.192308 0.061873 0.193980 0.061873 0.198997 0.060201 0.200669 0.060201 0.205686 0.058528 0.207358 0.058528 0.212375 0.061873 0.212375 0.063545 0.214047 0.066890 0.214047 0.068562 0.215719 0.073579 0.215719 0.075251 0.217391 0.078595 0.217391 0.080268 0.219064 0.083612 0.219064 0.085284 0.220736 0.088629 0.220736 0.090301 0.222408 0.095318 0.222408 0.096990 0.224080 0.100334 0.224080 0.102007 0.225753 0.105351 0.225753 0.107023 0.227425 0.112040 0.227425 0.113712 0.229097 0.117057 0.229097 0.118729 0.230769 0.122074 0.230769 0.123746 0.232441 0.127090 0.232441 0.127090 0.229097 0.128763 0.227425 0.128763 0.222408 0.130435 0.220736 0.130435 0.215719 0.132107 0.214047 0.132107 0.210702 0.133779 0.209030 0.133779 0.204013 0.135452 0.202341 0.135452 0.197324 0.137124 0.195652 0.137124 0.192308 0.138796 0.190635 0.138796 0.185619 0.140468 0.183946 0.138796 0.182274 0.137124 0.182274 0.135452 0.180602 0.132107 0.180602 0.130435 0.178930 0.128763 0.178930 0.127090 0.177258 0.123746 0.177258 0.122074 0.175585 0.120401 0.175585 0.118729 0.173913 0.113712 0.173913 0.112040 0.172241 0.108696 0.172241 0.107023 0.170569 0.103679 0.170569 0.102007 0.168896 0.096990 0.168896 0.095318 0.167224 0.091973 0.167224 0.090301 0.165552 0.085284 0.165552 0.083612 0.163880 0.080268 0.163880 0.078595 0.162207 0.075251 0.162207 0.073579 0.160535
1 0.484950 0.637124 0.481605 0.637124 0.478261 0.640468 0.479933 0.642140 0.481605 0.640468 0.483278 0.640468 0.483278 0.638796
1 0.068562 0.185619 0.068562 0.188963 0.071906 0.188963 0.073579 0.190635 0.076923 0.190635 0.078595 0.192308 0.080268 0.192308 0.081940 0.193980 0.085284 0.193980 0.086957 0.195652 0.088629 0.195652 0.088629 0.190635 0.085284 0.190635 0.083612 0.188963 0.080268 0.188963 0.078595 0.187291 0.076923 0.187291 0.075251 0.185619
0 0.523411 0.595318 0.521739 0.595318 0.520067 0.596990 0.516722 0.596990 0.515050 0.598662 0.511706 0.598662 0.508361 0.602007 0.506689 0.602007 0.505017 0.603679 0.503344 0.603679 0.501672 0.605351 0.500000 0.605351 0.498328 0.607023 0.496656 0.607023 0.494983 0.608696 0.493311 0.608696 0.491639 0.610368 0.489967 0.610368 0.484950 0.615385 0.483278 0.615385 0.478261 0.620401 0.481605 0.623746 0.481605 0.625418 0.483278 0.627090 0.483278 0.628763 0.484950 0.630435 0.484950 0.632107 0.486622 0.633779 0.486622 0.635452 0.489967 0.638796 0.489967 0.640468 0.491639 0.642140 0.491639 0.643813 0.493311 0.645485 0.493311 0.647157 0.496656 0.650502 0.496656 0.652174 0.498328 0.653846 0.498328 0.655518 0.500000 0.653846 0.501672 0.653846 0.503344 0.652174 0.505017 0.652174 0.506689 0.650502 0.508361 0.650502 0.510033 0.648829 0.511706 0.648829 0.513378 0.647157 0.515050 0.647157 0.516722 0.645485 0.518395 0.645485 0.520067 0.643813 0.521739 0.643813 0.525084 0.640468 0.526756 0.640468 0.528428 0.638796 0.530100 0.638796 0.531773 0.637124 0.533445 0.637124 0.541806 0.628763 0.541806 0.627090 0.540134 0.625418 0.540134 0.623746 0.538462 0.622074 0.538462 0.620401 0.536789 0.618729 0.536789 0.617057 0.535117 0.615385 0.535117 0.613712 0.531773 0.610368 0.531773 0.608696 0.530100 0.607023 0.530100 0.605351 0.528428 0.603679 0.528428 0.602007 0.526756 0.600334 0.526756 0.598662
0 0.638796 0.178930 0.638796 0.180602 0.637124 0.182274 0.637124 0.185619 0.635452 0.187291 0.635452 0.190635 0.633779 0.192308 0.633779 0.197324 0.632107 0.198997 0.632107 0.202341 0.630435 0.204013 0.630435 0.207358 0.628763 0.209030 0.628763 0.212375 0.627090 0.214047 0.627090 0.219064 0.625418 0.220736 0.625418 0.224080 0.623746 0.225753 0.623746 0.229097 0.622074 0.230769 0.622074 0.234114 0.620401 0.235786 0.622074 0.235786 0.623746 0.237458 0.627090 0.237458 0.628763 0.239130 0.632107 0.239130 0.633779 0.240803 0.637124 0.240803 0.638796 0.242475 0.642140 0.242475 0.643813 0.244147 0.647157 0.244147 0.648829 0.245819 0.652174 0.245819 0.653846 0.247492 0.657191 0.247492 0.658863 0.249164 0.662207 0.249164 0.663880 0.250836 0.667224 0.250836 0.668896 0.252508 0.672241 0.252508 0.673913 0.254181 0.693980 0.254181 0.693980 0.252508 0.695652 0.250836 0.695652 0.247492 0.697324 0.245819 0.697324 0.242475 0.698997 0.240803 0.698997 0.237458 0.700669 0.235786 0.700669 0.230769 0.702341 0.229097 0.702341 0.225753 0.704013 0.224080 0.704013 0.220736 0.705686 0.219064 0.705686 0.215719 0.707358 0.214047 0.707358 0.210702 0.709030 0.209030 0.709030 0.205686 0.710702 0.204013 0.710702 0.200669 0.712375 0.198997 0.712375 0.197324 0.707358 0.197324 0.705686 0.195652 0.702341 0.195652 0.700669 0.193980 0.697324 0.193980 0.695652 0.192308 0.692308 0.192308 0.690635 0.190635 0.685619 0.190635 0.683946 0.188963 0.680602 0.188963 0.678930 0.187291 0.675585 0.187291 0.673913 0.185619 0.670569 0.185619 0.668896 0.183946 0.663880 0.183946 0.662207 0.182274 0.657191 0.182274 0.655518 0.180602 0.647157 0.180602 0.645485 0.178930
1 0.618729 0.198997 0.620401 0.200669 0.618729 0.202341 0.620401 0.204013 0.622074 0.202341 0.623746 0.204013 0.623746 0.205686 0.625418 0.207358 0.628763 0.207358 0.628763 0.204013 0.630435 0.202341 0.627090 0.202341 0.625418 0.200669 0.620401 0.200669
1 0.605351 0.195652 0.605351 0.200669 0.608696 0.200669 0.610368 0.202341 0.615385 0.202341 0.613712 0.200669 0.615385 0.198997 0.613712 0.197324 0.610368 0.197324 0.608696 0.195652
0 0.339465 0.602007 0.339465 0.607023 0.337793 0.608696 0.337793 0.615385 0.336120 0.617057 0.336120 0.623746 0.334448 0.625418 0.334448 0.632107 0.337793 0.635452 0.337793 0.637124 0.341137 0.640468 0.341137 0.642140 0.344482 0.645485 0.374582 0.645485 0.374582 0.638796 0.376254 0.637124 0.376254 0.632107 0.377926 0.630435 0.377926 0.625418 0.379599 0.623746 0.379599 0.617057 0.377926 0.615385 0.377926 0.613712 0.372910 0.608696 0.372910 0.607023 0.367893 0.602007
0 0.172241 0.685619 0.172241 0.687291 0.173913 0.688963 0.173913 0.687291
0 0.255853 0.596990 0.242475 0.610368 0.240803 0.610368 0.234114 0.617057 0.235786 0.617057 0.240803 0.622074 0.235786 0.627090 0.234114 0.625418 0.232441 0.625418 0.230769 0.623746 0.230769 0.625418 0.229097 0.627090 0.229097 0.628763 0.227425 0.630435 0.227425 0.633779 0.225753 0.635452 0.225753 0.637124 0.224080 0.638796 0.224080 0.642140 0.222408 0.643813 0.222408 0.645485 0.220736 0.647157 0.220736 0.652174 0.222408 0.652174 0.225753 0.655518 0.227425 0.655518 0.230769 0.658863 0.232441 0.658863 0.235786 0.662207 0.237458 0.662207 0.240803 0.665552 0.242475 0.665552 0.245819 0.668896 0.247492 0.668896 0.250836 0.672241 0.252508 0.672241 0.255853 0.675585 0.257525 0.675585 0.265886 0.667224 0.267559 0.667224 0.275920 0.658863 0.277592 0.658863 0.282609 0.653846 0.282609 0.650502 0.284281 0.648829 0.284281 0.647157 0.285953 0.645485 0.285953 0.642140 0.287625 0.640468 0.287625 0.637124 0.289298 0.635452 0.289298 0.632107 0.290970 0.630435 0.290970 0.627090 0.292642 0.625418 0.292642 0.620401 0.290970 0.620401 0.287625 0.617057 0.285953 0.617057 0.282609 0.613712 0.280936 0.613712 0.277592 0.610368 0.275920 0.610368 0.272575 0.607023 0.270903 0.607023 0.267559 0.603679 0.265886 0.603679 0.262542 0.600334 0.260870 0.600334 0.257525 0.596990
