0 0.551758 0.493164 0.550781 0.493164 0.549805 0.494141 0.547852 0.494141 0.546875 0.495117 0.544922 0.495117 0.543945 0.496094 0.541016 0.496094 0.540039 0.497070 0.538086 0.497070 0.535156 0.500000 0.535156 0.500977 0.534180 0.501953 0.534180 0.502930 0.533203 0.503906 0.533203 0.504883 0.532227 0.505859 0.532227 0.506836 0.530273 0.508789 0.530273 0.509766 0.529297 0.510742 0.529297 0.511719 0.528320 0.512695 0.528320 0.514648 0.529297 0.515625 0.530273 0.515625 0.532227 0.517578 0.533203 0.517578 0.536133 0.520508 0.537109 0.520508 0.539062 0.522461 0.540039 0.522461 0.542969 0.525391 0.543945 0.525391 0.545898 0.527344 0.549805 0.523438 0.550781 0.523438 0.555664 0.518555 0.555664 0.517578 0.557617 0.515625 0.557617 0.514648 0.558594 0.513672 0.558594 0.512695 0.560547 0.510742 0.560547 0.509766 0.561523 0.508789 0.561523 0.507812 0.562500 0.506836 0.562500 0.505859 0.564453 0.503906 0.564453 0.501953 0.563477 0.500977 0.562500 0.500977 0.559570 0.498047 0.558594 0.498047 0.556641 0.496094 0.555664 0.496094 0.553711 0.494141 0.552734 0.494141
0 0.612305 0.650391 0.611328 0.650391 0.610352 0.651367 0.609375 0.651367 0.608398 0.652344 0.607422 0.652344 0.606445 0.653320 0.605469 0.653320 0.604492 0.654297 0.603516 0.654297 0.602539 0.655273 0.601562 0.655273 0.599609 0.657227 0.598633 0.657227 0.597656 0.658203 0.596680 0.658203 0.595703 0.659180 0.594727 0.659180 0.593750 0.660156 0.592773 0.660156 0.592773 0.662109 0.591797 0.663086 0.591797 0.666016 0.590820 0.666992 0.590820 0.669922 0.589844 0.670898 0.589844 0.675781 0.594727 0.680664 0.594727 0.681641 0.600586 0.687500 0.600586 0.688477 0.604492 0.692383 0.605469 0.691406 0.606445 0.691406 0.607422 0.690430 0.608398 0.690430 0.610352 0.688477 0.611328 0.688477 0.612305 0.687500 0.613281 0.687500 0.614258 0.686523 0.615234 0.686523 0.617188 0.684570 0.614258 0.681641 0.614258 0.680664 0.616211 0.678711 0.617188 0.678711 0.621094 0.682617 0.622070 0.682617 0.623047 0.681641 0.623047 0.680664 0.624023 0.679688 0.624023 0.676758 0.625000 0.675781 0.625000 0.673828 0.625977 0.672852 0.625977 0.669922 0.626953 0.668945 0.626953 0.666992 0.620117 0.660156 0.620117 0.659180 0.612305 0.651367
1 0.616211 0.679688 0.615234 0.680664 0.615234 0.681641 0.619141 0.685547 0.619141 0.686523 0.625977 0.693359 0.626953 0.692383 0.626953 0.690430 0.621094 0.684570 0.621094 0.683594 0.617188 0.679688
0 0.383789 0.465820 0.383789 0.468750 0.382812 0.469727 0.382812 0.475586 0.381836 0.476562 0.381836 0.482422 0.380859 0.483398 0.380859 0.486328 0.381836 0.487305 0.383789 0.487305 0.384766 0.488281 0.385742 0.488281 0.386719 0.489258 0.387695 0.489258 0.388672 0.490234 0.390625 0.490234 0.391602 0.491211 0.392578 0.491211 0.393555 0.492188 0.395508 0.492188 0.396484 0.493164 0.400391 0.493164 0.401367 0.492188 0.405273 0.492188 0.406250 0.491211 0.409180 0.491211 0.410156 0.490234 0.412109 0.490234 0.412109 0.487305 0.413086 0.486328 0.412109 0.485352 0.410156 0.485352 0.409180 0.484375 0.408203 0.484375 0.407227 0.483398 0.406250 0.483398 0.405273 0.482422 0.405273 0.480469 0.406250 0.479492 0.408203 0.479492 0.409180 0.480469 0.410156 0.480469 0.411133 0.481445 0.413086 0.481445 0.414062 0.480469 0.414062 0.475586 0.415039 0.474609 0.415039 0.468750 0.413086 0.468750 0.412109 0.467773 0.411133 0.467773 0.410156 0.466797 0.408203 0.466797 0.407227 0.465820 0.406250 0.465820 0.405273 0.464844 0.403320 0.464844 0.402344 0.463867 0.401367 0.463867 0.400391 0.462891 0.395508 0.462891 0.394531 0.463867 0.389648 0.463867 0.388672 0.464844 0.384766 0.464844
1 0.406250 0.480469 0.406250 0.482422 0.407227 0.482422 0.408203 0.483398 0.409180 0.483398 0.410156 0.484375 0.412109 0.484375 0.413086 0.485352 0.414062 0.485352 0.415039 0.486328 0.416992 0.486328 0.417969 0.487305 0.418945 0.486328 0.418945 0.485352 0.417969 0.484375 0.416016 0.484375 0.415039 0.483398 0.414062 0.483398 0.413086 0.482422 0.411133 0.482422 0.410156 0.481445 0.409180 0.481445 0.408203 0.480469
0 0.541016 0.458984 0.540039 0.458984 0.539062 0.459961 0.537109 0.459961 0.536133 0.460938 0.533203 0.460938 0.532227 0.461914 0.530273 0.461914 0.529297 0.462891 0.526367 0.462891 0.525391 0.463867 0.523438 0.463867 0.522461 0.464844 0.521484 0.464844 0.520508 0.465820 0.520508 0.468750 0.519531 0.469727 0.519531 0.473633 0.518555 0.474609 0.518555 0.477539 0.517578 0.478516 0.517578 0.482422 0.516602 0.483398 0.516602 0.484375 0.529297 0.497070 0.529297 0.498047 0.530273 0.499023 0.531250 0.499023 0.532227 0.498047 0.534180 0.498047 0.535156 0.497070 0.537109 0.497070 0.538086 0.496094 0.540039 0.496094 0.541016 0.495117 0.543945 0.495117 0.544922 0.494141 0.546875 0.494141 0.547852 0.493164 0.549805 0.493164 0.550781 0.492188 0.550781 0.489258 0.551758 0.488281 0.551758 0.486328 0.552734 0.485352 0.552734 0.482422 0.553711 0.481445 0.553711 0.478516 0.554688 0.477539 0.554688 0.474609 0.555664 0.473633
1 0.675781 0.474609 0.676758 0.474609 0.677734 0.473633 0.678711 0.473633 0.676758 0.473633
1 0.669922 0.473633 0.670898 0.474609 0.671875 0.474609 0.671875 0.473633
1 0.668945 0.471680 0.667969 0.470703 0.666992 0.471680 0.667969 0.470703
1 0.518555 0.461914 0.518555 0.462891 0.520508 0.464844 0.521484 0.463867 0.522461 0.463867 0.522461 0.462891 0.520508 0.460938 0.519531 0.460938
0 0.687500 0.460938 0.686523 0.461914 0.686523 0.463867 0.685547 0.464844 0.685547 0.466797 0.684570 0.467773 0.684570 0.469727 0.683594 0.470703 0.683594 0.472656 0.682617 0.473633 0.682617 0.475586 0.681641 0.476562 0.681641 0.479492 0.680664 0.480469 0.680664 0.483398 0.679688 0.484375 0.679688 0.488281 0.678711 0.489258 0.678711 0.492188 0.679688 0.492188 0.680664 0.493164 0.683594 0.493164 0.684570 0.494141 0.687500 0.494141 0.688477 0.495117 0.690430 0.495117 0.691406 0.496094 0.694336 0.496094 0.695312 0.497070 0.697266 0.497070 0.698242 0.498047 0.701172 0.498047 0.702148 0.497070 0.702148 0.494141 0.703125 0.493164 0.703125 0.491211 0.704102 0.490234 0.704102 0.488281 0.705078 0.487305 0.705078 0.485352 0.706055 0.484375 0.706055 0.481445 0.707031 0.480469 0.707031 0.478516 0.708008 0.477539 0.708008 0.474609 0.708984 0.473633 0.708984 0.470703 0.709961 0.469727 0.709961 0.466797 0.708984 0.465820 0.706055 0.465820 0.705078 0.464844 0.702148 0.464844 0.701172 0.463867 0.699219 0.463867 0.698242 0.462891 0.695312 0.462891 0.694336 0.461914 0.691406 0.461914 0.690430 0.460938
1 0.666992 0.472656 0.666992 0.473633 0.668945 0.473633 0.669922 0.472656 0.671875 0.472656 0.672852 0.473633 0.672852 0.474609 0.673828 0.475586 0.676758 0.475586 0.677734 0.476562 0.679688 0.476562 0.680664 0.475586 0.681641 0.475586 0.681641 0.474609 0.677734 0.474609 0.676758 0.475586 0.675781 0.475586 0.674805 0.474609 0.675781 0.473633 0.674805 0.472656 0.672852 0.472656 0.671875 0.471680 0.669922 0.471680 0.668945 0.472656 0.667969 0.471680
