0 0.429688 0.519531 0.427734 0.519531 0.426758 0.520508 0.424805 0.520508 0.423828 0.521484 0.421875 0.521484 0.420898 0.522461 0.419922 0.522461 0.418945 0.523438 0.417969 0.523438 0.416992 0.524414 0.415039 0.524414 0.414062 0.525391 0.413086 0.525391 0.412109 0.526367 0.411133 0.526367 0.410156 0.527344 0.408203 0.527344 0.407227 0.528320 0.406250 0.528320 0.405273 0.529297 0.404297 0.529297 0.403320 0.530273 0.402344 0.530273 0.401367 0.531250 0.400391 0.531250 0.400391 0.532227 0.401367 0.533203 0.401367 0.534180 0.402344 0.535156 0.402344 0.537109 0.403320 0.538086 0.403320 0.539062 0.404297 0.540039 0.404297 0.541016 0.405273 0.541992 0.405273 0.543945 0.406250 0.544922 0.406250 0.545898 0.407227 0.546875 0.407227 0.547852 0.408203 0.548828 0.408203 0.550781 0.409180 0.551758 0.409180 0.552734 0.410156 0.553711 0.411133 0.553711 0.412109 0.552734 0.413086 0.552734 0.414062 0.551758 0.416016 0.551758 0.416992 0.550781 0.417969 0.550781 0.418945 0.549805 0.419922 0.549805 0.420898 0.548828 0.422852 0.548828 0.423828 0.547852 0.424805 0.547852 0.425781 0.546875 0.426758 0.546875 0.427734 0.545898 0.429688 0.545898 0.430664 0.544922 0.431641 0.544922 0.432617 0.543945 0.433594 0.543945 0.434570 0.542969 0.436523 0.542969 0.437500 0.541992 0.438477 0.541992 0.438477 0.540039 0.437500 0.539062 0.437500 0.538086 0.436523 0.537109 0.436523 0.536133 0.435547 0.535156 0.435547 0.533203 0.434570 0.532227 0.434570 0.531250 0.433594 0.530273 0.433594 0.528320 0.432617 0.527344 0.432617 0.526367 0.431641 0.525391 0.431641 0.524414 0.430664 0.523438 0.430664 0.521484 0.429688 0.520508
1 0.425781 0.547852 0.424805 0.548828 0.423828 0.548828 0.423828 0.549805 0.424805 0.550781 0.424805 0.551758 0.425781 0.552734 0.425781 0.554688 0.426758 0.555664 0.426758 0.556641 0.427734 0.557617 0.427734 0.558594 0.428711 0.559570 0.428711 0.561523 0.429688 0.562500 0.429688 0.563477 0.431641 0.563477 0.431641 0.560547 0.430664 0.559570 0.430664 0.558594 0.429688 0.557617 0.429688 0.556641 0.428711 0.555664 0.428711 0.553711 0.427734 0.552734 0.427734 0.551758 0.426758 0.550781 0.426758 0.549805 0.425781 0.548828
0 0.280273 0.504883 0.280273 0.507812 0.279297 0.508789 0.279297 0.513672 0.278320 0.514648 0.278320 0.519531 0.277344 0.520508 0.277344 0.526367 0.278320 0.526367 0.281250 0.529297 0.282227 0.529297 0.284180 0.531250 0.288086 0.531250 0.289062 0.532227 0.305664 0.532227 0.305664 0.530273 0.306641 0.529297 0.306641 0.523438 0.307617 0.522461 0.307617 0.516602 0.308594 0.515625 0.308594 0.511719 0.303711 0.506836 0.302734 0.506836 0.300781 0.504883
1 0.268555 0.516602 0.268555 0.518555 0.277344 0.518555 0.277344 0.517578 0.276367 0.516602
0 0.556641 0.415039 0.554688 0.415039 0.553711 0.416016 0.549805 0.416016 0.548828 0.416992 0.545898 0.416992 0.544922 0.417969 0.541992 0.417969 0.541016 0.418945 0.538086 0.418945 0.537109 0.419922 0.534180 0.419922 0.533203 0.420898 0.530273 0.420898 0.529297 0.421875 0.529297 0.425781 0.530273 0.426758 0.530273 0.429688 0.531250 0.430664 0.531250 0.431641 0.533203 0.431641 0.534180 0.432617 0.534180 0.433594 0.533203 0.434570 0.532227 0.434570 0.532227 0.437500 0.533203 0.438477 0.533203 0.441406 0.534180 0.442383 0.534180 0.444336 0.541016 0.444336 0.541992 0.443359 0.544922 0.443359 0.545898 0.442383 0.548828 0.442383 0.549805 0.441406 0.552734 0.441406 0.553711 0.440430 0.556641 0.440430 0.557617 0.439453 0.560547 0.439453 0.561523 0.438477 0.561523 0.435547 0.560547 0.434570 0.560547 0.431641 0.559570 0.430664 0.559570 0.427734 0.558594 0.426758 0.558594 0.423828 0.557617 0.422852 0.557617 0.418945 0.556641 0.417969
1 0.533203 0.432617 0.530273 0.432617 0.529297 0.433594 0.526367 0.433594 0.525391 0.434570 0.522461 0.434570 0.521484 0.435547 0.517578 0.435547 0.517578 0.437500 0.519531 0.437500 0.520508 0.436523 0.523438 0.436523 0.524414 0.435547 0.527344 0.435547 0.528320 0.434570 0.531250 0.434570 0.532227 0.433594 0.533203 0.433594
0 0.373047 0.462891 0.373047 0.466797 0.372070 0.467773 0.372070 0.475586 0.371094 0.476562 0.371094 0.485352 0.370117 0.486328 0.370117 0.488281 0.372070 0.490234 0.373047 0.490234 0.375977 0.493164 0.376953 0.493164 0.377930 0.494141 0.394531 0.494141 0.395508 0.495117 0.403320 0.495117 0.403320 0.485352 0.404297 0.484375 0.404297 0.481445 0.401367 0.481445 0.400391 0.480469 0.400391 0.478516 0.401367 0.477539 0.404297 0.477539 0.404297 0.475586 0.405273 0.474609 0.405273 0.469727 0.399414 0.463867 0.391602 0.463867 0.390625 0.462891
1 0.318359 0.638672 0.316406 0.638672 0.316406 0.639648 0.315430 0.640625 0.317383 0.640625 0.318359 0.639648
1 0.322266 0.635742 0.321289 0.635742 0.321289 0.636719 0.320312 0.637695 0.322266 0.637695
1 0.401367 0.478516 0.401367 0.480469 0.407227 0.480469 0.408203 0.481445 0.418945 0.481445 0.418945 0.479492 0.415039 0.479492 0.414062 0.478516
0 0.304688 0.625977 0.303711 0.626953 0.302734 0.626953 0.300781 0.628906 0.299805 0.628906 0.298828 0.629883 0.297852 0.629883 0.295898 0.631836 0.294922 0.631836 0.293945 0.632812 0.292969 0.632812 0.291016 0.634766 0.290039 0.634766 0.289062 0.635742 0.288086 0.635742 0.287109 0.636719 0.286133 0.636719 0.284180 0.638672 0.283203 0.638672 0.282227 0.639648 0.281250 0.639648 0.281250 0.641602 0.282227 0.642578 0.282227 0.643555 0.283203 0.644531 0.283203 0.646484 0.284180 0.647461 0.284180 0.648438 0.285156 0.649414 0.285156 0.650391 0.286133 0.651367 0.286133 0.653320 0.287109 0.654297 0.287109 0.655273 0.288086 0.656250 0.288086 0.657227 0.289062 0.658203 0.289062 0.660156 0.290039 0.661133 0.290039 0.662109 0.291992 0.664062 0.292969 0.664062 0.295898 0.666992 0.296875 0.666992 0.300781 0.670898 0.301758 0.670898 0.302734 0.669922 0.303711 0.669922 0.304688 0.668945 0.305664 0.668945 0.307617 0.666992 0.308594 0.666992 0.309570 0.666016 0.310547 0.666016 0.312500 0.664062 0.313477 0.664062 0.314453 0.663086 0.315430 0.663086 0.317383 0.661133 0.318359 0.661133 0.319336 0.660156 0.320312 0.660156 0.322266 0.658203 0.323242 0.658203 0.324219 0.657227 0.325195 0.657227 0.324219 0.656250 0.324219 0.654297 0.323242 0.653320 0.323242 0.652344 0.322266 0.651367 0.322266 0.650391 0.321289 0.649414 0.321289 0.648438 0.320312 0.647461 0.320312 0.645508 0.319336 0.644531 0.319336 0.643555 0.318359 0.642578 0.317383 0.642578 0.316406 0.643555 0.314453 0.641602 0.314453 0.639648 0.316406 0.637695 0.315430 0.636719 0.315430 0.635742 0.309570 0.629883 0.308594 0.629883
1 0.331055 0.631836 0.330078 0.630859 0.329102 0.631836 0.328125 0.631836 0.327148 0.632812 0.326172 0.632812 0.324219 0.634766 0.323242 0.634766 0.323242 0.637695 0.322266 0.638672 0.320312 0.638672 0.319336 0.637695 0.320312 0.636719 0.319336 0.637695 0.318359 0.637695 0.319336 0.638672 0.319336 0.639648 0.317383 0.641602 0.315430 0.641602 0.316406 0.642578 0.317383 0.641602 0.318359 0.641602 0.320312 0.639648 0.321289 0.639648 0.322266 0.638672 0.323242 0.638672 0.326172 0.635742 0.328125 0.635742 0.329102 0.634766 0.329102 0.633789 0.330078 0.632812 0.331055 0.633789 0.330078 0.632812
