0 0.419922 0.491211 0.418945 0.492188 0.417969 0.492188 0.412109 0.498047 0.411133 0.498047 0.404297 0.504883 0.403320 0.504883 0.403320 0.505859 0.405273 0.507812 0.405273 0.508789 0.406250 0.509766 0.406250 0.510742 0.408203 0.512695 0.408203 0.513672 0.409180 0.514648 0.409180 0.515625 0.410156 0.516602 0.410156 0.517578 0.413086 0.514648 0.415039 0.514648 0.416016 0.515625 0.416016 0.517578 0.413086 0.520508 0.412109 0.520508 0.413086 0.521484 0.413086 0.522461 0.414062 0.522461 0.415039 0.523438 0.416992 0.523438 0.417969 0.524414 0.420898 0.524414 0.421875 0.525391 0.424805 0.525391 0.425781 0.526367 0.426758 0.526367 0.432617 0.520508 0.433594 0.520508 0.441406 0.512695 0.442383 0.512695 0.442383 0.511719 0.441406 0.510742 0.441406 0.509766 0.439453 0.507812 0.439453 0.506836 0.438477 0.505859 0.438477 0.504883 0.437500 0.503906 0.437500 0.502930 0.435547 0.500977 0.435547 0.500000 0.434570 0.499023 0.434570 0.498047 0.433594 0.497070 0.433594 0.496094 0.432617 0.495117 0.432617 0.494141 0.429688 0.494141 0.428711 0.493164 0.424805 0.493164 0.423828 0.492188 0.420898 0.492188
1 0.415039 0.515625 0.413086 0.515625 0.408203 0.520508 0.407227 0.520508 0.403320 0.524414 0.403320 0.525391 0.404297 0.526367 0.405273 0.526367 0.412109 0.519531 0.413086 0.519531 0.415039 0.517578
0 0.431641 0.492188 0.430664 0.491211 0.430664 0.490234 0.428711 0.488281 0.428711 0.487305 0.427734 0.486328 0.427734 0.485352 0.426758 0.484375 0.424805 0.484375 0.423828 0.485352 0.418945 0.485352 0.417969 0.486328 0.413086 0.486328 0.412109 0.487305 0.408203 0.487305 0.408203 0.489258 0.409180 0.490234 0.409180 0.499023 0.411133 0.497070 0.412109 0.497070 0.417969 0.491211 0.418945 0.491211 0.419922 0.490234 0.420898 0.491211 0.423828 0.491211 0.424805 0.492188 0.428711 0.492188 0.429688 0.493164 0.431641 0.493164
0 0.562500 0.516602 0.560547 0.518555 0.559570 0.518555 0.552734 0.525391 0.551758 0.525391 0.544922 0.532227 0.545898 0.533203 0.545898 0.534180 0.546875 0.535156 0.546875 0.537109 0.547852 0.538086 0.547852 0.540039 0.548828 0.541016 0.548828 0.541992 0.549805 0.542969 0.549805 0.544922 0.553711 0.548828 0.554688 0.548828 0.558594 0.552734 0.559570 0.552734 0.562500 0.555664 0.563477 0.555664 0.566406 0.558594 0.567383 0.558594 0.575195 0.550781 0.576172 0.550781 0.583984 0.542969 0.583984 0.541016 0.583008 0.540039 0.583008 0.538086 0.582031 0.537109 0.582031 0.535156 0.581055 0.534180 0.581055 0.532227 0.580078 0.531250 0.580078 0.528320 0.579102 0.528320 0.577148 0.526367 0.576172 0.526367 0.573242 0.523438 0.572266 0.523438 0.569336 0.520508 0.568359 0.520508 0.565430 0.517578 0.564453 0.517578 0.563477 0.516602
1 0.545898 0.521484 0.544922 0.522461 0.544922 0.523438 0.547852 0.526367 0.549805 0.526367 0.550781 0.525391 0.548828 0.523438 0.547852 0.523438
0 0.451172 0.417969 0.450195 0.418945 0.447266 0.418945 0.446289 0.419922 0.444336 0.419922 0.443359 0.420898 0.440430 0.420898 0.439453 0.421875 0.436523 0.421875 0.435547 0.422852 0.432617 0.422852 0.431641 0.423828 0.429688 0.423828 0.429688 0.424805 0.430664 0.425781 0.430664 0.429688 0.431641 0.430664 0.431641 0.434570 0.432617 0.435547 0.432617 0.439453 0.433594 0.440430 0.433594 0.444336 0.435547 0.446289 0.435547 0.447266 0.437500 0.449219 0.437500 0.450195 0.438477 0.451172 0.438477 0.452148 0.439453 0.453125 0.440430 0.453125 0.441406 0.452148 0.444336 0.452148 0.445312 0.451172 0.448242 0.451172 0.449219 0.450195 0.451172 0.450195 0.452148 0.449219 0.455078 0.449219 0.456055 0.448242 0.458984 0.448242 0.459961 0.447266 0.461914 0.447266 0.460938 0.446289 0.460938 0.442383 0.459961 0.441406 0.459961 0.436523 0.458984 0.435547 0.458984 0.431641 0.458008 0.430664 0.458008 0.426758 0.457031 0.425781 0.457031 0.424805 0.454102 0.421875 0.454102 0.420898
1 0.297852 0.456055 0.297852 0.457031 0.298828 0.457031 0.299805 0.458008 0.302734 0.458008 0.303711 0.457031 0.304688 0.457031 0.303711 0.457031 0.302734 0.456055 0.301758 0.457031 0.299805 0.455078 0.298828 0.456055
1 0.448242 0.439453 0.448242 0.441406 0.450195 0.443359 0.450195 0.444336 0.452148 0.446289 0.452148 0.447266 0.453125 0.446289 0.454102 0.446289 0.453125 0.445312 0.453125 0.444336 0.452148 0.443359 0.452148 0.442383 0.450195 0.440430 0.450195 0.439453
0 0.274414 0.441406 0.274414 0.457031 0.273438 0.458008 0.273438 0.462891 0.275391 0.462891 0.276367 0.463867 0.277344 0.463867 0.278320 0.464844 0.280273 0.464844 0.281250 0.465820 0.283203 0.465820 0.284180 0.466797 0.285156 0.466797 0.286133 0.467773 0.288086 0.467773 0.289062 0.468750 0.290039 0.467773 0.293945 0.467773 0.294922 0.466797 0.298828 0.466797 0.299805 0.465820 0.302734 0.465820 0.303711 0.464844 0.305664 0.464844 0.305664 0.463867 0.306641 0.462891 0.306641 0.460938 0.305664 0.460938 0.304688 0.459961 0.302734 0.459961 0.301758 0.458984 0.299805 0.458984 0.298828 0.458008 0.297852 0.458008 0.296875 0.457031 0.296875 0.455078 0.297852 0.454102 0.299805 0.454102 0.300781 0.455078 0.302734 0.455078 0.303711 0.456055 0.305664 0.456055 0.306641 0.457031 0.306641 0.446289 0.307617 0.445312 0.307617 0.443359 0.305664 0.443359 0.304688 0.442383 0.302734 0.442383 0.301758 0.441406 0.300781 0.441406 0.299805 0.440430 0.297852 0.440430 0.296875 0.439453 0.294922 0.439453 0.293945 0.438477 0.288086 0.438477 0.287109 0.439453 0.282227 0.439453 0.281250 0.440430 0.276367 0.440430 0.275391 0.441406
1 0.301758 0.456055 0.303711 0.458008 0.302734 0.458984 0.304688 0.458984 0.305664 0.459961 0.307617 0.459961 0.308594 0.460938 0.309570 0.459961 0.309570 0.458984 0.308594 0.458008 0.306641 0.458008 0.305664 0.457031 0.304688 0.458008 0.303711 0.458008
