0 0.522350 0.254151 0.518519 0.254151 0.517241 0.255428 0.512133 0.255428 0.510856 0.256705 0.507024 0.256705 0.505747 0.257982 0.501916 0.257982 0.500639 0.259259 0.496807 0.259259 0.495530 0.260536 0.491699 0.260536 0.490421 0.261814 0.490421 0.270754 0.491699 0.272031 0.491699 0.279693 0.492976 0.280971 0.492976 0.288633 0.494253 0.289911 0.494253 0.292465 0.495530 0.293742 0.495530 0.295019 0.496807 0.296296 0.496807 0.297573 0.498084 0.298851 0.498084 0.300128 0.499361 0.301405 0.499361 0.302682 0.500639 0.303959 0.500639 0.305236 0.507024 0.305236 0.508301 0.303959 0.512133 0.303959 0.513410 0.302682 0.518519 0.302682 0.519796 0.301405 0.523627 0.301405 0.524904 0.300128 0.528736 0.300128 0.530013 0.298851 0.533844 0.298851 0.533844 0.295019 0.532567 0.293742 0.532567 0.287356 0.531290 0.286079 0.531290 0.278416 0.530013 0.278416 0.527458 0.275862 0.527458 0.274585 0.528736 0.273308 0.530013 0.273308 0.530013 0.270754 0.528736 0.269476 0.528736 0.268199 0.527458 0.266922 0.527458 0.264368 0.526181 0.263091 0.526181 0.261814 0.524904 0.260536 0.524904 0.259259 0.523627 0.257982 0.523627 0.255428
1 0.551724 0.272031 0.550447 0.270754 0.550447 0.269476 0.546616 0.269476 0.545338 0.270754 0.541507 0.270754 0.540230 0.272031 0.536398 0.272031 0.535121 0.273308 0.531290 0.273308 0.530013 0.274585 0.528736 0.274585 0.528736 0.275862 0.530013 0.277139 0.533844 0.277139 0.535121 0.275862 0.538953 0.275862 0.540230 0.274585 0.545338 0.274585 0.546616 0.273308 0.550447 0.273308
0 0.278416 0.215837 0.278416 0.218391 0.277139 0.219668 0.277139 0.243934 0.278416 0.245211 0.291188 0.245211 0.292465 0.246488 0.306513 0.246488 0.309068 0.243934 0.310345 0.243934 0.311622 0.242656 0.311622 0.233716 0.309068 0.233716 0.307791 0.232439 0.307791 0.229885 0.309068 0.228608 0.311622 0.228608 0.312899 0.227331 0.312899 0.214559 0.298851 0.214559 0.297573 0.213282 0.283525 0.213282 0.282248 0.214559 0.280971 0.214559 0.279693 0.215837
1 0.309068 0.229885 0.309068 0.232439 0.320562 0.232439 0.321839 0.233716 0.328225 0.233716 0.328225 0.231162 0.316731 0.231162 0.315453 0.229885
0 0.491699 0.337165 0.492976 0.338442 0.494253 0.337165 0.492976 0.338442
0 0.492976 0.316731 0.491699 0.318008 0.490421 0.316731 0.491699 0.318008 0.486590 0.323116 0.484036 0.323116 0.484036 0.326948 0.485313 0.328225 0.485313 0.329502 0.487867 0.329502 0.489144 0.330779 0.487867 0.332056 0.489144 0.330779 0.491699 0.330779 0.492976 0.329502 0.494253 0.330779 0.494253 0.320562 0.492976 0.319285
0 0.484036 0.309068 0.485313 0.310345 0.484036 0.311622 0.485313 0.310345
0 0.127714 0.254151 0.121328 0.254151 0.120051 0.255428 0.116220 0.255428 0.114943 0.256705 0.109834 0.256705 0.108557 0.257982 0.104725 0.257982 0.103448 0.259259 0.099617 0.259259 0.099617 0.261814 0.098340 0.263091 0.098340 0.265645 0.097063 0.266922 0.097063 0.268199 0.095785 0.269476 0.095785 0.272031 0.094508 0.273308 0.094508 0.275862 0.093231 0.277139 0.093231 0.279693 0.091954 0.280971 0.091954 0.283525 0.090677 0.284802 0.090677 0.286079 0.089400 0.287356 0.089400 0.288633 0.102171 0.301405 0.103448 0.301405 0.112388 0.310345 0.116220 0.310345 0.117497 0.309068 0.121328 0.309068 0.122605 0.307791 0.125160 0.307791 0.126437 0.306513 0.130268 0.306513 0.131545 0.305236 0.135377 0.305236 0.136654 0.303959 0.139208 0.303959 0.140485 0.302682 0.140485 0.301405 0.141762 0.300128 0.141762 0.297573 0.143040 0.296296 0.143040 0.295019 0.144317 0.293742 0.144317 0.291188 0.145594 0.289911 0.145594 0.288633 0.146871 0.287356 0.146871 0.284802 0.148148 0.283525 0.148148 0.280971 0.149425 0.279693 0.149425 0.278416 0.150702 0.277139 0.150702 0.274585 0.141762 0.265645 0.140485 0.265645 0.130268 0.255428 0.128991 0.255428
1 0.091954 0.255428 0.090677 0.256705 0.090677 0.257982 0.097063 0.264368 0.097063 0.263091 0.098340 0.261814 0.098340 0.259259 0.094508 0.255428
0 0.251596 0.019157 0.250319 0.020434 0.249042 0.020434 0.246488 0.022989 0.245211 0.022989 0.243934 0.024266 0.242656 0.024266 0.240102 0.026820 0.238825 0.026820 0.237548 0.028097 0.236271 0.028097 0.220945 0.043423 0.220945 0.044700 0.217114 0.048531 0.223499 0.054917 0.223499 0.056194 0.229885 0.062580 0.229885 0.063857 0.234994 0.068966 0.234994 0.070243 0.237548 0.072797 0.238825 0.072797 0.240102 0.071520 0.241379 0.071520 0.243934 0.068966 0.245211 0.068966 0.247765 0.066411 0.249042 0.066411 0.251596 0.063857 0.252874 0.063857 0.272031 0.044700 0.272031 0.043423 0.266922 0.038314 0.266922 0.037037 0.261814 0.031928 0.261814 0.030651 0.255428 0.024266 0.255428 0.022989
0 0.532567 0.358876 0.531290 0.358876 0.530013 0.360153 0.531290 0.360153
0 0.609195 0.194125 0.607918 0.194125 0.607918 0.195402 0.602810 0.200511 0.602810 0.201788 0.598978 0.205619 0.598978 0.206897 0.593870 0.212005 0.593870 0.213282 0.588761 0.218391 0.588761 0.219668 0.584930 0.223499 0.584930 0.224777 0.579821 0.229885 0.579821 0.231162 0.575990 0.234994 0.575990 0.236271 0.574713 0.237548 0.575990 0.238825 0.577267 0.238825 0.581098 0.242656 0.582375 0.242656 0.586207 0.246488 0.587484 0.246488 0.591315 0.250319 0.592593 0.250319 0.596424 0.254151 0.597701 0.254151 0.601533 0.257982 0.602810 0.257982 0.605364 0.260536 0.606641 0.260536 0.615581 0.251596 0.615581 0.250319 0.621967 0.243934 0.621967 0.242656 0.625798 0.238825 0.625798 0.237548 0.629630 0.233716 0.629630 0.232439 0.633461 0.228608 0.633461 0.227331 0.637292 0.223499 0.637292 0.222222 0.641124 0.218391 0.638570 0.215837 0.637292 0.215837 0.633461 0.212005 0.632184 0.212005 0.628352 0.208174 0.627075 0.208174 0.623244 0.204342 0.621967 0.204342 0.618135 0.200511 0.616858 0.200511 0.613027 0.196679 0.611750 0.196679
1 0.581098 0.209451 0.581098 0.210728 0.582375 0.210728 0.588761 0.217114 0.592593 0.213282 0.591315 0.213282 0.587484 0.209451 0.586207 0.209451 0.584930 0.208174 0.583653 0.208174 0.582375 0.209451
1 0.570881 0.197957 0.569604 0.199234 0.570881 0.200511 0.569604 0.201788 0.573436 0.205619 0.574713 0.205619 0.575990 0.206897 0.577267 0.206897 0.578544 0.208174 0.578544 0.206897 0.579821 0.205619 0.579821 0.204342 0.577267 0.201788 0.575990 0.201788 0.572158 0.197957
