0 0.612305 0.340820 0.611328 0.340820 0.602539 0.349609 0.602539 0.350586 0.595703 0.357422 0.595703 0.358398 0.594727 0.359375 0.594727 0.360352 0.592773 0.362305 0.592773 0.363281 0.590820 0.365234 0.590820 0.366211 0.589844 0.367188 0.589844 0.368164 0.594727 0.373047 0.595703 0.373047 0.600586 0.377930 0.601562 0.377930 0.607422 0.383789 0.608398 0.383789 0.617188 0.375000 0.617188 0.374023 0.623047 0.368164 0.623047 0.367188 0.625977 0.364258 0.625977 0.363281 0.627930 0.361328 0.627930 0.360352 0.630859 0.357422 0.630859 0.356445 0.626953 0.352539 0.625977 0.352539 0.621094 0.347656 0.620117 0.347656 0.615234 0.342773 0.614258 0.342773
1 0.626953 0.342773 0.622070 0.347656 0.623047 0.348633 0.624023 0.348633 0.627930 0.344727 0.627930 0.343750
0 0.536133 0.538086 0.535156 0.539062 0.535156 0.540039 0.534180 0.541016 0.534180 0.542969 0.533203 0.543945 0.533203 0.544922 0.532227 0.545898 0.532227 0.547852 0.531250 0.548828 0.531250 0.550781 0.530273 0.551758 0.530273 0.552734 0.529297 0.553711 0.529297 0.556641 0.528320 0.557617 0.528320 0.559570 0.527344 0.560547 0.527344 0.563477 0.526367 0.564453 0.526367 0.567383 0.525391 0.568359 0.525391 0.571289 0.524414 0.572266 0.524414 0.573242 0.525391 0.573242 0.526367 0.574219 0.528320 0.574219 0.529297 0.575195 0.531250 0.575195 0.532227 0.576172 0.534180 0.576172 0.535156 0.577148 0.537109 0.577148 0.538086 0.578125 0.540039 0.578125 0.541016 0.579102 0.542969 0.579102 0.543945 0.580078 0.545898 0.580078 0.546875 0.581055 0.549805 0.581055 0.549805 0.580078 0.550781 0.579102 0.550781 0.577148 0.551758 0.576172 0.551758 0.574219 0.552734 0.573242 0.552734 0.571289 0.553711 0.570312 0.553711 0.568359 0.554688 0.567383 0.554688 0.565430 0.555664 0.564453 0.555664 0.562500 0.556641 0.561523 0.556641 0.559570 0.557617 0.558594 0.557617 0.555664 0.558594 0.554688 0.558594 0.552734 0.559570 0.551758 0.559570 0.548828 0.560547 0.547852 0.560547 0.545898 0.559570 0.544922 0.557617 0.544922 0.556641 0.543945 0.554688 0.543945 0.553711 0.542969 0.550781 0.542969 0.549805 0.541992 0.547852 0.541992 0.546875 0.541016 0.544922 0.541016 0.543945 0.540039 0.541992 0.540039 0.541016 0.539062 0.539062 0.539062 0.538086 0.538086
1 0.537109 0.578125 0.536133 0.578125 0.536133 0.581055 0.535156 0.582031 0.537109 0.582031 0.538086 0.581055 0.538086 0.579102
0 0.393555 0.405273 0.389648 0.405273 0.388672 0.404297 0.383789 0.404297 0.382812 0.403320 0.378906 0.403320 0.377930 0.404297 0.376953 0.404297 0.375977 0.405273 0.375000 0.405273 0.374023 0.406250 0.372070 0.406250 0.371094 0.407227 0.370117 0.407227 0.369141 0.408203 0.368164 0.408203 0.367188 0.409180 0.366211 0.409180 0.365234 0.410156 0.364258 0.410156 0.363281 0.411133 0.361328 0.411133 0.360352 0.412109 0.359375 0.412109 0.359375 0.415039 0.360352 0.416016 0.360352 0.417969 0.361328 0.418945 0.361328 0.421875 0.362305 0.422852 0.362305 0.424805 0.363281 0.425781 0.363281 0.427734 0.364258 0.428711 0.364258 0.430664 0.365234 0.431641 0.365234 0.433594 0.366211 0.434570 0.366211 0.436523 0.369141 0.436523 0.370117 0.437500 0.373047 0.437500 0.374023 0.438477 0.376953 0.438477 0.377930 0.439453 0.380859 0.439453 0.381836 0.438477 0.382812 0.438477 0.383789 0.437500 0.384766 0.437500 0.385742 0.436523 0.386719 0.436523 0.387695 0.435547 0.388672 0.435547 0.389648 0.434570 0.390625 0.434570 0.391602 0.433594 0.392578 0.433594 0.393555 0.432617 0.394531 0.432617 0.395508 0.431641 0.396484 0.431641 0.397461 0.430664 0.398438 0.430664 0.399414 0.429688 0.400391 0.429688 0.400391 0.426758 0.399414 0.425781 0.399414 0.423828 0.398438 0.422852 0.398438 0.420898 0.397461 0.419922 0.397461 0.416992 0.396484 0.416016 0.396484 0.414062 0.395508 0.413086 0.395508 0.410156 0.394531 0.409180 0.394531 0.407227 0.393555 0.406250
1 0.404297 0.409180 0.402344 0.409180 0.401367 0.410156 0.399414 0.410156 0.398438 0.411133 0.397461 0.411133 0.396484 0.412109 0.396484 0.413086 0.397461 0.414062 0.398438 0.414062 0.399414 0.413086 0.400391 0.413086 0.401367 0.412109 0.402344 0.412109 0.403320 0.411133 0.404297 0.411133
0 0.485352 0.471680 0.485352 0.473633 0.484375 0.474609 0.484375 0.477539 0.483398 0.478516 0.483398 0.481445 0.482422 0.482422 0.482422 0.484375 0.481445 0.485352 0.481445 0.488281 0.480469 0.489258 0.480469 0.490234 0.481445 0.490234 0.482422 0.491211 0.486328 0.491211 0.488281 0.493164 0.487305 0.494141 0.487305 0.496094 0.486328 0.497070 0.485352 0.497070 0.484375 0.496094 0.479492 0.496094 0.478516 0.497070 0.478516 0.499023 0.477539 0.500000 0.477539 0.503906 0.478516 0.504883 0.478516 0.505859 0.483398 0.510742 0.483398 0.511719 0.487305 0.515625 0.487305 0.516602 0.490234 0.516602 0.491211 0.517578 0.499023 0.517578 0.500000 0.518555 0.507812 0.518555 0.508789 0.519531 0.515625 0.519531 0.516602 0.520508 0.519531 0.520508 0.519531 0.519531 0.520508 0.518555 0.520508 0.515625 0.521484 0.514648 0.521484 0.512695 0.522461 0.511719 0.522461 0.508789 0.523438 0.507812 0.523438 0.505859 0.524414 0.504883 0.524414 0.501953 0.525391 0.500977 0.525391 0.499023 0.526367 0.498047 0.526367 0.495117 0.527344 0.494141 0.527344 0.492188 0.528320 0.491211 0.528320 0.488281 0.516602 0.476562 0.515625 0.476562 0.514648 0.475586 0.508789 0.475586 0.507812 0.474609 0.501953 0.474609 0.500977 0.473633 0.494141 0.473633 0.493164 0.472656 0.487305 0.472656 0.486328 0.471680
0 0.463867 0.442383 0.462891 0.443359 0.461914 0.443359 0.461914 0.444336 0.462891 0.443359 0.463867 0.443359
1 0.463867 0.491211 0.463867 0.492188 0.464844 0.493164 0.468750 0.493164 0.469727 0.494141 0.476562 0.494141 0.477539 0.495117 0.484375 0.495117 0.485352 0.496094 0.486328 0.496094 0.486328 0.494141 0.487305 0.493164 0.486328 0.493164 0.485352 0.492188 0.482422 0.492188 0.481445 0.491211 0.475586 0.491211 0.474609 0.490234 0.467773 0.490234 0.466797 0.489258 0.464844 0.489258 0.464844 0.490234
1 0.447266 0.444336 0.446289 0.443359 0.445312 0.443359 0.438477 0.450195 0.439453 0.451172 0.446289 0.444336
0 0.456055 0.420898 0.455078 0.420898 0.452148 0.423828 0.451172 0.423828 0.443359 0.431641 0.442383 0.431641 0.440430 0.433594 0.440430 0.435547 0.439453 0.436523 0.439453 0.438477 0.444336 0.443359 0.445312 0.442383 0.446289 0.442383 0.448242 0.444336 0.447266 0.445312 0.447266 0.446289 0.452148 0.451172 0.452148 0.452148 0.453125 0.453125 0.459961 0.446289 0.460938 0.446289 0.462891 0.444336 0.461914 0.445312 0.460938 0.444336 0.460938 0.443359 0.461914 0.442383 0.462891 0.442383 0.463867 0.441406 0.464844 0.442383 0.468750 0.438477 0.467773 0.437500 0.469727 0.435547 0.466797 0.432617 0.466797 0.431641
1 0.438477 0.451172 0.436523 0.451172 0.435547 0.452148 0.436523 0.453125 0.437500 0.453125 0.438477 0.452148
0 0.343750 0.244141 0.340820 0.247070 0.340820 0.248047 0.336914 0.251953 0.336914 0.252930 0.333008 0.256836 0.333008 0.257812 0.329102 0.261719 0.329102 0.262695 0.325195 0.266602 0.325195 0.267578 0.324219 0.268555 0.329102 0.273438 0.329102 0.274414 0.333984 0.279297 0.333984 0.280273 0.334961 0.281250 0.335938 0.281250 0.338867 0.284180 0.339844 0.284180 0.342773 0.287109 0.343750 0.287109 0.346680 0.290039 0.347656 0.290039 0.349609 0.291992 0.350586 0.291992 0.353516 0.294922 0.354492 0.294922 0.356445 0.296875 0.357422 0.296875 0.360352 0.293945 0.360352 0.292969 0.364258 0.289062 0.364258 0.288086 0.368164 0.284180 0.368164 0.283203 0.373047 0.278320 0.373047 0.277344 0.375977 0.274414 0.375977 0.273438 0.374023 0.271484 0.374023 0.270508 0.362305 0.258789 0.361328 0.258789 0.357422 0.254883 0.356445 0.254883 0.352539 0.250977 0.351562 0.250977 0.348633 0.248047 0.347656 0.248047
0 0.651367 0.637695 0.649414 0.639648 0.648438 0.639648 0.642578 0.645508 0.641602 0.645508 0.635742 0.651367 0.634766 0.651367 0.634766 0.654297 0.635742 0.655273 0.635742 0.664062 0.640625 0.668945 0.641602 0.668945 0.647461 0.674805 0.648438 0.674805 0.653320 0.679688 0.657227 0.675781 0.658203 0.675781 0.663086 0.670898 0.664062 0.670898 0.668945 0.666016 0.669922 0.666016 0.670898 0.665039 0.670898 0.662109 0.669922 0.661133 0.669922 0.655273 0.668945 0.654297 0.668945 0.651367 0.667969 0.650391 0.666992 0.650391 0.661133 0.644531 0.660156 0.644531 0.654297 0.638672 0.653320 0.638672 0.652344 0.637695
1 0.653320 0.664062 0.652344 0.665039 0.652344 0.669922 0.653320 0.670898 0.653320 0.673828 0.654297 0.674805 0.655273 0.674805 0.656250 0.673828 0.655273 0.672852 0.655273 0.665039 0.654297 0.664062
0 0.514648 0.593750 0.512695 0.593750 0.511719 0.594727 0.510742 0.594727 0.509766 0.595703 0.507812 0.595703 0.506836 0.596680 0.505859 0.596680 0.504883 0.597656 0.503906 0.597656 0.502930 0.598633 0.501953 0.598633 0.500977 0.599609 0.500000 0.599609 0.499023 0.600586 0.497070 0.600586 0.496094 0.601562 0.495117 0.601562 0.494141 0.602539 0.493164 0.602539 0.493164 0.603516 0.494141 0.604492 0.494141 0.606445 0.495117 0.607422 0.495117 0.610352 0.496094 0.611328 0.496094 0.614258 0.497070 0.615234 0.497070 0.618164 0.498047 0.619141 0.498047 0.622070 0.504883 0.628906 0.504883 0.629883 0.507812 0.632812 0.508789 0.631836 0.510742 0.631836 0.511719 0.630859 0.512695 0.630859 0.513672 0.629883 0.514648 0.629883 0.515625 0.628906 0.516602 0.628906 0.517578 0.627930 0.519531 0.627930 0.520508 0.626953 0.521484 0.626953 0.522461 0.625977 0.523438 0.625977 0.524414 0.625000 0.525391 0.625000 0.526367 0.624023 0.528320 0.624023 0.529297 0.623047 0.528320 0.622070 0.528320 0.620117 0.527344 0.619141 0.527344 0.616211 0.526367 0.615234 0.526367 0.613281 0.525391 0.612305 0.525391 0.609375 0.524414 0.608398 0.524414 0.606445 0.523438 0.605469 0.523438 0.603516 0.519531 0.599609 0.519531 0.598633
1 0.504883 0.589844 0.503906 0.590820 0.503906 0.591797 0.504883 0.592773 0.504883 0.595703 0.506836 0.595703 0.506836 0.592773 0.505859 0.591797 0.505859 0.590820
0 0.735352 0.259766 0.732422 0.262695 0.731445 0.262695 0.728516 0.265625 0.727539 0.265625 0.724609 0.268555 0.723633 0.268555 0.721680 0.270508 0.720703 0.270508 0.718750 0.272461 0.719727 0.272461 0.720703 0.273438 0.721680 0.273438 0.722656 0.274414 0.723633 0.274414 0.724609 0.275391 0.726562 0.275391 0.727539 0.276367 0.728516 0.276367 0.729492 0.277344 0.729492 0.280273 0.728516 0.281250 0.725586 0.281250 0.724609 0.280273 0.723633 0.280273 0.722656 0.279297 0.720703 0.279297 0.719727 0.278320 0.718750 0.278320 0.717773 0.277344 0.716797 0.277344 0.714844 0.275391 0.713867 0.276367 0.713867 0.277344 0.714844 0.278320 0.714844 0.280273 0.715820 0.281250 0.715820 0.283203 0.716797 0.284180 0.716797 0.287109 0.717773 0.288086 0.717773 0.290039 0.718750 0.291016 0.718750 0.292969 0.719727 0.293945 0.719727 0.295898 0.720703 0.296875 0.720703 0.298828 0.721680 0.298828 0.722656 0.299805 0.724609 0.299805 0.725586 0.300781 0.726562 0.300781 0.727539 0.301758 0.728516 0.301758 0.729492 0.302734 0.731445 0.302734 0.732422 0.303711 0.733398 0.303711 0.734375 0.304688 0.735352 0.304688 0.736328 0.305664 0.738281 0.305664 0.740234 0.303711 0.741211 0.303711 0.743164 0.301758 0.744141 0.301758 0.746094 0.299805 0.747070 0.299805 0.749023 0.297852 0.750000 0.297852 0.752930 0.294922 0.753906 0.294922 0.755859 0.292969 0.756836 0.292969 0.758789 0.291016 0.759766 0.291016 0.759766 0.289062 0.758789 0.288086 0.758789 0.286133 0.757812 0.285156 0.757812 0.283203 0.756836 0.282227 0.756836 0.280273 0.755859 0.279297 0.755859 0.277344 0.754883 0.276367 0.754883 0.274414 0.753906 0.273438 0.753906 0.271484 0.752930 0.270508 0.752930 0.269531 0.751953 0.268555 0.751953 0.267578 0.750977 0.267578 0.750000 0.266602 0.749023 0.266602 0.748047 0.265625 0.747070 0.265625 0.746094 0.264648 0.745117 0.264648 0.744141 0.263672 0.742188 0.263672 0.741211 0.262695 0.740234 0.262695 0.739258 0.261719 0.738281 0.261719 0.737305 0.260742 0.736328 0.260742
1 0.715820 0.273438 0.715820 0.275391 0.716797 0.276367 0.717773 0.276367 0.718750 0.277344 0.719727 0.277344 0.720703 0.278320 0.721680 0.277344 0.723633 0.279297 0.724609 0.279297 0.725586 0.280273 0.728516 0.280273 0.728516 0.277344 0.727539 0.277344 0.726562 0.276367 0.724609 0.276367 0.723633 0.275391 0.722656 0.275391 0.721680 0.274414 0.720703 0.274414 0.719727 0.273438 0.718750 0.273438 0.717773 0.272461 0.716797 0.272461
0 0.513672 0.414062 0.511719 0.416016 0.510742 0.416016 0.508789 0.417969 0.507812 0.417969 0.506836 0.418945 0.506836 0.420898 0.510742 0.424805 0.510742 0.425781 0.508789 0.427734 0.507812 0.426758 0.507812 0.425781 0.503906 0.421875 0.501953 0.421875 0.500000 0.423828 0.499023 0.423828 0.498047 0.424805 0.499023 0.425781 0.499023 0.426758 0.500000 0.427734 0.500000 0.428711 0.500977 0.429688 0.500977 0.430664 0.501953 0.431641 0.501953 0.432617 0.502930 0.433594 0.502930 0.434570 0.503906 0.435547 0.503906 0.436523 0.504883 0.437500 0.504883 0.438477 0.509766 0.443359 0.509766 0.444336 0.513672 0.448242 0.514648 0.447266 0.515625 0.447266 0.516602 0.446289 0.517578 0.446289 0.519531 0.444336 0.520508 0.444336 0.522461 0.442383 0.523438 0.442383 0.525391 0.440430 0.526367 0.440430 0.528320 0.438477 0.529297 0.438477 0.530273 0.437500 0.529297 0.436523 0.529297 0.435547 0.528320 0.434570 0.528320 0.433594 0.527344 0.432617 0.527344 0.431641 0.526367 0.430664 0.526367 0.429688 0.525391 0.428711 0.525391 0.427734 0.524414 0.426758 0.524414 0.425781 0.523438 0.424805 0.523438 0.423828 0.518555 0.418945 0.518555 0.417969 0.515625 0.415039 0.514648 0.415039
1 0.502930 0.417969 0.502930 0.418945 0.503906 0.419922 0.503906 0.420898 0.508789 0.425781 0.508789 0.426758 0.509766 0.425781 0.508789 0.424805 0.508789 0.423828 0.505859 0.420898 0.505859 0.419922 0.503906 0.417969
