0 0.400391 0.596680 0.400391 0.597656 0.399414 0.598633 0.399414 0.599609 0.398438 0.600586 0.398438 0.601562 0.397461 0.602539 0.397461 0.603516 0.396484 0.604492 0.396484 0.605469 0.395508 0.606445 0.395508 0.607422 0.394531 0.608398 0.394531 0.609375 0.393555 0.610352 0.393555 0.611328 0.392578 0.612305 0.392578 0.613281 0.391602 0.614258 0.391602 0.615234 0.390625 0.616211 0.390625 0.619141 0.391602 0.620117 0.391602 0.622070 0.392578 0.623047 0.392578 0.625000 0.393555 0.625977 0.393555 0.626953 0.394531 0.627930 0.394531 0.629883 0.396484 0.629883 0.397461 0.630859 0.399414 0.630859 0.400391 0.631836 0.403320 0.631836 0.404297 0.632812 0.406250 0.632812 0.407227 0.633789 0.410156 0.633789 0.411133 0.634766 0.413086 0.634766 0.414062 0.635742 0.416016 0.635742 0.416992 0.636719 0.417969 0.635742 0.417969 0.634766 0.418945 0.633789 0.418945 0.632812 0.419922 0.631836 0.419922 0.630859 0.420898 0.629883 0.420898 0.628906 0.421875 0.627930 0.421875 0.625977 0.422852 0.625000 0.422852 0.624023 0.423828 0.623047 0.421875 0.623047 0.419922 0.621094 0.419922 0.619141 0.420898 0.618164 0.423828 0.618164 0.424805 0.619141 0.425781 0.619141 0.425781 0.618164 0.426758 0.617188 0.426758 0.613281 0.425781 0.612305 0.425781 0.610352 0.424805 0.609375 0.424805 0.607422 0.423828 0.606445 0.423828 0.604492 0.421875 0.602539 0.419922 0.602539 0.418945 0.601562 0.416016 0.601562 0.415039 0.600586 0.412109 0.600586 0.411133 0.599609 0.409180 0.599609 0.408203 0.598633 0.405273 0.598633 0.404297 0.597656 0.402344 0.597656 0.401367 0.596680
1 0.420898 0.619141 0.420898 0.621094 0.421875 0.622070 0.424805 0.622070 0.425781 0.623047 0.427734 0.623047 0.428711 0.624023 0.431641 0.624023 0.432617 0.625000 0.434570 0.625000 0.435547 0.625977 0.435547 0.625000 0.436523 0.624023 0.436523 0.623047 0.434570 0.623047 0.433594 0.622070 0.431641 0.622070 0.430664 0.621094 0.427734 0.621094 0.426758 0.620117 0.424805 0.620117 0.423828 0.619141
0 0.468750 0.333008 0.467773 0.333984 0.467773 0.335938 0.466797 0.336914 0.466797 0.338867 0.465820 0.339844 0.465820 0.342773 0.464844 0.343750 0.464844 0.345703 0.463867 0.346680 0.463867 0.357422 0.464844 0.358398 0.464844 0.366211 0.465820 0.367188 0.465820 0.368164 0.477539 0.368164 0.478516 0.369141 0.489258 0.369141 0.489258 0.367188 0.490234 0.366211 0.490234 0.364258 0.491211 0.363281 0.491211 0.361328 0.492188 0.360352 0.492188 0.358398 0.493164 0.357422 0.493164 0.355469 0.494141 0.354492 0.494141 0.348633 0.493164 0.347656 0.493164 0.341797 0.492188 0.340820 0.492188 0.334961 0.486328 0.334961 0.485352 0.335938 0.485352 0.337891 0.484375 0.338867 0.484375 0.340820 0.483398 0.341797 0.483398 0.343750 0.482422 0.344727 0.481445 0.344727 0.479492 0.342773 0.479492 0.340820 0.480469 0.339844 0.480469 0.337891 0.481445 0.336914 0.481445 0.334961 0.482422 0.333984 0.474609 0.333984 0.473633 0.333008
1 0.485352 0.331055 0.483398 0.331055 0.483398 0.333984 0.482422 0.334961 0.482422 0.336914 0.481445 0.337891 0.481445 0.339844 0.480469 0.340820 0.480469 0.342773 0.481445 0.343750 0.482422 0.343750 0.482422 0.341797 0.483398 0.340820 0.483398 0.338867 0.484375 0.337891 0.484375 0.335938 0.485352 0.334961 0.485352 0.333008 0.486328 0.332031
0 0.531250 0.521484 0.531250 0.523438 0.530273 0.524414 0.530273 0.529297 0.529297 0.530273 0.529297 0.535156 0.528320 0.536133 0.528320 0.540039 0.527344 0.541016 0.527344 0.545898 0.526367 0.546875 0.526367 0.550781 0.525391 0.551758 0.526367 0.551758 0.527344 0.552734 0.531250 0.552734 0.532227 0.553711 0.537109 0.553711 0.538086 0.554688 0.541992 0.554688 0.542969 0.555664 0.547852 0.555664 0.548828 0.556641 0.552734 0.556641 0.553711 0.555664 0.553711 0.554688 0.554688 0.553711 0.554688 0.548828 0.555664 0.547852 0.555664 0.542969 0.556641 0.541992 0.556641 0.537109 0.557617 0.536133 0.557617 0.531250 0.558594 0.530273 0.558594 0.526367 0.557617 0.525391 0.552734 0.525391 0.551758 0.524414 0.547852 0.524414 0.546875 0.523438 0.541992 0.523438 0.541016 0.522461 0.536133 0.522461 0.535156 0.521484
1 0.509766 0.532227 0.509766 0.534180 0.510742 0.535156 0.514648 0.535156 0.515625 0.536133 0.520508 0.536133 0.521484 0.537109 0.525391 0.537109 0.526367 0.538086 0.527344 0.538086 0.527344 0.536133 0.528320 0.535156 0.523438 0.535156 0.522461 0.534180 0.517578 0.534180 0.516602 0.533203 0.512695 0.533203 0.511719 0.532227
0 0.422852 0.627930 0.425781 0.627930 0.426758 0.626953 0.428711 0.626953 0.429688 0.625977 0.432617 0.625977 0.431641 0.625000 0.428711 0.625000 0.427734 0.624023 0.425781 0.624023 0.424805 0.623047 0.423828 0.624023 0.423828 0.625000 0.422852 0.625977
0 0.423828 0.603516 0.424805 0.604492 0.424805 0.606445 0.425781 0.607422 0.425781 0.609375 0.426758 0.610352 0.426758 0.612305 0.427734 0.613281 0.427734 0.617188 0.426758 0.618164 0.426758 0.619141 0.427734 0.620117 0.430664 0.620117 0.431641 0.621094 0.433594 0.621094 0.434570 0.622070 0.436523 0.622070 0.437500 0.623047 0.437500 0.624023 0.439453 0.624023 0.442383 0.621094 0.443359 0.621094 0.445312 0.619141 0.446289 0.619141 0.447266 0.618164 0.447266 0.615234 0.446289 0.614258 0.446289 0.612305 0.445312 0.611328 0.445312 0.610352 0.444336 0.609375 0.444336 0.607422 0.443359 0.606445 0.443359 0.604492 0.442383 0.603516 0.442383 0.601562 0.441406 0.600586 0.441406 0.599609 0.437500 0.599609 0.436523 0.600586 0.433594 0.600586 0.432617 0.601562 0.429688 0.601562 0.428711 0.602539 0.426758 0.602539 0.425781 0.603516
1 0.595703 0.648438 0.595703 0.649414 0.594727 0.650391 0.595703 0.651367 0.596680 0.650391 0.597656 0.650391
1 0.422852 0.591797 0.422852 0.592773 0.423828 0.593750 0.423828 0.595703 0.424805 0.596680 0.424805 0.598633 0.425781 0.599609 0.425781 0.600586 0.426758 0.601562 0.428711 0.601562 0.427734 0.600586 0.427734 0.598633 0.426758 0.597656 0.426758 0.596680 0.425781 0.595703 0.425781 0.593750 0.424805 0.592773 0.424805 0.591797
0 0.605469 0.639648 0.604492 0.640625 0.604492 0.641602 0.603516 0.642578 0.603516 0.643555 0.602539 0.644531 0.602539 0.645508 0.601562 0.646484 0.601562 0.647461 0.600586 0.648438 0.600586 0.651367 0.597656 0.654297 0.597656 0.655273 0.596680 0.656250 0.596680 0.657227 0.595703 0.658203 0.595703 0.659180 0.594727 0.660156 0.594727 0.661133 0.592773 0.663086 0.592773 0.664062 0.593750 0.665039 0.594727 0.665039 0.595703 0.666016 0.596680 0.666016 0.598633 0.667969 0.599609 0.667969 0.600586 0.668945 0.601562 0.668945 0.602539 0.669922 0.603516 0.669922 0.604492 0.670898 0.605469 0.670898 0.606445 0.671875 0.607422 0.671875 0.609375 0.673828 0.610352 0.673828 0.611328 0.674805 0.612305 0.674805 0.613281 0.675781 0.614258 0.675781 0.615234 0.676758 0.616211 0.676758 0.617188 0.677734 0.618164 0.677734 0.619141 0.678711 0.620117 0.677734 0.620117 0.676758 0.621094 0.675781 0.621094 0.674805 0.622070 0.673828 0.622070 0.672852 0.623047 0.671875 0.623047 0.670898 0.624023 0.669922 0.624023 0.668945 0.625000 0.667969 0.625000 0.666992 0.625977 0.666016 0.625977 0.665039 0.626953 0.664062 0.626953 0.663086 0.628906 0.661133 0.628906 0.660156 0.629883 0.659180 0.629883 0.658203 0.630859 0.657227 0.630859 0.656250 0.631836 0.655273 0.631836 0.653320 0.630859 0.652344 0.629883 0.652344 0.628906 0.651367 0.627930 0.651367 0.626953 0.650391 0.625977 0.650391 0.625000 0.649414 0.624023 0.649414 0.623047 0.648438 0.622070 0.648438 0.621094 0.647461 0.620117 0.647461 0.618164 0.645508 0.617188 0.645508 0.616211 0.644531 0.615234 0.644531 0.614258 0.643555 0.613281 0.643555 0.612305 0.642578 0.611328 0.642578 0.610352 0.641602 0.609375 0.641602 0.607422 0.639648
0 0.445312 0.377930 0.443359 0.377930 0.443359 0.379883 0.442383 0.380859 0.443359 0.381836 0.445312 0.379883
0 0.450195 0.375977 0.451172 0.376953 0.450195 0.377930 0.450195 0.378906 0.452148 0.376953 0.451172 0.376953
0 0.442383 0.369141 0.442383 0.370117 0.444336 0.372070 0.445312 0.371094 0.443359 0.369141
0 0.437500 0.368164 0.436523 0.369141 0.437500 0.370117 0.438477 0.369141
1 0.597656 0.649414 0.598633 0.650391 0.597656 0.651367 0.596680 0.651367 0.597656 0.651367 0.598633 0.652344 0.599609 0.651367 0.599609 0.650391 0.598633 0.650391
1 0.583008 0.642578 0.583008 0.644531 0.583984 0.644531 0.584961 0.645508 0.585938 0.645508 0.586914 0.646484 0.587891 0.646484 0.588867 0.647461 0.589844 0.647461 0.590820 0.648438 0.591797 0.648438 0.593750 0.650391 0.594727 0.649414 0.594727 0.648438 0.593750 0.647461 0.592773 0.647461 0.591797 0.646484 0.590820 0.646484 0.588867 0.644531 0.587891 0.644531 0.586914 0.643555 0.585938 0.643555 0.584961 0.642578
1 0.424805 0.387695 0.423828 0.388672 0.422852 0.388672 0.417969 0.393555 0.418945 0.394531 0.417969 0.395508 0.416992 0.395508 0.417969 0.395508 0.418945 0.396484 0.417969 0.395508 0.418945 0.394531 0.420898 0.394531 0.420898 0.392578 0.419922 0.391602 0.421875 0.389648 0.422852 0.389648 0.423828 0.390625 0.424805 0.389648 0.423828 0.388672
0 0.427734 0.358398 0.426758 0.359375 0.426758 0.360352 0.423828 0.363281 0.423828 0.364258 0.419922 0.368164 0.419922 0.369141 0.416992 0.372070 0.416992 0.373047 0.415039 0.375000 0.417969 0.377930 0.418945 0.377930 0.423828 0.382812 0.424805 0.382812 0.425781 0.383789 0.426758 0.383789 0.428711 0.385742 0.428711 0.386719 0.429688 0.386719 0.432617 0.389648 0.433594 0.389648 0.435547 0.391602 0.436523 0.391602 0.438477 0.393555 0.439453 0.393555 0.440430 0.392578 0.440430 0.391602 0.443359 0.388672 0.443359 0.387695 0.447266 0.383789 0.447266 0.382812 0.450195 0.379883 0.449219 0.378906 0.449219 0.377930 0.451172 0.375977 0.448242 0.373047 0.447266 0.373047 0.446289 0.372070 0.445312 0.372070 0.444336 0.373047 0.441406 0.370117 0.441406 0.369141 0.442383 0.368164 0.439453 0.365234 0.438477 0.365234 0.436523 0.363281 0.435547 0.363281 0.433594 0.361328 0.432617 0.361328 0.430664 0.359375 0.429688 0.359375 0.428711 0.358398
1 0.426758 0.384766 0.424805 0.384766 0.424805 0.385742 0.421875 0.388672 0.422852 0.387695 0.423828 0.387695 0.424805 0.388672 0.422852 0.390625 0.421875 0.390625 0.417969 0.394531 0.418945 0.395508 0.417969 0.396484 0.418945 0.395508 0.419922 0.395508 0.418945 0.395508 0.417969 0.394531 0.420898 0.391602 0.421875 0.392578 0.421875 0.393555 0.421875 0.392578 0.422852 0.391602 0.422852 0.390625 0.427734 0.385742
