0 0.207178 0.308320 0.205546 0.309951 0.203915 0.309951 0.200653 0.313214 0.199021 0.313214 0.195759 0.316476 0.194127 0.316476 0.190865 0.319739 0.189233 0.319739 0.185971 0.323002 0.184339 0.323002 0.176183 0.331158 0.176183 0.332790 0.174551 0.334421 0.174551 0.336052 0.171289 0.339315 0.172920 0.340946 0.172920 0.342577 0.179445 0.349103 0.181077 0.347471 0.182708 0.347471 0.184339 0.345840 0.185971 0.345840 0.189233 0.349103 0.185971 0.352365 0.184339 0.352365 0.182708 0.353997 0.187602 0.358891 0.187602 0.360522 0.194127 0.367047 0.195759 0.367047 0.200653 0.362153 0.202284 0.362153 0.205546 0.358891 0.207178 0.358891 0.212072 0.353997 0.213703 0.353997 0.216966 0.350734 0.218597 0.350734 0.223491 0.345840 0.223491 0.344209 0.226754 0.340946 0.226754 0.339315 0.228385 0.337684 0.228385 0.336052 0.226754 0.334421 0.226754 0.332790 0.220228 0.326264 0.220228 0.324633 0.213703 0.318108 0.213703 0.316476 0.207178 0.309951
1 0.187602 0.349103 0.185971 0.347471 0.184339 0.347471 0.182708 0.349103 0.181077 0.349103 0.177814 0.352365 0.176183 0.352365 0.171289 0.357259 0.169657 0.357259 0.166395 0.360522 0.168026 0.362153 0.169657 0.360522 0.171289 0.360522 0.174551 0.357259 0.176183 0.357259 0.179445 0.353997 0.181077 0.353997 0.184339 0.350734 0.185971 0.350734
0 0.487765 0.539967 0.486134 0.541599 0.486134 0.543230 0.484502 0.544861 0.484502 0.546493 0.482871 0.548124 0.482871 0.549755 0.481240 0.551387 0.481240 0.553018 0.479608 0.554649 0.479608 0.556281 0.477977 0.557912 0.477977 0.559543 0.476346 0.561175 0.476346 0.564437 0.474715 0.566069 0.474715 0.567700 0.473083 0.569331 0.473083 0.570962 0.471452 0.572594 0.471452 0.574225 0.469821 0.575856 0.471452 0.575856 0.473083 0.577488 0.474715 0.577488 0.476346 0.579119 0.477977 0.579119 0.479608 0.580750 0.481240 0.580750 0.482871 0.582382 0.486134 0.582382 0.487765 0.584013 0.489396 0.584013 0.491028 0.585644 0.492659 0.585644 0.494290 0.587276 0.495922 0.587276 0.497553 0.588907 0.499184 0.588907 0.500816 0.590538 0.502447 0.590538 0.504078 0.592170 0.507341 0.592170 0.508972 0.593801 0.513866 0.593801 0.515498 0.592170 0.515498 0.590538 0.517129 0.588907 0.517129 0.587276 0.518760 0.585644 0.518760 0.584013 0.520392 0.582382 0.520392 0.579119 0.522023 0.577488 0.522023 0.575856 0.523654 0.574225 0.523654 0.572594 0.525285 0.570962 0.525285 0.569331 0.526917 0.567700 0.526917 0.566069 0.528548 0.564437 0.528548 0.562806 0.530179 0.561175 0.530179 0.557912 0.528548 0.556281 0.525285 0.556281 0.523654 0.554649 0.522023 0.554649 0.520392 0.553018 0.518760 0.553018 0.517129 0.551387 0.515498 0.551387 0.513866 0.549755 0.512235 0.549755 0.510604 0.548124 0.508972 0.548124 0.507341 0.546493 0.505710 0.546493 0.504078 0.544861 0.502447 0.544861 0.500816 0.543230 0.499184 0.543230 0.497553 0.541599 0.494290 0.541599 0.492659 0.539967
1 0.504078 0.566069 0.504078 0.569331 0.507341 0.569331 0.508972 0.570962 0.512235 0.570962 0.512235 0.567700 0.510604 0.567700 0.508972 0.566069
0 0.138662 0.432300 0.128874 0.442088 0.128874 0.443719 0.112561 0.460033 0.112561 0.464927 0.114192 0.466558 0.114192 0.468189 0.117455 0.471452 0.117455 0.473083 0.120718 0.476346 0.120718 0.477977 0.123980 0.481240 0.125612 0.481240 0.130506 0.486134 0.132137 0.486134 0.137031 0.491028 0.138662 0.491028 0.143556 0.495922 0.145188 0.495922 0.150082 0.500816 0.153344 0.500816 0.163132 0.491028 0.163132 0.489396 0.176183 0.476346 0.176183 0.474715 0.179445 0.471452 0.179445 0.469821 0.177814 0.468189 0.177814 0.466558 0.176183 0.464927 0.176183 0.463295 0.172920 0.460033 0.172920 0.458401 0.171289 0.456770 0.171289 0.455139 0.168026 0.451876 0.166395 0.451876 0.161501 0.446982 0.159869 0.446982 0.154976 0.442088 0.153344 0.442088 0.150082 0.438825 0.148450 0.438825 0.143556 0.433931 0.141925 0.433931 0.140294 0.432300
1 0.179445 0.430669 0.176183 0.430669 0.163132 0.443719 0.163132 0.446982 0.164763 0.448613 0.179445 0.433931
0 0.251223 0.458401 0.247961 0.461664 0.247961 0.468189 0.246330 0.469821 0.246330 0.487765 0.244698 0.489396 0.244698 0.491028 0.247961 0.491028 0.249592 0.492659 0.262643 0.492659 0.264274 0.494290 0.275693 0.494290 0.278956 0.491028 0.278956 0.481240 0.277325 0.479608 0.277325 0.477977 0.278956 0.476346 0.280587 0.476346 0.280587 0.463295 0.282219 0.461664 0.277325 0.461664 0.275693 0.460033 0.262643 0.460033 0.261011 0.458401
1 0.278956 0.477977 0.278956 0.479608 0.290375 0.479608 0.292007 0.481240 0.298532 0.481240 0.298532 0.479608 0.295269 0.479608 0.293638 0.477977
0 0.541599 0.541599 0.539967 0.541599 0.536705 0.544861 0.536705 0.546493 0.531811 0.551387 0.531811 0.553018 0.530179 0.554649 0.530179 0.556281 0.531811 0.557912 0.531811 0.559543 0.533442 0.559543 0.535073 0.561175 0.535073 0.562806 0.531811 0.566069 0.530179 0.564437 0.528548 0.566069 0.530179 0.567700 0.528548 0.569331 0.530179 0.570962 0.528548 0.572594 0.533442 0.577488 0.533442 0.582382 0.536705 0.585644 0.536705 0.587276 0.538336 0.588907 0.538336 0.590538 0.538336 0.588907 0.543230 0.584013 0.543230 0.582382 0.541599 0.582382 0.539967 0.580750 0.539967 0.579119 0.541599 0.577488 0.544861 0.577488 0.546493 0.579119 0.553018 0.572594 0.553018 0.570962 0.556281 0.567700 0.554649 0.566069 0.554649 0.564437 0.551387 0.561175 0.551387 0.559543 0.549755 0.557912 0.549755 0.556281 0.548124 0.554649 0.548124 0.553018 0.546493 0.551387 0.546493 0.549755 0.543230 0.546493 0.543230 0.544861 0.541599 0.543230
1 0.535073 0.536705 0.536705 0.538336 0.536705 0.539967 0.538336 0.541599 0.538336 0.539967 0.536705 0.538336 0.536705 0.536705
0 0.530179 0.575856 0.531811 0.577488 0.531811 0.579119 0.531811 0.577488
0 0.528548 0.567700 0.526917 0.569331 0.528548 0.570962 0.526917 0.569331
0 0.533442 0.561175 0.531811 0.561175 0.530179 0.562806 0.531811 0.564437 0.533442 0.562806
0 0.541599 0.539967 0.543230 0.541599 0.543230 0.543230 0.544861 0.544861 0.544861 0.546493 0.548124 0.549755 0.548124 0.551387 0.549755 0.553018 0.549755 0.554649 0.551387 0.556281 0.551387 0.557912 0.553018 0.559543 0.553018 0.561175 0.556281 0.564437 0.556281 0.566069 0.557912 0.567700 0.554649 0.570962 0.554649 0.572594 0.546493 0.580750 0.544861 0.579119 0.541599 0.579119 0.541599 0.580750 0.543230 0.580750 0.544861 0.582382 0.544861 0.584013 0.539967 0.588907 0.539967 0.590538 0.546493 0.590538 0.548124 0.588907 0.564437 0.588907 0.572594 0.580750 0.572594 0.579119 0.580750 0.570962 0.580750 0.569331 0.582382 0.567700 0.582382 0.566069 0.580750 0.564437 0.580750 0.562806 0.579119 0.561175 0.579119 0.559543 0.577488 0.557912 0.577488 0.556281 0.574225 0.553018 0.574225 0.551387 0.572594 0.549755 0.572594 0.548124 0.570962 0.546493 0.570962 0.544861 0.567700 0.541599 0.567700 0.539967
