0 0.628906 0.460938 0.625977 0.460938 0.625000 0.461914 0.624023 0.461914 0.623047 0.462891 0.622070 0.462891 0.621094 0.463867 0.620117 0.463867 0.619141 0.464844 0.617188 0.464844 0.616211 0.465820 0.615234 0.465820 0.614258 0.466797 0.613281 0.466797 0.612305 0.467773 0.610352 0.467773 0.609375 0.468750 0.608398 0.468750 0.608398 0.470703 0.609375 0.471680 0.609375 0.475586 0.610352 0.476562 0.610352 0.479492 0.611328 0.480469 0.611328 0.484375 0.612305 0.485352 0.612305 0.486328 0.614258 0.488281 0.614258 0.489258 0.619141 0.494141 0.619141 0.495117 0.622070 0.498047 0.623047 0.498047 0.624023 0.497070 0.625000 0.497070 0.625977 0.496094 0.626953 0.496094 0.627930 0.495117 0.628906 0.495117 0.629883 0.494141 0.630859 0.494141 0.631836 0.493164 0.633789 0.493164 0.634766 0.492188 0.635742 0.492188 0.636719 0.491211 0.637695 0.491211 0.638672 0.490234 0.639648 0.490234 0.640625 0.489258 0.642578 0.489258 0.641602 0.488281 0.641602 0.484375 0.640625 0.483398 0.640625 0.479492 0.639648 0.478516 0.639648 0.473633 0.638672 0.472656 0.638672 0.471680 0.636719 0.469727 0.636719 0.468750
0 0.389648 0.456055 0.375977 0.456055 0.374023 0.458008 0.374023 0.458984 0.375000 0.459961 0.375000 0.460938 0.373047 0.462891 0.372070 0.462891 0.370117 0.460938 0.370117 0.459961 0.369141 0.460938 0.368164 0.460938 0.366211 0.462891 0.365234 0.462891 0.363281 0.464844 0.362305 0.464844 0.360352 0.466797 0.359375 0.466797 0.357422 0.468750 0.358398 0.469727 0.358398 0.470703 0.359375 0.471680 0.359375 0.472656 0.360352 0.473633 0.360352 0.474609 0.361328 0.475586 0.361328 0.476562 0.362305 0.477539 0.362305 0.478516 0.363281 0.479492 0.363281 0.480469 0.364258 0.481445 0.364258 0.482422 0.366211 0.484375 0.366211 0.485352 0.367188 0.486328 0.367188 0.487305 0.368164 0.488281 0.368164 0.489258 0.369141 0.490234 0.373047 0.490234 0.374023 0.491211 0.381836 0.491211 0.383789 0.489258 0.384766 0.489258 0.386719 0.487305 0.387695 0.487305 0.389648 0.485352 0.390625 0.485352 0.392578 0.483398 0.393555 0.483398 0.395508 0.481445 0.396484 0.481445 0.398438 0.479492 0.399414 0.479492 0.400391 0.478516 0.400391 0.476562 0.399414 0.475586 0.399414 0.474609 0.398438 0.473633 0.398438 0.472656 0.397461 0.471680 0.397461 0.470703 0.396484 0.469727 0.396484 0.468750 0.395508 0.467773 0.395508 0.466797 0.394531 0.465820 0.394531 0.464844 0.393555 0.463867 0.393555 0.462891 0.392578 0.461914 0.392578 0.460938 0.391602 0.459961 0.391602 0.458984 0.390625 0.458008 0.390625 0.457031
1 0.365234 0.446289 0.364258 0.447266 0.365234 0.448242 0.365234 0.449219 0.366211 0.450195 0.366211 0.451172 0.367188 0.452148 0.367188 0.453125 0.368164 0.454102 0.368164 0.455078 0.369141 0.456055 0.369141 0.457031 0.370117 0.458008 0.370117 0.458984 0.371094 0.459961 0.371094 0.460938 0.372070 0.461914 0.373047 0.461914 0.374023 0.460938 0.374023 0.459961 0.373047 0.458984 0.373047 0.458008 0.372070 0.457031 0.372070 0.456055 0.371094 0.455078 0.371094 0.454102 0.370117 0.453125 0.370117 0.452148 0.369141 0.451172 0.369141 0.450195 0.368164 0.449219 0.368164 0.448242 0.367188 0.447266 0.367188 0.446289
0 0.499023 0.360352 0.499023 0.361328 0.498047 0.362305 0.498047 0.381836 0.499023 0.381836 0.500000 0.382812 0.500977 0.382812 0.501953 0.383789 0.502930 0.383789 0.503906 0.384766 0.504883 0.384766 0.505859 0.385742 0.520508 0.385742 0.521484 0.384766 0.527344 0.384766 0.527344 0.371094 0.528320 0.370117 0.528320 0.363281 0.527344 0.362305 0.525391 0.362305 0.524414 0.361328 0.522461 0.361328 0.521484 0.360352 0.520508 0.360352 0.519531 0.359375 0.503906 0.359375 0.502930 0.360352
1 0.517578 0.374023 0.517578 0.375977 0.519531 0.375977 0.520508 0.376953 0.521484 0.376953 0.522461 0.377930 0.525391 0.377930 0.525391 0.376953 0.524414 0.376953 0.522461 0.375000 0.521484 0.375000 0.520508 0.374023 0.519531 0.375000 0.518555 0.374023
0 0.603516 0.631836 0.601562 0.631836 0.600586 0.632812 0.597656 0.632812 0.596680 0.633789 0.593750 0.633789 0.592773 0.634766 0.589844 0.634766 0.588867 0.635742 0.586914 0.635742 0.577148 0.645508 0.577148 0.646484 0.578125 0.647461 0.578125 0.648438 0.579102 0.649414 0.579102 0.650391 0.580078 0.651367 0.580078 0.652344 0.581055 0.653320 0.581055 0.654297 0.582031 0.655273 0.582031 0.656250 0.583008 0.657227 0.583008 0.658203 0.583008 0.657227 0.588867 0.651367 0.589844 0.651367 0.591797 0.653320 0.591797 0.654297 0.584961 0.661133 0.584961 0.662109 0.585938 0.663086 0.585938 0.664062 0.587891 0.664062 0.588867 0.663086 0.592773 0.663086 0.593750 0.662109 0.596680 0.662109 0.597656 0.661133 0.600586 0.661133 0.601562 0.660156 0.603516 0.660156 0.607422 0.656250 0.607422 0.655273 0.612305 0.650391 0.612305 0.649414 0.611328 0.648438 0.611328 0.647461 0.610352 0.646484 0.610352 0.645508 0.609375 0.644531 0.609375 0.643555 0.608398 0.642578 0.608398 0.641602 0.607422 0.640625 0.607422 0.639648 0.606445 0.638672 0.606445 0.637695 0.605469 0.636719 0.605469 0.635742 0.604492 0.634766 0.604492 0.633789 0.603516 0.632812
0 0.540039 0.368164 0.538086 0.368164 0.537109 0.369141 0.537109 0.373047 0.536133 0.374023 0.536133 0.375000 0.537109 0.374023 0.537109 0.372070 0.538086 0.371094 0.539062 0.372070 0.539062 0.373047 0.539062 0.372070 0.540039 0.371094
0 0.538086 0.357422 0.539062 0.358398 0.538086 0.359375 0.538086 0.360352 0.537109 0.361328 0.538086 0.362305 0.539062 0.362305 0.540039 0.363281 0.541016 0.363281 0.541016 0.359375 0.540039 0.359375
1 0.589844 0.652344 0.588867 0.652344 0.583984 0.657227 0.583984 0.658203 0.583008 0.659180 0.583008 0.661133 0.583984 0.660156 0.584961 0.660156 0.590820 0.654297 0.590820 0.653320
1 0.549805 0.371094 0.549805 0.372070 0.551758 0.374023 0.551758 0.375000 0.551758 0.373047
0 0.408203 0.607422 0.408203 0.610352 0.407227 0.611328 0.408203 0.610352
0 0.538086 0.356445 0.539062 0.357422 0.538086 0.358398 0.539062 0.359375 0.540039 0.358398 0.541016 0.358398 0.541992 0.359375 0.541992 0.363281 0.541016 0.364258 0.540039 0.364258 0.539062 0.363281 0.538086 0.363281 0.537109 0.362305 0.537109 0.368164 0.536133 0.369141 0.536133 0.373047 0.536133 0.369141 0.538086 0.367188 0.540039 0.367188 0.541016 0.368164 0.541016 0.371094 0.540039 0.372070 0.540039 0.373047 0.539062 0.374023 0.538086 0.373047 0.538086 0.372070 0.538086 0.374023 0.536133 0.375977 0.537109 0.376953 0.537109 0.377930 0.539062 0.379883 0.545898 0.379883 0.546875 0.380859 0.557617 0.380859 0.558594 0.381836 0.558594 0.376953 0.559570 0.375977 0.559570 0.370117 0.560547 0.369141 0.560547 0.363281 0.561523 0.362305 0.556641 0.357422 0.546875 0.357422 0.545898 0.356445
1 0.423828 0.607422 0.423828 0.609375 0.425781 0.609375 0.425781 0.607422
1 0.411133 0.605469 0.412109 0.606445 0.414062 0.606445 0.415039 0.607422 0.415039 0.606445 0.416016 0.605469 0.413086 0.605469 0.412109 0.606445
1 0.549805 0.370117 0.552734 0.373047 0.552734 0.375000 0.553711 0.375000 0.553711 0.373047 0.550781 0.370117
0 0.386719 0.583008 0.386719 0.583984 0.385742 0.584961 0.385742 0.587891 0.384766 0.588867 0.384766 0.591797 0.383789 0.592773 0.383789 0.595703 0.382812 0.596680 0.382812 0.599609 0.381836 0.600586 0.381836 0.603516 0.380859 0.604492 0.380859 0.608398 0.379883 0.609375 0.379883 0.617188 0.380859 0.618164 0.384766 0.618164 0.385742 0.619141 0.389648 0.619141 0.390625 0.620117 0.394531 0.620117 0.395508 0.621094 0.399414 0.621094 0.400391 0.622070 0.404297 0.622070 0.405273 0.623047 0.405273 0.620117 0.406250 0.619141 0.406250 0.616211 0.407227 0.615234 0.407227 0.612305 0.406250 0.611328 0.407227 0.610352 0.407227 0.607422 0.408203 0.606445 0.408203 0.605469 0.409180 0.604492 0.409180 0.603516 0.410156 0.602539 0.410156 0.598633 0.411133 0.597656 0.411133 0.591797 0.412109 0.590820 0.412109 0.588867 0.411133 0.587891 0.407227 0.587891 0.406250 0.586914 0.403320 0.586914 0.402344 0.585938 0.398438 0.585938 0.397461 0.584961 0.393555 0.584961 0.392578 0.583984 0.388672 0.583984 0.387695 0.583008
1 0.409180 0.605469 0.409180 0.607422 0.413086 0.607422 0.414062 0.608398 0.416992 0.608398 0.417969 0.609375 0.421875 0.609375 0.422852 0.610352 0.425781 0.610352 0.423828 0.610352 0.422852 0.609375 0.422852 0.607422 0.421875 0.607422 0.420898 0.606445 0.416016 0.606445 0.416016 0.607422 0.415039 0.608398 0.414062 0.607422 0.412109 0.607422 0.411133 0.606445 0.412109 0.605469 0.411133 0.604492 0.410156 0.604492
