0 0.459961 0.588867 0.457031 0.588867 0.456055 0.589844 0.453125 0.589844 0.452148 0.590820 0.449219 0.590820 0.448242 0.591797 0.445312 0.591797 0.444336 0.592773 0.441406 0.592773 0.440430 0.593750 0.440430 0.598633 0.439453 0.599609 0.439453 0.609375 0.440430 0.610352 0.440430 0.611328 0.441406 0.612305 0.441406 0.613281 0.443359 0.615234 0.443359 0.616211 0.444336 0.617188 0.444336 0.618164 0.445312 0.619141 0.445312 0.620117 0.446289 0.621094 0.446289 0.622070 0.450195 0.622070 0.451172 0.621094 0.451172 0.614258 0.453125 0.612305 0.454102 0.612305 0.455078 0.613281 0.455078 0.620117 0.458008 0.620117 0.458984 0.619141 0.462891 0.619141 0.463867 0.618164 0.466797 0.618164 0.466797 0.601562 0.465820 0.600586 0.465820 0.599609 0.464844 0.598633 0.464844 0.597656 0.463867 0.596680 0.463867 0.595703 0.462891 0.594727 0.462891 0.593750 0.461914 0.592773 0.461914 0.591797 0.460938 0.590820 0.460938 0.589844
1 0.454102 0.613281 0.453125 0.613281 0.452148 0.614258 0.452148 0.625000 0.454102 0.625000
0 0.584961 0.583008 0.583008 0.583008 0.582031 0.583984 0.581055 0.583984 0.580078 0.584961 0.579102 0.584961 0.578125 0.585938 0.577148 0.585938 0.575195 0.587891 0.574219 0.587891 0.573242 0.588867 0.572266 0.588867 0.571289 0.589844 0.570312 0.589844 0.569336 0.590820 0.568359 0.590820 0.566406 0.592773 0.565430 0.592773 0.564453 0.593750 0.563477 0.593750 0.563477 0.596680 0.562500 0.597656 0.562500 0.603516 0.561523 0.604492 0.561523 0.608398 0.562500 0.609375 0.562500 0.610352 0.566406 0.614258 0.566406 0.615234 0.571289 0.620117 0.571289 0.621094 0.575195 0.625000 0.575195 0.625977 0.576172 0.626953 0.577148 0.626953 0.578125 0.625977 0.579102 0.625977 0.580078 0.625000 0.581055 0.625000 0.583008 0.623047 0.583984 0.623047 0.584961 0.622070 0.585938 0.622070 0.586914 0.621094 0.587891 0.621094 0.588867 0.620117 0.589844 0.620117 0.590820 0.619141 0.591797 0.619141 0.592773 0.618164 0.593750 0.618164 0.594727 0.617188 0.595703 0.617188 0.598633 0.614258 0.598633 0.602539 0.599609 0.601562 0.598633 0.600586 0.598633 0.599609 0.594727 0.595703 0.594727 0.594727 0.590820 0.590820 0.590820 0.589844 0.586914 0.585938 0.586914 0.584961
1 0.580078 0.611328 0.579102 0.611328 0.578125 0.612305 0.578125 0.616211 0.577148 0.617188 0.577148 0.622070 0.578125 0.623047 0.579102 0.623047 0.580078 0.622070 0.580078 0.617188 0.581055 0.616211 0.581055 0.612305
0 0.400391 0.506836 0.398438 0.506836 0.397461 0.507812 0.396484 0.507812 0.394531 0.509766 0.393555 0.509766 0.391602 0.511719 0.390625 0.511719 0.389648 0.512695 0.388672 0.512695 0.386719 0.514648 0.385742 0.514648 0.384766 0.515625 0.383789 0.515625 0.380859 0.518555 0.380859 0.519531 0.377930 0.522461 0.377930 0.523438 0.374023 0.527344 0.374023 0.528320 0.371094 0.531250 0.371094 0.533203 0.380859 0.542969 0.380859 0.543945 0.388672 0.551758 0.389648 0.551758 0.391602 0.549805 0.392578 0.549805 0.394531 0.547852 0.395508 0.547852 0.397461 0.545898 0.398438 0.545898 0.400391 0.543945 0.401367 0.543945 0.403320 0.541992 0.404297 0.541992 0.408203 0.538086 0.408203 0.537109 0.412109 0.533203 0.412109 0.532227 0.416016 0.528320 0.416016 0.527344 0.416992 0.526367 0.416992 0.525391 0.410156 0.518555 0.410156 0.517578 0.400391 0.507812
0 0.433594 0.533203 0.430664 0.533203 0.429688 0.534180 0.427734 0.534180 0.426758 0.535156 0.423828 0.535156 0.422852 0.536133 0.420898 0.536133 0.419922 0.537109 0.416992 0.537109 0.416016 0.538086 0.414062 0.538086 0.414062 0.539062 0.412109 0.541016 0.412109 0.541992 0.411133 0.542969 0.411133 0.543945 0.412109 0.544922 0.412109 0.546875 0.413086 0.547852 0.413086 0.549805 0.414062 0.550781 0.414062 0.552734 0.415039 0.553711 0.415039 0.555664 0.416016 0.556641 0.416016 0.558594 0.416992 0.559570 0.416992 0.561523 0.418945 0.561523 0.419922 0.560547 0.422852 0.560547 0.423828 0.559570 0.425781 0.559570 0.426758 0.558594 0.429688 0.558594 0.430664 0.557617 0.432617 0.557617 0.433594 0.556641 0.435547 0.556641 0.440430 0.551758 0.439453 0.550781 0.439453 0.549805 0.438477 0.548828 0.438477 0.546875 0.437500 0.545898 0.437500 0.543945 0.436523 0.542969 0.436523 0.541016 0.435547 0.540039 0.435547 0.538086 0.434570 0.537109 0.434570 0.535156 0.433594 0.534180
1 0.430664 0.540039 0.429688 0.541016 0.428711 0.541016 0.427734 0.541992 0.427734 0.542969 0.426758 0.543945 0.426758 0.545898 0.427734 0.544922 0.428711 0.544922 0.429688 0.543945 0.429688 0.542969 0.430664 0.541992
0 0.370117 0.402344 0.369141 0.403320 0.369141 0.404297 0.366211 0.407227 0.366211 0.408203 0.363281 0.411133 0.363281 0.412109 0.361328 0.414062 0.361328 0.415039 0.358398 0.417969 0.358398 0.418945 0.357422 0.419922 0.357422 0.422852 0.356445 0.423828 0.356445 0.428711 0.355469 0.429688 0.355469 0.431641 0.356445 0.431641 0.358398 0.433594 0.359375 0.433594 0.360352 0.434570 0.361328 0.434570 0.362305 0.435547 0.363281 0.435547 0.365234 0.437500 0.366211 0.437500 0.367188 0.438477 0.368164 0.438477 0.370117 0.440430 0.371094 0.440430 0.372070 0.441406 0.373047 0.441406 0.375000 0.443359 0.375977 0.443359 0.378906 0.440430 0.378906 0.439453 0.380859 0.437500 0.380859 0.436523 0.383789 0.433594 0.383789 0.432617 0.385742 0.430664 0.385742 0.429688 0.388672 0.426758 0.388672 0.423828 0.389648 0.422852 0.389648 0.419922 0.390625 0.418945 0.390625 0.414062 0.389648 0.413086 0.388672 0.413086 0.387695 0.412109 0.386719 0.412109 0.384766 0.410156 0.383789 0.410156 0.382812 0.409180 0.381836 0.409180 0.380859 0.408203 0.379883 0.408203 0.377930 0.406250 0.376953 0.406250 0.375977 0.405273 0.375000 0.405273 0.373047 0.403320 0.372070 0.403320 0.371094 0.402344
1 0.666016 0.447266 0.666992 0.446289 0.667969 0.447266 0.667969 0.448242 0.668945 0.448242 0.668945 0.446289 0.667969 0.447266 0.666992 0.446289
1 0.669922 0.441406 0.667969 0.443359 0.668945 0.442383 0.669922 0.442383
1 0.348633 0.408203 0.349609 0.409180 0.349609 0.410156 0.351562 0.412109 0.352539 0.412109 0.353516 0.413086 0.354492 0.413086 0.356445 0.415039 0.357422 0.415039 0.358398 0.416016 0.359375 0.416016 0.360352 0.415039 0.360352 0.414062 0.359375 0.413086 0.358398 0.413086 0.357422 0.412109 0.356445 0.412109 0.354492 0.410156 0.353516 0.410156 0.352539 0.409180 0.351562 0.409180 0.350586 0.408203
0 0.687500 0.406250 0.683594 0.406250 0.682617 0.407227 0.673828 0.407227 0.672852 0.408203 0.668945 0.408203 0.668945 0.409180 0.667969 0.410156 0.667969 0.411133 0.666016 0.413086 0.666016 0.414062 0.665039 0.415039 0.665039 0.416016 0.664062 0.416992 0.664062 0.417969 0.663086 0.418945 0.663086 0.419922 0.661133 0.421875 0.661133 0.422852 0.660156 0.423828 0.660156 0.424805 0.659180 0.425781 0.659180 0.426758 0.658203 0.427734 0.668945 0.438477 0.669922 0.438477 0.669922 0.437500 0.671875 0.435547 0.671875 0.434570 0.672852 0.433594 0.674805 0.433594 0.676758 0.435547 0.675781 0.436523 0.675781 0.437500 0.674805 0.438477 0.674805 0.439453 0.673828 0.440430 0.673828 0.441406 0.672852 0.442383 0.687500 0.442383 0.688477 0.441406 0.691406 0.441406 0.691406 0.440430 0.692383 0.439453 0.692383 0.438477 0.693359 0.437500 0.693359 0.436523 0.694336 0.435547 0.694336 0.434570 0.696289 0.432617 0.696289 0.431641 0.697266 0.430664 0.697266 0.429688 0.698242 0.428711 0.698242 0.427734 0.699219 0.426758 0.699219 0.425781 0.700195 0.424805 0.700195 0.423828 0.701172 0.422852 0.701172 0.421875 0.699219 0.419922 0.699219 0.418945 0.690430 0.410156 0.690430 0.409180
1 0.674805 0.434570 0.672852 0.434570 0.672852 0.435547 0.670898 0.437500 0.670898 0.438477 0.669922 0.439453 0.669922 0.440430 0.668945 0.441406 0.669922 0.440430 0.670898 0.441406 0.670898 0.442383 0.669922 0.443359 0.668945 0.443359 0.666992 0.445312 0.667969 0.446289 0.666016 0.448242 0.666992 0.448242 0.666992 0.447266 0.668945 0.445312 0.669922 0.446289 0.669922 0.445312 0.670898 0.444336 0.670898 0.443359 0.672852 0.441406 0.672852 0.440430 0.673828 0.439453 0.673828 0.437500 0.675781 0.435547
