0 0.547852 0.634766 0.545898 0.636719 0.545898 0.637695 0.544922 0.638672 0.544922 0.639648 0.543945 0.640625 0.543945 0.641602 0.541992 0.643555 0.541992 0.644531 0.541016 0.645508 0.541016 0.646484 0.539062 0.648438 0.539062 0.649414 0.538086 0.650391 0.538086 0.651367 0.536133 0.653320 0.536133 0.654297 0.535156 0.655273 0.535156 0.656250 0.534180 0.657227 0.534180 0.658203 0.532227 0.660156 0.532227 0.661133 0.531250 0.662109 0.531250 0.663086 0.530273 0.664062 0.531250 0.664062 0.532227 0.665039 0.533203 0.665039 0.535156 0.666992 0.536133 0.666992 0.537109 0.667969 0.538086 0.667969 0.540039 0.669922 0.541016 0.669922 0.542969 0.671875 0.543945 0.671875 0.544922 0.672852 0.545898 0.672852 0.547852 0.674805 0.548828 0.674805 0.549805 0.675781 0.551758 0.675781 0.551758 0.674805 0.553711 0.672852 0.553711 0.671875 0.555664 0.669922 0.555664 0.668945 0.556641 0.667969 0.556641 0.666992 0.558594 0.665039 0.558594 0.664062 0.559570 0.663086 0.559570 0.662109 0.561523 0.660156 0.561523 0.659180 0.562500 0.658203 0.562500 0.657227 0.563477 0.656250 0.563477 0.655273 0.564453 0.654297 0.564453 0.653320 0.566406 0.651367 0.566406 0.650391 0.567383 0.649414 0.567383 0.648438 0.568359 0.647461 0.568359 0.646484 0.567383 0.646484 0.566406 0.645508 0.565430 0.645508 0.563477 0.643555 0.562500 0.643555 0.561523 0.642578 0.560547 0.642578 0.558594 0.640625 0.557617 0.640625 0.555664 0.638672 0.554688 0.638672 0.553711 0.637695 0.552734 0.637695 0.550781 0.635742 0.549805 0.635742 0.548828 0.634766
1 0.560547 0.634766 0.558594 0.636719 0.558594 0.637695 0.557617 0.638672 0.557617 0.639648 0.559570 0.639648 0.559570 0.638672 0.560547 0.637695 0.560547 0.636719 0.561523 0.635742
0 0.497070 0.422852 0.495117 0.424805 0.494141 0.424805 0.491211 0.427734 0.490234 0.427734 0.483398 0.434570 0.483398 0.435547 0.475586 0.443359 0.475586 0.444336 0.474609 0.445312 0.484375 0.455078 0.485352 0.455078 0.491211 0.460938 0.493164 0.458984 0.494141 0.458984 0.496094 0.457031 0.497070 0.457031 0.499023 0.455078 0.500000 0.455078 0.501953 0.453125 0.501953 0.452148 0.507812 0.446289 0.507812 0.445312 0.513672 0.439453
1 0.510742 0.424805 0.509766 0.423828 0.508789 0.423828 0.504883 0.427734 0.504883 0.429688 0.505859 0.429688
0 0.647461 0.420898 0.646484 0.421875 0.645508 0.421875 0.643555 0.423828 0.642578 0.423828 0.641602 0.424805 0.640625 0.424805 0.639648 0.425781 0.638672 0.425781 0.636719 0.427734 0.635742 0.427734 0.634766 0.428711 0.633789 0.428711 0.632812 0.429688 0.631836 0.429688 0.629883 0.431641 0.628906 0.431641 0.627930 0.432617 0.626953 0.432617 0.625977 0.433594 0.625977 0.435547 0.626953 0.436523 0.626953 0.437500 0.627930 0.438477 0.627930 0.439453 0.628906 0.440430 0.628906 0.442383 0.629883 0.443359 0.629883 0.444336 0.630859 0.445312 0.630859 0.447266 0.631836 0.448242 0.631836 0.449219 0.632812 0.450195 0.632812 0.451172 0.633789 0.452148 0.633789 0.454102 0.634766 0.455078 0.634766 0.456055 0.635742 0.457031 0.636719 0.457031 0.637695 0.458008 0.641602 0.458008 0.642578 0.458984 0.645508 0.458984 0.646484 0.459961 0.649414 0.459961 0.650391 0.458984 0.651367 0.458984 0.653320 0.457031 0.654297 0.457031 0.655273 0.456055 0.656250 0.456055 0.658203 0.454102 0.659180 0.454102 0.660156 0.453125 0.661133 0.453125 0.663086 0.451172 0.664062 0.451172 0.665039 0.450195 0.666016 0.450195 0.666992 0.449219 0.667969 0.449219 0.669922 0.447266 0.669922 0.445312 0.668945 0.444336 0.668945 0.443359 0.667969 0.442383 0.667969 0.440430 0.666992 0.439453 0.666992 0.438477 0.666016 0.437500 0.666016 0.435547 0.665039 0.434570 0.665039 0.433594 0.664062 0.432617 0.664062 0.430664 0.663086 0.429688 0.663086 0.428711 0.662109 0.427734 0.662109 0.425781 0.661133 0.424805 0.661133 0.423828 0.660156 0.423828 0.659180 0.422852 0.654297 0.422852 0.653320 0.421875 0.648438 0.421875
1 0.655273 0.457031 0.654297 0.458008 0.653320 0.458008 0.654297 0.458984 0.654297 0.460938 0.655273 0.461914 0.655273 0.462891 0.656250 0.463867 0.656250 0.465820 0.657227 0.466797 0.657227 0.467773 0.658203 0.468750 0.659180 0.468750 0.660156 0.467773 0.660156 0.465820 0.659180 0.464844 0.659180 0.463867 0.658203 0.462891 0.658203 0.461914 0.657227 0.460938 0.657227 0.458984 0.656250 0.458008 0.656250 0.457031
0 0.538086 0.692383 0.538086 0.727539 0.559570 0.727539 0.560547 0.728516 0.564453 0.728516 0.564453 0.693359 0.553711 0.693359 0.553711 0.695312 0.552734 0.696289 0.552734 0.697266 0.551758 0.698242 0.550781 0.698242 0.549805 0.697266 0.549805 0.693359 0.542969 0.693359 0.541992 0.692383
1 0.552734 0.679688 0.550781 0.679688 0.550781 0.697266 0.551758 0.697266 0.551758 0.696289 0.552734 0.695312
1 0.648438 0.535156 0.649414 0.536133 0.648438 0.537109 0.650391 0.537109 0.651367 0.538086 0.653320 0.538086 0.652344 0.537109 0.653320 0.536133 0.652344 0.536133 0.651367 0.535156
1 0.638672 0.532227 0.638672 0.534180 0.639648 0.533203 0.640625 0.534180 0.641602 0.533203 0.640625 0.532227
0 0.604492 0.513672 0.604492 0.543945 0.605469 0.543945 0.606445 0.544922 0.609375 0.544922 0.610352 0.545898 0.612305 0.545898 0.613281 0.546875 0.615234 0.546875 0.616211 0.547852 0.618164 0.547852 0.619141 0.548828 0.622070 0.548828 0.623047 0.549805 0.625000 0.549805 0.625977 0.550781 0.628906 0.550781 0.629883 0.549805 0.632812 0.549805 0.633789 0.548828 0.635742 0.548828 0.636719 0.547852 0.639648 0.547852 0.640625 0.546875 0.643555 0.546875 0.644531 0.545898 0.646484 0.545898 0.647461 0.544922 0.649414 0.544922 0.649414 0.538086 0.647461 0.538086 0.646484 0.537109 0.644531 0.537109 0.643555 0.536133 0.640625 0.536133 0.639648 0.535156 0.638672 0.535156 0.637695 0.534180 0.637695 0.531250 0.638672 0.530273 0.641602 0.530273 0.642578 0.531250 0.645508 0.531250 0.646484 0.532227 0.648438 0.532227 0.649414 0.533203 0.649414 0.528320 0.650391 0.527344 0.650391 0.514648 0.649414 0.513672 0.646484 0.513672 0.645508 0.512695 0.642578 0.512695 0.641602 0.511719 0.638672 0.511719 0.637695 0.510742 0.634766 0.510742 0.633789 0.509766 0.630859 0.509766 0.629883 0.508789 0.625000 0.508789 0.624023 0.509766 0.620117 0.509766 0.619141 0.510742 0.616211 0.510742 0.615234 0.511719 0.612305 0.511719 0.611328 0.512695 0.607422 0.512695 0.606445 0.513672
1 0.638672 0.531250 0.640625 0.531250 0.641602 0.532227 0.639648 0.534180 0.640625 0.535156 0.643555 0.535156 0.644531 0.536133 0.646484 0.536133 0.647461 0.537109 0.648438 0.536133 0.647461 0.535156 0.648438 0.534180 0.651367 0.534180 0.652344 0.535156 0.653320 0.535156 0.654297 0.536133 0.653320 0.537109 0.654297 0.538086 0.656250 0.538086 0.656250 0.535156 0.655273 0.536133 0.654297 0.535156 0.653320 0.535156 0.652344 0.534180 0.649414 0.534180 0.648438 0.533203 0.646484 0.533203 0.645508 0.532227 0.642578 0.532227 0.641602 0.531250
1 0.346680 0.400391 0.347656 0.400391 0.348633 0.401367 0.347656 0.402344 0.346680 0.402344 0.351562 0.402344 0.350586 0.402344 0.348633 0.400391
0 0.313477 0.379883 0.311523 0.381836 0.311523 0.382812 0.302734 0.391602 0.302734 0.394531 0.303711 0.395508 0.303711 0.401367 0.304688 0.402344 0.304688 0.409180 0.305664 0.410156 0.305664 0.416016 0.308594 0.416016 0.309570 0.416992 0.320312 0.416992 0.321289 0.417969 0.331055 0.417969 0.333984 0.415039 0.334961 0.415039 0.342773 0.407227 0.341797 0.406250 0.341797 0.400391 0.340820 0.399414 0.340820 0.394531 0.339844 0.393555 0.339844 0.387695 0.338867 0.386719 0.338867 0.382812 0.333984 0.382812 0.333008 0.381836 0.325195 0.381836 0.324219 0.380859 0.317383 0.380859 0.316406 0.379883
1 0.342773 0.400391 0.342773 0.403320 0.351562 0.403320 0.346680 0.403320 0.345703 0.402344 0.346680 0.401367 0.347656 0.401367 0.346680 0.401367 0.345703 0.400391
