0 0.372070 0.349609 0.369141 0.352539 0.368164 0.352539 0.365234 0.355469 0.364258 0.355469 0.361328 0.358398 0.361328 0.363281 0.360352 0.364258 0.360352 0.372070 0.359375 0.373047 0.359375 0.380859 0.360352 0.381836 0.362305 0.381836 0.363281 0.382812 0.365234 0.382812 0.366211 0.383789 0.368164 0.383789 0.369141 0.384766 0.371094 0.384766 0.372070 0.385742 0.374023 0.385742 0.375000 0.386719 0.376953 0.386719 0.377930 0.387695 0.379883 0.387695 0.380859 0.388672 0.381836 0.388672 0.385742 0.384766 0.386719 0.384766 0.391602 0.379883 0.392578 0.379883 0.392578 0.375977 0.390625 0.375977 0.389648 0.375000 0.388672 0.375000 0.387695 0.374023 0.387695 0.372070 0.388672 0.371094 0.391602 0.371094 0.392578 0.372070 0.393555 0.372070 0.393555 0.366211 0.394531 0.365234 0.394531 0.359375 0.395508 0.358398 0.395508 0.357422 0.394531 0.356445 0.392578 0.356445 0.391602 0.355469 0.389648 0.355469 0.388672 0.354492 0.385742 0.354492 0.384766 0.353516 0.382812 0.353516 0.381836 0.352539 0.379883 0.352539 0.378906 0.351562 0.376953 0.351562 0.375977 0.350586 0.374023 0.350586 0.373047 0.349609
1 0.388672 0.372070 0.388672 0.374023 0.389648 0.374023 0.390625 0.375000 0.392578 0.375000 0.393555 0.375977 0.395508 0.375977 0.396484 0.376953 0.398438 0.376953 0.399414 0.377930 0.401367 0.377930 0.402344 0.378906 0.404297 0.378906 0.404297 0.376953 0.403320 0.375977 0.401367 0.375977 0.400391 0.375000 0.398438 0.375000 0.397461 0.374023 0.395508 0.374023 0.394531 0.373047 0.392578 0.373047 0.391602 0.372070
0 0.378906 0.397461 0.377930 0.398438 0.376953 0.398438 0.375000 0.400391 0.374023 0.400391 0.373047 0.401367 0.372070 0.401367 0.371094 0.402344 0.370117 0.402344 0.368164 0.404297 0.367188 0.404297 0.366211 0.405273 0.365234 0.405273 0.364258 0.406250 0.363281 0.406250 0.363281 0.407227 0.362305 0.408203 0.362305 0.410156 0.361328 0.411133 0.361328 0.414062 0.360352 0.415039 0.360352 0.417969 0.359375 0.418945 0.359375 0.420898 0.358398 0.421875 0.358398 0.424805 0.359375 0.425781 0.360352 0.425781 0.363281 0.428711 0.364258 0.428711 0.368164 0.432617 0.369141 0.432617 0.372070 0.435547 0.373047 0.435547 0.375000 0.437500 0.375977 0.437500 0.376953 0.436523 0.377930 0.436523 0.378906 0.435547 0.379883 0.435547 0.380859 0.434570 0.381836 0.434570 0.382812 0.433594 0.383789 0.433594 0.384766 0.432617 0.385742 0.432617 0.386719 0.431641 0.387695 0.431641 0.388672 0.430664 0.389648 0.430664 0.392578 0.427734 0.392578 0.424805 0.393555 0.423828 0.393555 0.420898 0.394531 0.419922 0.394531 0.416992 0.395508 0.416016 0.395508 0.413086 0.396484 0.412109 0.396484 0.411133 0.395508 0.411133 0.391602 0.407227 0.390625 0.407227 0.385742 0.402344 0.384766 0.402344 0.380859 0.398438 0.379883 0.398438
0 0.690430 0.497070 0.689453 0.498047 0.689453 0.499023 0.683594 0.504883 0.683594 0.505859 0.682617 0.506836 0.682617 0.510742 0.683594 0.511719 0.683594 0.517578 0.684570 0.518555 0.684570 0.522461 0.685547 0.522461 0.686523 0.523438 0.691406 0.523438 0.692383 0.524414 0.696289 0.524414 0.697266 0.525391 0.701172 0.525391 0.702148 0.526367 0.703125 0.525391 0.703125 0.524414 0.708008 0.519531 0.708008 0.518555 0.710938 0.515625 0.710938 0.514648 0.709961 0.513672 0.709961 0.506836 0.708984 0.505859 0.708984 0.500000 0.708008 0.500000 0.707031 0.499023 0.702148 0.499023 0.701172 0.498047 0.696289 0.498047 0.697266 0.499023 0.697266 0.502930 0.696289 0.503906 0.694336 0.503906 0.693359 0.502930 0.693359 0.498047 0.692383 0.497070
1 0.693359 0.492188 0.693359 0.497070 0.694336 0.498047 0.694336 0.502930 0.696289 0.502930 0.696289 0.499023 0.695312 0.498047 0.695312 0.492188
0 0.512695 0.400391 0.511719 0.401367 0.511719 0.411133 0.510742 0.412109 0.510742 0.417969 0.512695 0.419922 0.513672 0.419922 0.514648 0.420898 0.519531 0.420898 0.520508 0.421875 0.532227 0.421875 0.532227 0.420898 0.533203 0.419922 0.533203 0.410156 0.534180 0.409180 0.534180 0.404297 0.532227 0.402344 0.531250 0.402344 0.529297 0.400391
1 0.516602 0.406250 0.515625 0.407227 0.516602 0.408203 0.517578 0.408203 0.519531 0.410156 0.520508 0.409180 0.520508 0.408203 0.519531 0.408203 0.517578 0.406250
0 0.619141 0.483398 0.618164 0.484375 0.619141 0.485352 0.617188 0.487305 0.617188 0.491211 0.618164 0.492188 0.618164 0.494141 0.619141 0.495117 0.620117 0.494141 0.621094 0.495117 0.621094 0.496094 0.619141 0.498047 0.620117 0.499023 0.620117 0.501953 0.621094 0.502930 0.621094 0.504883 0.622070 0.503906 0.623047 0.503906 0.624023 0.502930 0.625000 0.502930 0.626953 0.500977 0.625977 0.500000 0.625977 0.497070 0.625000 0.496094 0.625000 0.492188 0.624023 0.491211 0.624023 0.490234 0.623047 0.489258 0.623047 0.488281 0.622070 0.487305 0.622070 0.486328
0 0.594727 0.334961 0.591797 0.337891 0.591797 0.338867 0.588867 0.341797 0.588867 0.342773 0.585938 0.345703 0.585938 0.346680 0.583984 0.348633 0.583984 0.349609 0.584961 0.350586 0.584961 0.353516 0.585938 0.354492 0.585938 0.357422 0.586914 0.358398 0.586914 0.359375 0.587891 0.360352 0.588867 0.360352 0.589844 0.361328 0.591797 0.361328 0.592773 0.362305 0.593750 0.362305 0.594727 0.363281 0.595703 0.363281 0.596680 0.364258 0.597656 0.364258 0.598633 0.365234 0.599609 0.365234 0.600586 0.366211 0.602539 0.366211 0.604492 0.364258 0.604492 0.363281 0.608398 0.359375 0.608398 0.358398 0.612305 0.354492 0.612305 0.353516 0.613281 0.352539 0.612305 0.351562 0.612305 0.348633 0.611328 0.347656 0.611328 0.345703 0.610352 0.344727 0.610352 0.342773 0.609375 0.341797 0.607422 0.341797 0.606445 0.342773 0.606445 0.343750 0.605469 0.344727 0.604492 0.344727 0.602539 0.342773 0.603516 0.341797 0.603516 0.340820 0.604492 0.339844 0.603516 0.338867 0.602539 0.338867 0.601562 0.337891 0.600586 0.337891 0.599609 0.336914 0.598633 0.336914 0.597656 0.335938 0.596680 0.335938 0.595703 0.334961
1 0.631836 0.491211 0.630859 0.492188 0.629883 0.492188 0.628906 0.493164 0.627930 0.493164 0.626953 0.494141 0.627930 0.495117 0.628906 0.494141 0.629883 0.494141 0.630859 0.493164 0.631836 0.493164
1 0.640625 0.488281 0.639648 0.487305 0.638672 0.487305 0.637695 0.488281 0.636719 0.488281 0.635742 0.489258 0.636719 0.490234 0.633789 0.493164 0.636719 0.490234 0.637695 0.490234 0.638672 0.489258 0.638672 0.488281 0.639648 0.487305
1 0.612305 0.333984 0.610352 0.333984 0.608398 0.335938 0.608398 0.336914 0.607422 0.337891 0.607422 0.338867 0.606445 0.339844 0.605469 0.339844 0.605469 0.340820 0.603516 0.342773 0.604492 0.343750 0.608398 0.339844 0.607422 0.338867 0.610352 0.335938 0.611328 0.335938 0.612305 0.334961
0 0.620117 0.495117 0.619141 0.496094 0.619141 0.497070 0.620117 0.496094
0 0.624023 0.489258 0.625000 0.490234 0.625000 0.491211 0.625977 0.492188 0.625977 0.496094 0.626953 0.497070 0.626953 0.500000 0.627930 0.500977 0.625000 0.503906 0.624023 0.503906 0.623047 0.504883 0.622070 0.504883 0.622070 0.507812 0.621094 0.508789 0.620117 0.508789 0.619141 0.509766 0.617188 0.509766 0.616211 0.510742 0.614258 0.510742 0.613281 0.511719 0.611328 0.511719 0.610352 0.512695 0.613281 0.515625 0.613281 0.516602 0.615234 0.518555 0.616211 0.518555 0.617188 0.517578 0.618164 0.517578 0.620117 0.515625 0.621094 0.515625 0.622070 0.514648 0.623047 0.514648 0.624023 0.513672 0.625000 0.513672 0.625977 0.512695 0.626953 0.512695 0.628906 0.510742 0.629883 0.510742 0.630859 0.509766 0.631836 0.509766 0.632812 0.508789 0.633789 0.508789 0.634766 0.507812 0.632812 0.505859 0.632812 0.504883 0.630859 0.502930 0.630859 0.500977 0.629883 0.500000 0.629883 0.499023 0.625977 0.495117 0.625977 0.492188 0.625000 0.491211 0.625000 0.490234
0 0.619141 0.482422 0.621094 0.484375 0.619141 0.482422 0.618164 0.483398 0.617188 0.483398 0.616211 0.484375 0.616211 0.487305 0.618164 0.485352 0.617188 0.484375
1 0.636719 0.489258 0.635742 0.490234 0.633789 0.490234 0.632812 0.491211 0.632812 0.493164 0.631836 0.494141 0.630859 0.494141 0.629883 0.495117 0.628906 0.495117 0.627930 0.496094 0.628906 0.495117 0.629883 0.495117 0.630859 0.494141 0.631836 0.494141 0.634766 0.491211 0.635742 0.492188 0.636719 0.491211 0.635742 0.490234
1 0.640625 0.487305 0.639648 0.488281 0.639648 0.489258 0.638672 0.490234 0.639648 0.489258 0.640625 0.489258 0.639648 0.488281
0 0.682617 0.413086 0.680664 0.415039 0.680664 0.416016 0.677734 0.418945 0.677734 0.419922 0.675781 0.421875 0.675781 0.422852 0.672852 0.425781 0.672852 0.426758 0.669922 0.429688 0.669922 0.434570 0.671875 0.436523 0.672852 0.436523 0.674805 0.438477 0.675781 0.438477 0.677734 0.440430 0.678711 0.440430 0.680664 0.442383 0.681641 0.442383 0.683594 0.444336 0.684570 0.444336 0.686523 0.446289 0.688477 0.446289 0.689453 0.445312 0.689453 0.444336 0.692383 0.441406 0.692383 0.440430 0.694336 0.438477 0.694336 0.437500 0.697266 0.434570 0.697266 0.433594 0.700195 0.430664 0.700195 0.429688 0.701172 0.428711 0.701172 0.423828 0.700195 0.423828 0.698242 0.421875 0.697266 0.421875 0.695312 0.419922 0.694336 0.419922 0.692383 0.417969 0.691406 0.417969 0.690430 0.416992 0.689453 0.416992 0.687500 0.415039 0.686523 0.415039 0.684570 0.413086
1 0.664062 0.416016 0.664062 0.416992 0.665039 0.416992 0.666992 0.418945 0.668945 0.418945 0.672852 0.422852 0.674805 0.422852 0.674805 0.421875 0.672852 0.419922 0.671875 0.419922 0.669922 0.417969 0.668945 0.417969 0.666992 0.416016 0.666016 0.416016 0.665039 0.415039
0 0.529297 0.368164 0.529297 0.369141 0.528320 0.370117 0.528320 0.371094 0.527344 0.372070 0.527344 0.374023 0.526367 0.375000 0.526367 0.376953 0.525391 0.377930 0.525391 0.379883 0.524414 0.380859 0.524414 0.382812 0.523438 0.383789 0.523438 0.385742 0.522461 0.386719 0.527344 0.391602 0.528320 0.391602 0.529297 0.392578 0.531250 0.392578 0.532227 0.393555 0.535156 0.393555 0.536133 0.394531 0.538086 0.394531 0.539062 0.395508 0.541016 0.395508 0.541992 0.396484 0.544922 0.396484 0.545898 0.397461 0.545898 0.395508 0.546875 0.394531 0.546875 0.392578 0.547852 0.391602 0.547852 0.389648 0.548828 0.388672 0.548828 0.387695 0.549805 0.386719 0.549805 0.384766 0.550781 0.383789 0.550781 0.381836 0.551758 0.380859 0.551758 0.377930 0.549805 0.375977 0.548828 0.375977 0.546875 0.374023 0.545898 0.374023 0.544922 0.373047 0.541992 0.373047 0.541016 0.372070 0.539062 0.372070 0.538086 0.371094 0.536133 0.371094 0.535156 0.370117 0.533203 0.370117 0.532227 0.369141 0.530273 0.369141
0 0.613281 0.481445 0.610352 0.481445 0.609375 0.480469 0.607422 0.480469 0.606445 0.479492 0.600586 0.479492 0.599609 0.480469 0.597656 0.480469 0.596680 0.481445 0.594727 0.481445 0.593750 0.482422 0.592773 0.482422 0.591797 0.483398 0.589844 0.483398 0.588867 0.484375 0.586914 0.484375 0.585938 0.485352 0.584961 0.485352 0.583984 0.486328 0.582031 0.486328 0.581055 0.487305 0.579102 0.487305 0.578125 0.488281 0.579102 0.489258 0.579102 0.492188 0.580078 0.493164 0.580078 0.496094 0.581055 0.497070 0.581055 0.500000 0.582031 0.500977 0.582031 0.502930 0.583008 0.503906 0.583008 0.506836 0.583984 0.507812 0.583984 0.510742 0.584961 0.511719 0.584961 0.513672 0.585938 0.514648 0.590820 0.514648 0.591797 0.515625 0.599609 0.515625 0.600586 0.514648 0.602539 0.514648 0.603516 0.513672 0.604492 0.513672 0.605469 0.512695 0.607422 0.512695 0.608398 0.511719 0.610352 0.511719 0.611328 0.510742 0.613281 0.510742 0.614258 0.509766 0.616211 0.509766 0.617188 0.508789 0.619141 0.508789 0.620117 0.507812 0.621094 0.507812 0.621094 0.505859 0.620117 0.504883 0.620117 0.502930 0.619141 0.501953 0.619141 0.499023 0.618164 0.498047 0.618164 0.495117 0.617188 0.494141 0.617188 0.492188 0.616211 0.491211 0.616211 0.488281 0.615234 0.487305 0.615234 0.485352 0.614258 0.484375 0.614258 0.482422
0 0.574219 0.578125 0.574219 0.579102 0.571289 0.582031 0.571289 0.583008 0.568359 0.585938 0.568359 0.591797 0.569336 0.592773 0.569336 0.598633 0.570312 0.599609 0.570312 0.606445 0.571289 0.607422 0.571289 0.609375 0.594727 0.609375 0.594727 0.608398 0.596680 0.606445 0.596680 0.605469 0.598633 0.603516 0.598633 0.602539 0.600586 0.600586 0.599609 0.599609 0.599609 0.595703 0.596680 0.595703 0.595703 0.594727 0.595703 0.592773 0.596680 0.591797 0.598633 0.591797 0.598633 0.584961 0.597656 0.583984 0.597656 0.578125
1 0.596680 0.592773 0.596680 0.594727 0.605469 0.594727 0.607422 0.592773 0.608398 0.593750 0.609375 0.593750 0.610352 0.594727 0.612305 0.594727 0.612305 0.592773 0.610352 0.592773 0.609375 0.593750 0.608398 0.593750 0.607422 0.592773
