0 0.497070 0.262695 0.483398 0.276367 0.484375 0.277344 0.484375 0.278320 0.485352 0.279297 0.485352 0.280273 0.486328 0.281250 0.486328 0.282227 0.487305 0.283203 0.487305 0.284180 0.488281 0.285156 0.488281 0.286133 0.489258 0.287109 0.489258 0.288086 0.490234 0.289062 0.494141 0.285156 0.496094 0.287109 0.496094 0.288086 0.492188 0.291992 0.492188 0.292969 0.494141 0.292969 0.495117 0.293945 0.497070 0.293945 0.498047 0.294922 0.500000 0.294922 0.500977 0.295898 0.502930 0.295898 0.503906 0.296875 0.506836 0.296875 0.506836 0.295898 0.519531 0.283203 0.519531 0.282227 0.518555 0.281250 0.518555 0.280273 0.517578 0.279297 0.517578 0.278320 0.516602 0.277344 0.516602 0.276367 0.515625 0.275391 0.515625 0.274414 0.514648 0.273438 0.514648 0.271484 0.513672 0.270508 0.513672 0.269531 0.512695 0.268555 0.512695 0.267578 0.511719 0.266602 0.510742 0.266602 0.509766 0.265625 0.507812 0.265625 0.506836 0.264648 0.503906 0.264648 0.502930 0.263672 0.500977 0.263672 0.500000 0.262695
1 0.494141 0.286133 0.484375 0.295898 0.485352 0.296875 0.487305 0.296875 0.487305 0.295898 0.495117 0.288086 0.495117 0.287109
0 0.511719 0.312500 0.511719 0.321289 0.512695 0.322266 0.512695 0.332031 0.513672 0.333008 0.531250 0.333008 0.532227 0.332031 0.534180 0.332031 0.535156 0.331055 0.538086 0.331055 0.539062 0.330078 0.541016 0.330078 0.541992 0.329102 0.541992 0.325195 0.541016 0.324219 0.541016 0.318359 0.540039 0.318359 0.539062 0.319336 0.537109 0.319336 0.536133 0.320312 0.533203 0.320312 0.532227 0.319336 0.532227 0.318359 0.534180 0.316406 0.536133 0.316406 0.537109 0.315430 0.539062 0.315430 0.540039 0.314453 0.541016 0.314453 0.541016 0.313477 0.540039 0.312500 0.540039 0.309570 0.539062 0.309570 0.538086 0.308594 0.528320 0.308594 0.527344 0.307617 0.524414 0.307617 0.523438 0.308594 0.521484 0.308594 0.520508 0.309570 0.518555 0.309570 0.517578 0.310547 0.515625 0.310547 0.514648 0.311523 0.512695 0.311523
1 0.543945 0.315430 0.540039 0.315430 0.539062 0.316406 0.537109 0.316406 0.536133 0.317383 0.534180 0.317383 0.533203 0.318359 0.533203 0.319336 0.536133 0.319336 0.537109 0.318359 0.539062 0.318359 0.540039 0.317383 0.541992 0.317383 0.542969 0.316406 0.543945 0.316406
0 0.531250 0.681641 0.528320 0.681641 0.527344 0.682617 0.526367 0.682617 0.525391 0.683594 0.524414 0.683594 0.525391 0.684570 0.525391 0.689453 0.526367 0.690430 0.526367 0.692383 0.524414 0.694336 0.523438 0.694336 0.522461 0.693359 0.522461 0.691406 0.521484 0.690430 0.521484 0.686523 0.520508 0.685547 0.518555 0.685547 0.517578 0.686523 0.516602 0.686523 0.515625 0.687500 0.514648 0.687500 0.513672 0.688477 0.511719 0.688477 0.510742 0.689453 0.509766 0.689453 0.508789 0.690430 0.508789 0.692383 0.509766 0.693359 0.509766 0.697266 0.510742 0.698242 0.510742 0.702148 0.511719 0.703125 0.511719 0.707031 0.512695 0.708008 0.512695 0.708984 0.514648 0.710938 0.514648 0.711914 0.516602 0.713867 0.516602 0.714844 0.517578 0.715820 0.517578 0.716797 0.519531 0.718750 0.519531 0.719727 0.521484 0.721680 0.521484 0.722656 0.522461 0.722656 0.523438 0.721680 0.524414 0.721680 0.525391 0.720703 0.527344 0.720703 0.528320 0.719727 0.529297 0.719727 0.530273 0.718750 0.532227 0.718750 0.533203 0.717773 0.534180 0.717773 0.535156 0.716797 0.536133 0.716797 0.537109 0.715820 0.539062 0.715820 0.540039 0.714844 0.541016 0.714844 0.541992 0.713867 0.542969 0.713867 0.542969 0.708008 0.541992 0.707031 0.541992 0.702148 0.541016 0.701172 0.541016 0.697266 0.540039 0.696289 0.540039 0.695312 0.539062 0.694336 0.539062 0.693359 0.537109 0.691406 0.537109 0.690430 0.535156 0.688477 0.535156 0.687500 0.533203 0.685547 0.533203 0.684570 0.531250 0.682617
1 0.521484 0.679688 0.521484 0.685547 0.522461 0.686523 0.522461 0.690430 0.523438 0.691406 0.523438 0.693359 0.524414 0.693359 0.525391 0.692383 0.525391 0.690430 0.524414 0.689453 0.524414 0.684570 0.523438 0.683594 0.523438 0.680664 0.522461 0.679688
0 0.708984 0.493164 0.708008 0.493164 0.699219 0.501953 0.698242 0.501953 0.684570 0.515625 0.684570 0.516602 0.697266 0.529297 0.697266 0.530273 0.700195 0.533203 0.701172 0.533203 0.708984 0.525391 0.709961 0.525391 0.724609 0.510742 0.725586 0.510742 0.725586 0.509766
1 0.648438 0.513672 0.648438 0.515625 0.649414 0.515625 0.648438 0.514648 0.649414 0.513672
1 0.685547 0.492188 0.684570 0.493164 0.686523 0.495117 0.685547 0.496094 0.694336 0.504883 0.696289 0.502930 0.686523 0.493164 0.686523 0.492188
0 0.451172 0.553711 0.452148 0.554688 0.453125 0.553711 0.454102 0.554688 0.454102 0.552734 0.453125 0.553711 0.452148 0.552734
0 0.457031 0.536133 0.455078 0.538086 0.456055 0.539062 0.456055 0.541992 0.454102 0.543945 0.453125 0.543945 0.451172 0.545898 0.452148 0.546875 0.453125 0.545898 0.456055 0.545898 0.457031 0.546875 0.462891 0.546875 0.464844 0.548828 0.465820 0.547852 0.466797 0.547852 0.467773 0.546875 0.467773 0.543945 0.465820 0.541992 0.464844 0.542969 0.463867 0.542969 0.461914 0.541016 0.462891 0.540039 0.461914 0.539062 0.462891 0.538086 0.463867 0.538086 0.462891 0.537109 0.462891 0.536133 0.461914 0.535156 0.461914 0.536133 0.460938 0.537109 0.459961 0.536133 0.459961 0.535156 0.458984 0.536133
0 0.444336 0.534180 0.443359 0.535156 0.443359 0.538086 0.442383 0.539062 0.444336 0.541016 0.444336 0.541992 0.446289 0.543945 0.446289 0.544922 0.447266 0.543945 0.448242 0.543945 0.450195 0.541992 0.451172 0.541992 0.451172 0.541016 0.450195 0.540039 0.450195 0.539062 0.447266 0.539062 0.445312 0.537109 0.445312 0.534180
0 0.458008 0.527344 0.456055 0.527344 0.455078 0.528320 0.454102 0.528320 0.453125 0.529297 0.454102 0.528320 0.455078 0.529297 0.456055 0.529297 0.457031 0.528320 0.458008 0.529297
0 0.643555 0.506836 0.643555 0.514648 0.642578 0.515625 0.642578 0.531250 0.641602 0.532227 0.641602 0.533203 0.642578 0.533203 0.643555 0.534180 0.644531 0.534180 0.645508 0.535156 0.646484 0.535156 0.647461 0.536133 0.648438 0.536133 0.649414 0.537109 0.650391 0.537109 0.651367 0.538086 0.652344 0.538086 0.653320 0.539062 0.670898 0.539062 0.671875 0.538086 0.678711 0.538086 0.679688 0.537109 0.679688 0.518555 0.680664 0.517578 0.680664 0.511719 0.679688 0.511719 0.677734 0.509766 0.676758 0.509766 0.674805 0.507812 0.673828 0.507812 0.672852 0.506836 0.671875 0.506836 0.669922 0.504883 0.660156 0.504883 0.659180 0.505859 0.647461 0.505859 0.646484 0.506836
1 0.455078 0.540039 0.454102 0.541016 0.453125 0.541016 0.450195 0.543945 0.449219 0.543945 0.447266 0.545898 0.447266 0.546875 0.448242 0.546875 0.450195 0.544922 0.451172 0.544922 0.453125 0.542969 0.454102 0.542969 0.455078 0.541992
1 0.645508 0.512695 0.645508 0.515625 0.646484 0.515625 0.647461 0.516602 0.648438 0.516602 0.649414 0.517578 0.650391 0.517578 0.651367 0.518555 0.652344 0.518555 0.653320 0.519531 0.656250 0.519531 0.656250 0.517578 0.655273 0.517578 0.653320 0.515625 0.652344 0.515625 0.651367 0.514648 0.649414 0.514648 0.650391 0.515625 0.649414 0.516602 0.648438 0.516602 0.647461 0.515625 0.647461 0.512695
0 0.448242 0.547852 0.448242 0.548828 0.449219 0.549805 0.449219 0.550781 0.453125 0.554688 0.452148 0.555664 0.453125 0.554688 0.452148 0.553711 0.454102 0.551758 0.455078 0.552734 0.455078 0.553711 0.458008 0.550781 0.460938 0.550781 0.461914 0.549805 0.462891 0.549805 0.463867 0.548828 0.462891 0.547852 0.457031 0.547852 0.456055 0.546875 0.453125 0.546875 0.452148 0.547852 0.450195 0.545898
0 0.442383 0.535156 0.441406 0.536133 0.441406 0.537109 0.442383 0.538086
0 0.478516 0.540039 0.478516 0.538086 0.476562 0.536133 0.476562 0.535156 0.475586 0.534180 0.475586 0.533203 0.473633 0.531250 0.473633 0.530273 0.472656 0.529297 0.472656 0.528320 0.470703 0.526367 0.470703 0.525391 0.469727 0.524414 0.469727 0.523438 0.467773 0.521484 0.467773 0.520508 0.466797 0.521484 0.465820 0.521484 0.464844 0.522461 0.463867 0.522461 0.462891 0.523438 0.461914 0.523438 0.459961 0.525391 0.458984 0.525391 0.458008 0.526367 0.457031 0.526367 0.458008 0.526367 0.458984 0.527344 0.458984 0.529297 0.458008 0.530273 0.457031 0.529297 0.456055 0.530273 0.455078 0.530273 0.454102 0.529297 0.453125 0.530273 0.452148 0.529297 0.450195 0.531250 0.449219 0.531250 0.447266 0.533203 0.446289 0.533203 0.446289 0.537109 0.447266 0.538086 0.450195 0.538086 0.451172 0.539062 0.451172 0.540039 0.452148 0.541016 0.453125 0.540039 0.454102 0.540039 0.455078 0.539062 0.454102 0.538086 0.457031 0.535156 0.458984 0.535156 0.459961 0.534180 0.460938 0.535156 0.460938 0.536133 0.460938 0.535156 0.461914 0.534180 0.463867 0.536133 0.463867 0.537109 0.464844 0.538086 0.463867 0.539062 0.462891 0.539062 0.463867 0.540039 0.462891 0.541016 0.463867 0.541992 0.464844 0.541992 0.465820 0.541016 0.468750 0.543945 0.468750 0.545898 0.469727 0.545898 0.471680 0.543945 0.472656 0.543945 0.474609 0.541992 0.475586 0.541992 0.477539 0.540039
0 0.459961 0.551758 0.458008 0.551758 0.439453 0.570312 0.439453 0.571289 0.457031 0.588867 0.458008 0.588867 0.477539 0.569336 0.477539 0.568359 0.469727 0.560547 0.468750 0.561523 0.467773 0.561523 0.466797 0.560547 0.466797 0.557617 0.461914 0.552734 0.460938 0.552734
0 0.630859 0.473633 0.631836 0.474609 0.631836 0.475586 0.631836 0.474609
1 0.477539 0.549805 0.476562 0.549805 0.467773 0.558594 0.467773 0.560547 0.468750 0.560547 0.477539 0.551758
1 0.478516 0.547852 0.479492 0.548828 0.480469 0.548828 0.479492 0.547852
0 0.608398 0.443359 0.608398 0.447266 0.607422 0.448242 0.607422 0.454102 0.606445 0.455078 0.606445 0.459961 0.605469 0.460938 0.605469 0.469727 0.606445 0.470703 0.606445 0.475586 0.607422 0.476562 0.617188 0.476562 0.618164 0.477539 0.627930 0.477539 0.628906 0.478516 0.630859 0.478516 0.630859 0.474609 0.631836 0.473633 0.631836 0.468750 0.632812 0.467773 0.632812 0.464844 0.631836 0.463867 0.631836 0.460938 0.632812 0.459961 0.633789 0.459961 0.633789 0.450195 0.632812 0.449219 0.632812 0.445312 0.621094 0.445312 0.620117 0.444336 0.609375 0.444336
1 0.632812 0.460938 0.632812 0.462891 0.633789 0.463867 0.643555 0.463867 0.644531 0.464844 0.648438 0.464844 0.648438 0.463867 0.649414 0.462891 0.648438 0.462891 0.647461 0.461914 0.637695 0.461914 0.636719 0.460938
0 0.418945 0.535156 0.419922 0.534180 0.420898 0.534180 0.421875 0.533203 0.418945 0.533203 0.419922 0.534180
0 0.414062 0.533203 0.413086 0.534180 0.412109 0.533203 0.412109 0.536133 0.413086 0.537109 0.412109 0.538086 0.413086 0.538086 0.413086 0.536133 0.414062 0.535156
0 0.418945 0.525391 0.418945 0.527344 0.419922 0.527344 0.422852 0.530273 0.422852 0.531250 0.423828 0.532227 0.424805 0.531250 0.424805 0.526367 0.423828 0.526367 0.422852 0.525391
0 0.427734 0.517578 0.426758 0.516602 0.425781 0.517578 0.424805 0.517578 0.422852 0.519531 0.421875 0.519531 0.420898 0.520508 0.421875 0.520508 0.422852 0.521484 0.422852 0.522461 0.424805 0.522461 0.425781 0.521484 0.426758 0.522461 0.426758 0.518555
0 0.348633 0.416016 0.340820 0.416016 0.339844 0.416992 0.333008 0.416992 0.332031 0.417969 0.330078 0.417969 0.328125 0.419922 0.328125 0.420898 0.326172 0.422852 0.326172 0.423828 0.325195 0.424805 0.325195 0.425781 0.323242 0.427734 0.323242 0.428711 0.322266 0.429688 0.322266 0.431641 0.323242 0.432617 0.323242 0.433594 0.324219 0.434570 0.324219 0.435547 0.325195 0.436523 0.325195 0.437500 0.326172 0.438477 0.326172 0.439453 0.327148 0.440430 0.327148 0.441406 0.328125 0.442383 0.328125 0.443359 0.329102 0.444336 0.329102 0.445312 0.330078 0.446289 0.330078 0.447266 0.331055 0.448242 0.332031 0.447266 0.336914 0.447266 0.337891 0.446289 0.343750 0.446289 0.344727 0.445312 0.343750 0.444336 0.343750 0.443359 0.342773 0.442383 0.342773 0.440430 0.343750 0.439453 0.345703 0.439453 0.346680 0.440430 0.346680 0.441406 0.347656 0.442383 0.347656 0.443359 0.348633 0.444336 0.348633 0.445312 0.349609 0.444336 0.349609 0.443359 0.351562 0.441406 0.351562 0.440430 0.354492 0.437500 0.354492 0.436523 0.356445 0.434570 0.356445 0.433594 0.357422 0.432617 0.356445 0.431641 0.356445 0.430664 0.355469 0.429688 0.355469 0.428711 0.354492 0.427734 0.354492 0.426758 0.352539 0.424805 0.352539 0.423828 0.351562 0.422852 0.351562 0.421875 0.350586 0.420898 0.350586 0.419922 0.349609 0.418945 0.349609 0.417969 0.348633 0.416992
1 0.403320 0.526367 0.402344 0.527344 0.401367 0.527344 0.399414 0.529297 0.398438 0.529297 0.397461 0.530273 0.396484 0.530273 0.396484 0.531250 0.397461 0.532227 0.398438 0.531250 0.399414 0.531250 0.400391 0.530273 0.401367 0.530273 0.401367 0.529297 0.402344 0.528320 0.403320 0.529297 0.404297 0.528320 0.403320 0.527344
1 0.343750 0.440430 0.343750 0.442383 0.344727 0.443359 0.344727 0.444336 0.345703 0.445312 0.345703 0.446289 0.346680 0.447266 0.346680 0.448242 0.347656 0.449219 0.347656 0.450195 0.348633 0.451172 0.348633 0.452148 0.349609 0.453125 0.350586 0.452148 0.350586 0.450195 0.349609 0.449219 0.349609 0.448242 0.348633 0.447266 0.348633 0.446289 0.347656 0.445312 0.347656 0.444336 0.346680 0.443359 0.346680 0.442383 0.345703 0.441406 0.345703 0.440430
0 0.415039 0.505859 0.413086 0.505859 0.412109 0.506836 0.411133 0.506836 0.410156 0.507812 0.409180 0.507812 0.408203 0.508789 0.407227 0.508789 0.405273 0.510742 0.404297 0.510742 0.403320 0.511719 0.402344 0.511719 0.401367 0.512695 0.400391 0.512695 0.398438 0.514648 0.399414 0.515625 0.399414 0.527344 0.400391 0.527344 0.401367 0.526367 0.402344 0.526367 0.403320 0.525391 0.405273 0.525391 0.406250 0.526367 0.406250 0.527344 0.403320 0.530273 0.402344 0.530273 0.402344 0.531250 0.405273 0.534180 0.406250 0.534180 0.411133 0.539062 0.412109 0.539062 0.411133 0.538086 0.412109 0.537109 0.411133 0.536133 0.411133 0.533203 0.412109 0.532227 0.413086 0.533203 0.414062 0.532227 0.415039 0.533203 0.415039 0.535156 0.414062 0.536133 0.414062 0.538086 0.416016 0.536133 0.416992 0.536133 0.418945 0.534180 0.417969 0.533203 0.418945 0.532227 0.422852 0.532227 0.421875 0.531250 0.421875 0.530273 0.419922 0.528320 0.418945 0.528320 0.417969 0.527344 0.417969 0.525391 0.418945 0.524414 0.422852 0.524414 0.423828 0.525391 0.424805 0.525391 0.425781 0.526367 0.425781 0.531250 0.426758 0.530273 0.426758 0.523438 0.425781 0.522461 0.424805 0.523438 0.422852 0.523438 0.421875 0.522461 0.421875 0.521484 0.420898 0.521484 0.419922 0.520508 0.421875 0.518555 0.422852 0.518555 0.424805 0.516602 0.425781 0.516602 0.426758 0.517578 0.427734 0.516602 0.422852 0.511719 0.421875 0.511719 0.416992 0.506836 0.416016 0.506836
1 0.393555 0.532227 0.393555 0.533203 0.396484 0.533203 0.396484 0.532227 0.395508 0.531250 0.394531 0.531250
1 0.405273 0.526367 0.404297 0.526367 0.404297 0.527344 0.402344 0.529297 0.404297 0.527344 0.405273 0.527344
