0 0.784574 0.434840 0.784574 0.468085 0.785904 0.469415 0.795213 0.469415 0.796543 0.470745 0.813830 0.470745 0.815160 0.469415 0.831117 0.469415 0.832447 0.468085 0.832447 0.434840 0.827128 0.434840 0.825798 0.433511 0.817819 0.433511 0.816489 0.432181 0.807181 0.432181 0.805851 0.433511 0.795213 0.433511 0.793883 0.434840
1 0.773936 0.453457 0.773936 0.456117 0.783245 0.456117 0.783245 0.453457
0 0.793883 0.505319 0.791223 0.507979 0.789894 0.507979 0.785904 0.511968 0.784574 0.511968 0.779255 0.517287 0.777926 0.517287 0.773936 0.521277 0.772606 0.521277 0.768617 0.525266 0.767287 0.525266 0.767287 0.526596 0.771277 0.530585 0.771277 0.531915 0.775266 0.535904 0.775266 0.537234 0.779255 0.541223 0.779255 0.542553 0.783245 0.546543 0.783245 0.547872 0.789894 0.554521 0.789894 0.555851 0.795213 0.561170 0.797872 0.561170 0.801862 0.557181 0.803191 0.557181 0.807181 0.553191 0.808511 0.553191 0.812500 0.549202 0.813830 0.549202 0.817819 0.545213 0.819149 0.545213 0.823138 0.541223 0.821809 0.539894 0.821809 0.538564 0.816489 0.533245 0.816489 0.531915 0.812500 0.527926 0.812500 0.526596 0.807181 0.521277 0.807181 0.519947 0.801862 0.514628 0.801862 0.513298 0.796543 0.507979 0.796543 0.506649 0.795213 0.505319
1 0.783245 0.515957 0.781915 0.517287 0.781915 0.519947 0.787234 0.525266 0.787234 0.526596 0.788564 0.527926 0.789894 0.527926 0.791223 0.526596 0.788564 0.523936 0.788564 0.522606 0.783245 0.517287
0 0.236702 0.671543 0.236702 0.672872 0.235372 0.674202 0.235372 0.676862 0.234043 0.678191 0.234043 0.680851 0.232713 0.682181 0.232713 0.686170 0.231383 0.687500 0.231383 0.690160 0.230053 0.691489 0.230053 0.694149 0.228723 0.695479 0.228723 0.700798 0.230053 0.702128 0.230053 0.706117 0.231383 0.707447 0.231383 0.710106 0.232713 0.711436 0.236702 0.711436 0.238032 0.712766 0.243351 0.712766 0.244681 0.714096 0.251330 0.714096 0.252660 0.715426 0.257979 0.715426 0.259309 0.716755 0.261968 0.716755 0.261968 0.715426 0.263298 0.714096 0.263298 0.711436 0.264628 0.710106 0.264628 0.707447 0.265957 0.706117 0.265957 0.703457 0.267287 0.702128 0.267287 0.699468 0.268617 0.698138 0.268617 0.695479 0.269947 0.694149 0.269947 0.691489 0.271277 0.690160 0.271277 0.688830 0.269947 0.687500 0.269947 0.686170 0.268617 0.684840 0.268617 0.682181 0.267287 0.680851 0.267287 0.678191 0.265957 0.676862 0.261968 0.676862 0.260638 0.675532 0.257979 0.675532 0.257979 0.676862 0.256649 0.678191 0.256649 0.679521 0.255319 0.680851 0.252660 0.680851 0.251330 0.679521 0.251330 0.678191 0.252660 0.676862 0.252660 0.674202 0.248670 0.674202 0.247340 0.672872 0.242021 0.672872 0.240691 0.671543
1 0.260638 0.660904 0.257979 0.660904 0.257979 0.664894 0.256649 0.666223 0.256649 0.668883 0.255319 0.670213 0.255319 0.672872 0.253989 0.674202 0.253989 0.676862 0.252660 0.678191 0.252660 0.679521 0.255319 0.679521 0.255319 0.678191 0.256649 0.676862 0.256649 0.674202 0.257979 0.672872 0.257979 0.670213 0.259309 0.668883 0.259309 0.666223 0.260638 0.664894
0 0.389628 0.639628 0.385638 0.643617 0.384309 0.643617 0.380319 0.647606 0.378989 0.647606 0.376330 0.650266 0.375000 0.650266 0.371011 0.654255 0.369681 0.654255 0.365691 0.658245 0.364362 0.658245 0.360372 0.662234 0.360372 0.663564 0.361702 0.664894 0.361702 0.666223 0.363032 0.667553 0.363032 0.668883 0.364362 0.670213 0.364362 0.672872 0.365691 0.674202 0.365691 0.675532 0.367021 0.676862 0.367021 0.678191 0.368351 0.679521 0.368351 0.682181 0.369681 0.683511 0.369681 0.684840 0.371011 0.686170 0.371011 0.687500 0.372340 0.688830 0.372340 0.691489 0.373670 0.692819 0.375000 0.692819 0.376330 0.694149 0.377660 0.694149 0.380319 0.696809 0.381649 0.696809 0.382979 0.698138 0.384309 0.698138 0.386968 0.700798 0.388298 0.700798 0.389628 0.702128 0.390957 0.702128 0.393617 0.704787 0.394947 0.704787 0.396277 0.706117 0.398936 0.703457 0.400266 0.703457 0.405585 0.698138 0.406915 0.698138 0.410904 0.694149 0.412234 0.694149 0.416223 0.690160 0.417553 0.690160 0.421543 0.686170 0.422872 0.686170 0.425532 0.683511 0.425532 0.679521 0.424202 0.678191 0.424202 0.675532 0.422872 0.674202 0.422872 0.672872 0.421543 0.671543 0.421543 0.668883 0.420213 0.667553 0.420213 0.666223 0.418883 0.664894 0.418883 0.662234 0.417553 0.660904 0.417553 0.659574 0.416223 0.658245 0.416223 0.655585 0.414894 0.654255 0.414894 0.652926 0.413564 0.651596 0.412234 0.651596 0.409574 0.648936 0.408245 0.648936 0.406915 0.647606 0.405585 0.647606 0.404255 0.646277 0.402926 0.646277 0.401596 0.644947 0.400266 0.644947 0.398936 0.643617 0.397606 0.643617 0.394947 0.640957 0.393617 0.640957 0.392287 0.639628
1 0.429521 0.644947 0.425532 0.644947 0.421543 0.648936 0.420213 0.648936 0.416223 0.652926 0.416223 0.654255 0.417553 0.655585 0.417553 0.656915 0.418883 0.655585 0.420213 0.655585 0.424202 0.651596 0.425532 0.651596 0.429521 0.647606 0.430851 0.647606 0.429521 0.646277
1 0.283245 0.478723 0.284574 0.480053 0.284574 0.478723
0 0.462766 0.619681 0.465426 0.622340 0.465426 0.621011 0.464096 0.621011
0 0.469415 0.585106 0.468085 0.585106 0.460106 0.593085 0.460106 0.594415 0.458777 0.595745 0.457447 0.595745 0.452128 0.601064 0.453457 0.602394 0.454787 0.601064 0.456117 0.602394 0.457447 0.602394 0.458777 0.603723 0.457447 0.605053 0.457447 0.606383 0.453457 0.610372 0.452128 0.609043 0.460106 0.617021 0.460106 0.613032 0.464096 0.609043 0.465426 0.609043 0.466755 0.607713 0.468085 0.607713 0.470745 0.610372 0.470745 0.614362 0.476064 0.609043 0.476064 0.602394 0.477394 0.601064 0.480053 0.601064 0.481383 0.599734 0.481383 0.597074
0 0.289894 0.478723 0.288564 0.480053 0.285904 0.480053 0.284574 0.481383 0.283245 0.481383 0.281915 0.482713 0.279255 0.482713 0.277926 0.484043 0.276596 0.484043 0.275266 0.485372 0.273936 0.485372 0.272606 0.486702 0.269947 0.486702 0.268617 0.488032 0.267287 0.488032 0.265957 0.489362 0.263298 0.489362 0.261968 0.490691 0.260638 0.490691 0.259309 0.492021 0.257979 0.492021 0.257979 0.497340 0.259309 0.498670 0.259309 0.505319 0.260638 0.506649 0.260638 0.511968 0.261968 0.513298 0.261968 0.518617 0.263298 0.519947 0.263298 0.525266 0.264628 0.526596 0.264628 0.527926 0.265957 0.529255 0.268617 0.529255 0.269947 0.530585 0.272606 0.530585 0.273936 0.531915 0.275266 0.531915 0.276596 0.533245 0.279255 0.533245 0.280585 0.534574 0.283245 0.534574 0.284574 0.535904 0.287234 0.535904 0.288564 0.534574 0.291223 0.534574 0.292553 0.533245 0.295213 0.533245 0.296543 0.531915 0.297872 0.531915 0.299202 0.530585 0.301862 0.530585 0.303191 0.529255 0.304521 0.529255 0.305851 0.527926 0.308511 0.527926 0.309840 0.526596 0.311170 0.526596 0.312500 0.525266 0.315160 0.525266 0.316489 0.523936 0.317819 0.523936 0.317819 0.521277 0.316489 0.519947 0.316489 0.514628 0.315160 0.513298 0.315160 0.507979 0.313830 0.506649 0.313830 0.501330 0.312500 0.500000 0.312500 0.496011 0.311170 0.494681 0.311170 0.489362 0.309840 0.488032 0.308511 0.488032 0.307181 0.486702 0.305851 0.486702 0.304521 0.485372 0.301862 0.485372 0.300532 0.484043 0.299202 0.484043 0.297872 0.482713 0.296543 0.482713 0.295213 0.481383 0.293883 0.481383 0.292553 0.480053 0.291223 0.480053
1 0.445479 0.585106 0.444149 0.586436 0.449468 0.591755 0.449468 0.593085 0.450798 0.594415 0.452128 0.594415 0.454787 0.597074 0.456117 0.595745
1 0.277926 0.466755 0.277926 0.472074 0.279255 0.473404 0.279255 0.478723 0.280585 0.480053 0.280585 0.481383 0.281915 0.481383 0.283245 0.480053 0.281915 0.478723 0.283245 0.477394 0.283245 0.472074 0.281915 0.470745 0.281915 0.466755
0 0.482713 0.598404 0.482713 0.599734 0.480053 0.602394 0.477394 0.602394 0.477394 0.609043 0.470745 0.615691 0.469415 0.614362 0.469415 0.610372 0.468085 0.609043 0.466755 0.609043 0.465426 0.610372 0.464096 0.610372 0.461436 0.613032 0.461436 0.617021 0.460106 0.618351 0.457447 0.615691 0.458777 0.614362 0.457447 0.615691 0.452128 0.610372 0.456117 0.606383 0.456117 0.605053 0.457447 0.603723 0.456117 0.603723 0.454787 0.602394 0.453457 0.603723 0.452128 0.602394 0.450798 0.602394 0.448138 0.605053 0.448138 0.609043 0.449468 0.610372 0.449468 0.614362 0.450798 0.615691 0.452128 0.615691 0.469415 0.632979 0.470745 0.632979 0.490691 0.613032 0.490691 0.607713 0.489362 0.606383 0.489362 0.603723 0.485372 0.599734 0.484043 0.599734
0 0.360372 0.502660 0.359043 0.502660 0.357713 0.503989 0.356383 0.503989 0.353723 0.506649 0.352394 0.506649 0.348404 0.510638 0.347074 0.510638 0.337766 0.519947 0.336436 0.519947 0.329787 0.526596 0.329787 0.529255 0.337766 0.537234 0.337766 0.538564 0.345745 0.546543 0.345745 0.547872 0.348404 0.550532 0.349734 0.549202 0.351064 0.549202 0.353723 0.546543 0.355053 0.546543 0.357713 0.543883 0.359043 0.543883 0.367021 0.535904 0.368351 0.535904 0.377660 0.526596 0.378989 0.526596 0.378989 0.523936 0.372340 0.517287 0.372340 0.515957 0.365691 0.509309 0.365691 0.507979
1 0.368351 0.517287 0.367021 0.515957 0.364362 0.518617 0.363032 0.518617 0.360372 0.521277 0.359043 0.521277 0.357713 0.522606 0.359043 0.523936 0.360372 0.523936 0.363032 0.521277 0.364362 0.521277 0.367021 0.518617 0.368351 0.518617
0 0.473404 0.523936 0.469415 0.523936 0.468085 0.525266 0.462766 0.525266 0.461436 0.526596 0.457447 0.526596 0.456117 0.527926 0.452128 0.527926 0.450798 0.529255 0.445479 0.529255 0.444149 0.530585 0.440160 0.530585 0.438830 0.531915 0.437500 0.531915 0.436170 0.533245 0.434840 0.533245 0.432181 0.535904 0.430851 0.535904 0.429521 0.537234 0.428191 0.537234 0.426862 0.538564 0.426862 0.539894 0.428191 0.541223 0.428191 0.545213 0.429521 0.546543 0.429521 0.549202 0.430851 0.550532 0.430851 0.554521 0.432181 0.555851 0.432181 0.558511 0.433511 0.559840 0.433511 0.563830 0.434840 0.565160 0.434840 0.567819 0.436170 0.569149 0.436170 0.573138 0.442819 0.573138 0.444149 0.571809 0.448138 0.571809 0.449468 0.570479 0.454787 0.570479 0.456117 0.569149 0.460106 0.569149 0.461436 0.567819 0.466755 0.567819 0.468085 0.566489 0.470745 0.566489 0.472074 0.565160 0.473404 0.565160 0.476064 0.562500 0.477394 0.562500 0.480053 0.559840 0.481383 0.559840 0.482713 0.558511 0.482713 0.557181 0.481383 0.555851 0.481383 0.551862 0.480053 0.550532 0.480053 0.547872 0.478723 0.546543 0.478723 0.542553 0.477394 0.541223 0.477394 0.537234 0.476064 0.535904 0.476064 0.533245 0.474734 0.531915 0.474734 0.527926 0.473404 0.526596
1 0.449468 0.550532 0.448138 0.551862 0.445479 0.551862 0.444149 0.553191 0.442819 0.553191 0.440160 0.555851 0.438830 0.555851 0.437500 0.557181 0.437500 0.558511 0.438830 0.559840 0.440160 0.558511 0.442819 0.558511 0.445479 0.555851 0.446809 0.555851 0.448138 0.554521 0.449468 0.554521
1 0.589096 0.515957 0.590426 0.514628 0.591755 0.515957 0.591755 0.517287 0.593085 0.515957 0.594415 0.515957 0.597074 0.513298 0.598404 0.513298 0.597074 0.513298 0.595745 0.514628 0.594415 0.513298 0.594415 0.514628 0.593085 0.515957 0.591755 0.515957 0.590426 0.514628 0.591755 0.513298
0 0.615691 0.484043 0.613032 0.484043 0.611702 0.485372 0.610372 0.485372 0.609043 0.486702 0.606383 0.486702 0.605053 0.488032 0.603723 0.488032 0.602394 0.489362 0.601064 0.489362 0.599734 0.490691 0.598404 0.490691 0.597074 0.492021 0.595745 0.492021 0.594415 0.493351 0.593085 0.493351 0.593085 0.511968 0.594415 0.510638 0.595745 0.510638 0.597074 0.509309 0.598404 0.509309 0.601064 0.511968 0.601064 0.513298 0.599734 0.514628 0.598404 0.514628 0.597074 0.515957 0.595745 0.515957 0.601064 0.521277 0.601064 0.522606 0.606383 0.527926 0.609043 0.527926 0.610372 0.526596 0.611702 0.526596 0.613032 0.525266 0.614362 0.525266 0.615691 0.523936 0.617021 0.523936 0.618351 0.522606 0.619681 0.522606 0.621011 0.521277 0.622340 0.521277 0.623670 0.519947 0.625000 0.519947 0.626330 0.518617 0.627660 0.518617 0.628989 0.517287 0.628989 0.502660 0.630319 0.501330 0.630319 0.500000 0.622340 0.492021 0.622340 0.490691
1 0.599734 0.511968 0.598404 0.510638 0.597074 0.510638 0.595745 0.511968 0.594415 0.511968 0.590426 0.515957 0.589096 0.514628 0.587766 0.515957 0.586436 0.515957 0.583777 0.518617 0.583777 0.519947 0.586436 0.519947 0.587766 0.518617 0.589096 0.518617 0.590426 0.517287 0.590426 0.515957 0.591755 0.514628 0.593085 0.514628 0.593085 0.513298 0.594415 0.511968 0.597074 0.514628 0.595745 0.513298 0.597074 0.511968 0.598404 0.511968 0.599734 0.513298
0 0.571809 0.640957 0.566489 0.640957 0.565160 0.642287 0.562500 0.642287 0.561170 0.643617 0.558511 0.643617 0.557181 0.644947 0.553191 0.644947 0.551862 0.646277 0.550532 0.646277 0.549202 0.647606 0.549202 0.655585 0.547872 0.656915 0.547872 0.664894 0.546543 0.666223 0.546543 0.670213 0.547872 0.670213 0.551862 0.674202 0.553191 0.674202 0.557181 0.678191 0.558511 0.678191 0.562500 0.682181 0.565160 0.682181 0.566489 0.680851 0.569149 0.680851 0.570479 0.679521 0.573138 0.679521 0.574468 0.678191 0.578457 0.678191 0.579787 0.676862 0.582447 0.676862 0.583777 0.675532 0.583777 0.674202 0.585106 0.672872 0.585106 0.666223 0.586436 0.664894 0.586436 0.658245 0.587766 0.656915 0.587766 0.652926 0.583777 0.648936 0.582447 0.648936 0.579787 0.646277 0.578457 0.646277 0.575798 0.643617 0.574468 0.643617
1 0.549202 0.646277 0.546543 0.646277 0.546543 0.648936 0.547872 0.648936 0.547872 0.647606
