0 0.711914 0.643555 0.711914 0.650391 0.712891 0.651367 0.712891 0.660156 0.713867 0.661133 0.713867 0.670898 0.714844 0.671875 0.714844 0.674805 0.716797 0.674805 0.717773 0.675781 0.723633 0.675781 0.724609 0.676758 0.730469 0.676758 0.731445 0.677734 0.737305 0.677734 0.738281 0.678711 0.746094 0.678711 0.747070 0.677734 0.748047 0.677734 0.750000 0.675781 0.750977 0.675781 0.752930 0.673828 0.753906 0.673828 0.755859 0.671875 0.756836 0.671875 0.758789 0.669922 0.759766 0.669922 0.760742 0.668945 0.761719 0.668945 0.761719 0.662109 0.760742 0.661133 0.760742 0.654297 0.759766 0.653320 0.759766 0.646484 0.758789 0.645508 0.758789 0.639648 0.757812 0.638672 0.757812 0.636719 0.756836 0.635742 0.751953 0.635742 0.750977 0.634766 0.745117 0.634766 0.744141 0.633789 0.739258 0.633789 0.738281 0.632812 0.732422 0.632812 0.731445 0.631836 0.726562 0.631836 0.722656 0.635742 0.721680 0.635742 0.718750 0.638672 0.717773 0.638672 0.714844 0.641602 0.713867 0.641602
1 0.731445 0.618164 0.730469 0.619141 0.730469 0.625000 0.731445 0.625977 0.731445 0.630859 0.732422 0.631836 0.735352 0.631836 0.735352 0.626953 0.734375 0.625977 0.734375 0.619141 0.732422 0.619141
0 0.667969 0.657227 0.667969 0.658203 0.666992 0.659180 0.666992 0.661133 0.666016 0.662109 0.666016 0.664062 0.665039 0.665039 0.665039 0.666016 0.664062 0.666992 0.664062 0.668945 0.663086 0.669922 0.663086 0.671875 0.662109 0.672852 0.662109 0.674805 0.661133 0.675781 0.672852 0.675781 0.673828 0.676758 0.674805 0.676758 0.675781 0.677734 0.675781 0.678711 0.674805 0.679688 0.674805 0.680664 0.673828 0.681641 0.660156 0.681641 0.659180 0.680664 0.659180 0.682617 0.658203 0.683594 0.658203 0.684570 0.661133 0.687500 0.662109 0.687500 0.664062 0.689453 0.665039 0.689453 0.667969 0.692383 0.668945 0.692383 0.670898 0.694336 0.671875 0.694336 0.674805 0.697266 0.675781 0.697266 0.678711 0.700195 0.696289 0.700195 0.697266 0.699219 0.700195 0.699219 0.701172 0.698242 0.701172 0.696289 0.702148 0.695312 0.702148 0.694336 0.703125 0.693359 0.703125 0.691406 0.704102 0.690430 0.704102 0.688477 0.705078 0.687500 0.705078 0.686523 0.706055 0.685547 0.706055 0.683594 0.707031 0.682617 0.707031 0.680664 0.708008 0.679688 0.708008 0.678711 0.708984 0.677734 0.708984 0.675781 0.709961 0.674805 0.709961 0.672852 0.710938 0.671875 0.709961 0.670898 0.708984 0.670898 0.707031 0.668945 0.706055 0.668945 0.704102 0.666992 0.703125 0.666992 0.701172 0.665039 0.700195 0.665039 0.698242 0.663086 0.697266 0.663086 0.695312 0.661133 0.694336 0.661133 0.692383 0.659180 0.691406 0.659180 0.689453 0.657227
1 0.658203 0.679688 0.659180 0.679688 0.660156 0.680664 0.673828 0.680664 0.673828 0.679688 0.674805 0.678711 0.674805 0.677734 0.673828 0.677734 0.672852 0.676758 0.659180 0.676758 0.659180 0.677734 0.658203 0.678711
0 0.388672 0.357422 0.383789 0.362305 0.383789 0.363281 0.382812 0.364258 0.382812 0.365234 0.380859 0.367188 0.380859 0.368164 0.379883 0.369141 0.379883 0.370117 0.378906 0.371094 0.378906 0.372070 0.376953 0.374023 0.376953 0.375000 0.375977 0.375977 0.375977 0.376953 0.374023 0.378906 0.374023 0.379883 0.373047 0.380859 0.373047 0.381836 0.375000 0.383789 0.375977 0.383789 0.376953 0.384766 0.377930 0.384766 0.379883 0.386719 0.380859 0.386719 0.381836 0.387695 0.382812 0.387695 0.384766 0.389648 0.385742 0.389648 0.387695 0.391602 0.388672 0.391602 0.389648 0.392578 0.390625 0.392578 0.391602 0.393555 0.392578 0.393555 0.398438 0.387695 0.398438 0.386719 0.399414 0.385742 0.399414 0.384766 0.401367 0.382812 0.401367 0.381836 0.402344 0.380859 0.402344 0.379883 0.403320 0.378906 0.403320 0.377930 0.405273 0.375977 0.405273 0.375000 0.406250 0.374023 0.406250 0.373047 0.407227 0.372070 0.407227 0.371094 0.408203 0.370117 0.406250 0.368164 0.405273 0.368164 0.403320 0.366211 0.402344 0.366211 0.401367 0.365234 0.400391 0.365234 0.398438 0.363281 0.397461 0.363281 0.395508 0.361328 0.394531 0.361328 0.393555 0.360352 0.392578 0.360352 0.390625 0.358398 0.389648 0.358398
1 0.396484 0.368164 0.392578 0.372070 0.392578 0.374023 0.393555 0.374023 0.396484 0.371094 0.396484 0.370117 0.397461 0.369141
0 0.295898 0.556641 0.295898 0.560547 0.294922 0.561523 0.294922 0.567383 0.293945 0.568359 0.293945 0.573242 0.292969 0.574219 0.292969 0.580078 0.291992 0.581055 0.291992 0.584961 0.292969 0.584961 0.293945 0.585938 0.295898 0.585938 0.296875 0.586914 0.298828 0.586914 0.299805 0.587891 0.301758 0.587891 0.302734 0.588867 0.304688 0.588867 0.305664 0.589844 0.315430 0.589844 0.316406 0.590820 0.332031 0.590820 0.332031 0.585938 0.333008 0.584961 0.333008 0.579102 0.333984 0.578125 0.333984 0.576172 0.326172 0.576172 0.325195 0.575195 0.325195 0.573242 0.326172 0.572266 0.333984 0.572266 0.334961 0.571289 0.334961 0.564453 0.335938 0.563477 0.334961 0.562500 0.333984 0.562500 0.333008 0.561523 0.331055 0.561523 0.330078 0.560547 0.329102 0.560547 0.328125 0.559570 0.327148 0.559570 0.326172 0.558594 0.324219 0.558594 0.323242 0.557617 0.322266 0.557617 0.321289 0.556641
1 0.326172 0.573242 0.326172 0.575195 0.340820 0.575195 0.341797 0.576172 0.343750 0.576172 0.344727 0.575195 0.344727 0.573242
1 0.306641 0.417969 0.305664 0.416992 0.304688 0.417969 0.305664 0.416992
1 0.305664 0.410156 0.305664 0.411133 0.304688 0.412109 0.305664 0.413086 0.304688 0.414062 0.305664 0.415039 0.306641 0.414062 0.307617 0.415039 0.307617 0.411133 0.306641 0.410156
1 0.306641 0.401367 0.307617 0.402344 0.307617 0.403320 0.306641 0.404297 0.307617 0.405273 0.308594 0.405273 0.309570 0.404297 0.309570 0.401367
0 0.314453 0.408203 0.309570 0.408203 0.309570 0.409180 0.308594 0.410156 0.308594 0.415039 0.307617 0.416016 0.307617 0.417969 0.306641 0.418945 0.304688 0.418945 0.302734 0.416992 0.302734 0.413086 0.303711 0.412109 0.303711 0.409180 0.291016 0.409180 0.290039 0.410156 0.284180 0.410156 0.284180 0.416016 0.283203 0.416992 0.283203 0.421875 0.282227 0.422852 0.282227 0.427734 0.281250 0.428711 0.281250 0.434570 0.280273 0.435547 0.282227 0.437500 0.282227 0.438477 0.283203 0.439453 0.283203 0.440430 0.285156 0.442383 0.285156 0.443359 0.286133 0.444336 0.286133 0.445312 0.288086 0.447266 0.288086 0.448242 0.289062 0.449219 0.289062 0.450195 0.291016 0.452148 0.291016 0.453125 0.298828 0.453125 0.299805 0.452148 0.308594 0.452148 0.309570 0.451172 0.318359 0.451172 0.319336 0.450195 0.320312 0.450195 0.321289 0.449219 0.321289 0.444336 0.322266 0.443359 0.322266 0.439453 0.323242 0.438477 0.323242 0.434570 0.324219 0.433594 0.324219 0.429688 0.325195 0.428711 0.325195 0.424805 0.323242 0.422852 0.323242 0.421875 0.321289 0.419922 0.321289 0.418945 0.320312 0.417969 0.320312 0.416992 0.318359 0.415039 0.318359 0.414062 0.316406 0.412109 0.316406 0.411133 0.314453 0.409180
1 0.543945 0.414062 0.542969 0.415039 0.542969 0.416992 0.543945 0.416016
1 0.303711 0.413086 0.303711 0.416992 0.304688 0.416992 0.305664 0.417969 0.306641 0.416992 0.306641 0.415039 0.305664 0.416016 0.303711 0.414062 0.304688 0.413086
1 0.308594 0.399414 0.306641 0.399414 0.306641 0.400391 0.305664 0.401367 0.305664 0.406250 0.304688 0.407227 0.304688 0.411133 0.304688 0.410156 0.305664 0.409180 0.306641 0.409180 0.307617 0.410156 0.308594 0.409180 0.308594 0.406250 0.307617 0.406250 0.305664 0.404297 0.306641 0.403320 0.306641 0.402344 0.305664 0.401367 0.306641 0.400391 0.309570 0.400391
0 0.528320 0.428711 0.528320 0.429688 0.529297 0.430664 0.529297 0.435547 0.530273 0.436523 0.530273 0.442383 0.531250 0.443359 0.531250 0.448242 0.532227 0.449219 0.532227 0.452148 0.554688 0.452148 0.555664 0.451172 0.556641 0.451172 0.557617 0.450195 0.558594 0.450195 0.559570 0.449219 0.560547 0.449219 0.561523 0.448242 0.562500 0.448242 0.563477 0.447266 0.564453 0.447266 0.566406 0.445312 0.566406 0.443359 0.565430 0.442383 0.565430 0.436523 0.564453 0.435547 0.564453 0.430664 0.563477 0.429688 0.563477 0.423828 0.562500 0.422852 0.562500 0.421875 0.547852 0.421875 0.547852 0.423828 0.545898 0.425781 0.543945 0.425781 0.542969 0.424805 0.542969 0.421875 0.541992 0.421875 0.541016 0.422852 0.540039 0.422852 0.539062 0.423828 0.538086 0.423828 0.537109 0.424805 0.535156 0.424805 0.534180 0.425781 0.533203 0.425781 0.532227 0.426758 0.531250 0.426758 0.530273 0.427734 0.529297 0.427734
1 0.542969 0.408203 0.541992 0.409180 0.541992 0.412109 0.542969 0.413086 0.542969 0.414062 0.543945 0.413086 0.544922 0.414062 0.544922 0.416016 0.542969 0.417969 0.543945 0.418945 0.543945 0.424805 0.545898 0.424805 0.546875 0.423828 0.545898 0.422852 0.545898 0.415039 0.544922 0.414062 0.544922 0.408203
1 0.481445 0.346680 0.481445 0.348633 0.480469 0.349609 0.481445 0.348633
0 0.494141 0.319336 0.490234 0.319336 0.489258 0.320312 0.486328 0.320312 0.485352 0.321289 0.481445 0.321289 0.480469 0.322266 0.477539 0.322266 0.476562 0.323242 0.472656 0.323242 0.471680 0.324219 0.469727 0.324219 0.469727 0.325195 0.468750 0.326172 0.468750 0.327148 0.467773 0.328125 0.467773 0.330078 0.466797 0.331055 0.466797 0.332031 0.465820 0.333008 0.465820 0.333984 0.464844 0.334961 0.464844 0.336914 0.463867 0.337891 0.463867 0.339844 0.464844 0.340820 0.464844 0.341797 0.465820 0.342773 0.465820 0.343750 0.466797 0.344727 0.466797 0.346680 0.467773 0.347656 0.467773 0.348633 0.468750 0.349609 0.468750 0.350586 0.469727 0.351562 0.469727 0.352539 0.470703 0.353516 0.470703 0.355469 0.471680 0.356445 0.471680 0.357422 0.472656 0.358398 0.472656 0.359375 0.473633 0.360352 0.477539 0.360352 0.478516 0.359375 0.482422 0.359375 0.483398 0.358398 0.487305 0.358398 0.488281 0.357422 0.492188 0.357422 0.493164 0.356445 0.497070 0.356445 0.498047 0.355469 0.498047 0.354492 0.499023 0.353516 0.499023 0.351562 0.500000 0.350586 0.500000 0.349609 0.500977 0.348633 0.500977 0.346680 0.501953 0.345703 0.501953 0.343750 0.502930 0.342773 0.502930 0.339844 0.501953 0.338867 0.501953 0.336914 0.500977 0.335938 0.500977 0.334961 0.500000 0.333984 0.500000 0.333008 0.499023 0.332031 0.499023 0.330078 0.498047 0.329102 0.498047 0.328125 0.497070 0.327148 0.497070 0.325195 0.496094 0.324219 0.496094 0.323242 0.495117 0.322266 0.495117 0.320312
1 0.480469 0.346680 0.479492 0.346680 0.479492 0.347656 0.478516 0.348633 0.478516 0.349609 0.477539 0.350586 0.477539 0.352539 0.476562 0.353516 0.476562 0.354492 0.475586 0.355469 0.476562 0.356445 0.475586 0.357422 0.475586 0.358398 0.478516 0.358398 0.478516 0.356445 0.479492 0.355469 0.479492 0.354492 0.480469 0.353516 0.480469 0.351562 0.481445 0.350586 0.481445 0.349609 0.480469 0.348633
0 0.416992 0.494141 0.416016 0.494141 0.415039 0.495117 0.413086 0.495117 0.412109 0.496094 0.411133 0.496094 0.410156 0.497070 0.408203 0.497070 0.407227 0.498047 0.406250 0.498047 0.405273 0.499023 0.404297 0.499023 0.403320 0.500000 0.401367 0.500000 0.400391 0.500977 0.399414 0.500977 0.398438 0.501953 0.397461 0.501953 0.396484 0.502930 0.394531 0.502930 0.393555 0.503906 0.392578 0.503906 0.391602 0.504883 0.390625 0.504883 0.389648 0.505859 0.389648 0.508789 0.390625 0.509766 0.390625 0.513672 0.391602 0.514648 0.391602 0.517578 0.392578 0.518555 0.392578 0.521484 0.393555 0.522461 0.393555 0.523438 0.395508 0.523438 0.397461 0.525391 0.397461 0.526367 0.398438 0.527344 0.397461 0.528320 0.396484 0.528320 0.396484 0.529297 0.397461 0.530273 0.397461 0.531250 0.398438 0.532227 0.398438 0.533203 0.399414 0.534180 0.399414 0.535156 0.401367 0.537109 0.401367 0.538086 0.402344 0.539062 0.402344 0.540039 0.403320 0.541016 0.403320 0.541992 0.404297 0.542969 0.404297 0.543945 0.405273 0.544922 0.406250 0.543945 0.407227 0.543945 0.408203 0.542969 0.409180 0.542969 0.410156 0.541992 0.411133 0.541992 0.412109 0.541016 0.414062 0.541016 0.415039 0.540039 0.416016 0.540039 0.416992 0.539062 0.417969 0.539062 0.418945 0.538086 0.419922 0.538086 0.420898 0.537109 0.422852 0.537109 0.423828 0.536133 0.424805 0.536133 0.425781 0.535156 0.426758 0.535156 0.427734 0.534180 0.429688 0.534180 0.430664 0.533203 0.431641 0.533203 0.431641 0.527344 0.430664 0.526367 0.430664 0.521484 0.429688 0.520508 0.429688 0.516602 0.428711 0.515625 0.428711 0.514648 0.427734 0.513672 0.427734 0.512695 0.426758 0.511719 0.426758 0.510742 0.424805 0.508789 0.424805 0.507812 0.423828 0.506836 0.423828 0.505859 0.422852 0.504883 0.422852 0.503906 0.421875 0.502930 0.421875 0.501953 0.419922 0.500000 0.419922 0.499023 0.418945 0.498047 0.418945 0.497070 0.417969 0.496094 0.417969 0.495117
1 0.397461 0.527344 0.396484 0.526367 0.396484 0.525391 0.395508 0.524414 0.393555 0.524414 0.392578 0.525391 0.391602 0.525391 0.390625 0.526367 0.389648 0.526367 0.388672 0.527344 0.387695 0.527344 0.386719 0.528320 0.384766 0.528320 0.383789 0.529297 0.382812 0.529297 0.381836 0.530273 0.380859 0.530273 0.379883 0.531250 0.378906 0.531250 0.377930 0.532227 0.378906 0.533203 0.377930 0.534180 0.378906 0.535156 0.379883 0.534180 0.380859 0.534180 0.381836 0.533203 0.383789 0.533203 0.384766 0.532227 0.385742 0.532227 0.386719 0.531250 0.387695 0.531250 0.388672 0.530273 0.390625 0.530273 0.391602 0.529297 0.392578 0.529297 0.393555 0.528320 0.394531 0.528320 0.395508 0.527344
0 0.733398 0.404297 0.733398 0.405273 0.732422 0.406250 0.732422 0.409180 0.731445 0.410156 0.731445 0.413086 0.730469 0.414062 0.730469 0.416992 0.729492 0.417969 0.729492 0.420898 0.728516 0.421875 0.728516 0.424805 0.727539 0.425781 0.727539 0.429688 0.728516 0.430664 0.732422 0.430664 0.733398 0.431641 0.736328 0.431641 0.737305 0.432617 0.741211 0.432617 0.742188 0.433594 0.746094 0.433594 0.747070 0.434570 0.750000 0.434570 0.750977 0.435547 0.756836 0.435547 0.757812 0.434570 0.757812 0.431641 0.758789 0.430664 0.758789 0.427734 0.759766 0.426758 0.759766 0.422852 0.760742 0.421875 0.760742 0.418945 0.761719 0.417969 0.761719 0.415039 0.762695 0.414062 0.762695 0.411133 0.763672 0.410156 0.762695 0.410156 0.761719 0.409180 0.757812 0.409180 0.756836 0.408203 0.752930 0.408203 0.751953 0.407227 0.748047 0.407227 0.747070 0.406250 0.743164 0.406250 0.742188 0.405273 0.738281 0.405273 0.737305 0.404297
1 0.713867 0.414062 0.714844 0.414062 0.715820 0.415039 0.719727 0.415039 0.720703 0.416016 0.723633 0.416016 0.724609 0.416992 0.729492 0.416992 0.729492 0.416016 0.728516 0.415039 0.724609 0.415039 0.723633 0.414062 0.719727 0.414062 0.718750 0.413086 0.714844 0.413086
0 0.628906 0.466797 0.625977 0.469727 0.625977 0.473633 0.625000 0.474609 0.625000 0.482422 0.624023 0.483398 0.624023 0.491211 0.623047 0.492188 0.624023 0.492188 0.625000 0.493164 0.630859 0.493164 0.631836 0.494141 0.638672 0.494141 0.639648 0.495117 0.647461 0.495117 0.650391 0.492188 0.650391 0.488281 0.651367 0.487305 0.651367 0.478516 0.652344 0.477539 0.652344 0.469727 0.651367 0.468750 0.644531 0.468750 0.643555 0.467773 0.637695 0.467773 0.636719 0.466797
1 0.641602 0.454102 0.639648 0.454102 0.639648 0.455078 0.640625 0.456055 0.639648 0.457031 0.639648 0.460938 0.638672 0.461914 0.638672 0.466797 0.640625 0.466797 0.640625 0.460938 0.641602 0.459961
