0 0.680000 0.657778 0.678519 0.657778 0.678519 0.665185 0.682963 0.660741 0.682963 0.659259 0.681481 0.659259
0 0.697778 0.632593 0.696296 0.634074 0.694815 0.634074 0.690370 0.638519 0.693333 0.638519 0.693333 0.637037 0.694815 0.635556 0.697778 0.635556 0.696296 0.634074
0 0.714074 0.620741 0.711111 0.623704 0.709630 0.623704 0.706667 0.626667 0.709630 0.626667 0.711111 0.628148 0.712593 0.628148 0.714074 0.629630 0.714074 0.632593 0.709630 0.637037 0.708148 0.635556 0.706667 0.635556 0.703704 0.638519 0.705185 0.640000 0.705185 0.641481 0.706667 0.642963 0.709630 0.642963 0.714074 0.638519 0.715556 0.638519 0.717037 0.637037 0.718519 0.637037 0.720000 0.635556 0.720000 0.631111 0.718519 0.632593 0.717037 0.631111 0.717037 0.628148 0.715556 0.626667 0.715556 0.622222
0 0.397037 0.000000 0.397037 0.034074 0.398519 0.035556 0.398519 0.054815 0.400000 0.056296 0.400000 0.057778 0.401481 0.059259 0.401481 0.060741 0.402963 0.062222 0.402963 0.063704 0.404444 0.065185 0.404444 0.066667 0.405926 0.068148 0.405926 0.069630 0.407407 0.071111 0.407407 0.072593 0.408889 0.074074 0.408889 0.075556 0.410370 0.077037 0.410370 0.078519 0.411852 0.080000 0.411852 0.081481 0.413333 0.082963 0.413333 0.084444 0.414815 0.085926 0.414815 0.087407 0.416296 0.088889 0.416296 0.090370 0.419259 0.093333 0.419259 0.094815 0.420741 0.096296 0.420741 0.097778 0.422222 0.099259 0.422222 0.100741 0.423704 0.102222 0.425185 0.100741 0.431111 0.100741 0.432593 0.099259 0.438519 0.099259 0.440000 0.097778 0.445926 0.097778 0.447407 0.096296 0.454815 0.096296 0.456296 0.094815 0.462222 0.094815 0.463704 0.093333 0.469630 0.093333 0.471111 0.091852 0.477037 0.091852 0.478519 0.090370 0.484444 0.090370 0.485926 0.088889 0.491852 0.088889 0.493333 0.087407 0.499259 0.087407 0.499259 0.081481 0.497778 0.080000 0.497778 0.060741 0.496296 0.059259 0.496296 0.040000 0.494815 0.038519 0.494815 0.035556 0.493333 0.035556 0.491852 0.037037 0.488889 0.037037 0.487407 0.035556 0.487407 0.034074 0.485926 0.032593 0.485926 0.025185 0.487407 0.023704 0.490370 0.023704 0.491852 0.022222 0.493333 0.022222 0.493333 0.020741 0.491852 0.019259 0.491852 0.016296 0.490370 0.014815 0.490370 0.013333 0.488889 0.011852 0.488889 0.008889 0.487407 0.007407 0.487407 0.005926 0.485926 0.004444 0.485926 0.001481 0.484444 0.000000
1 0.722963 0.665185 0.721481 0.665185 0.720000 0.666667 0.720000 0.668148 0.718519 0.669630 0.720000 0.671111 0.718519 0.669630 0.720000 0.668148 0.721481 0.668148 0.722963 0.666667 0.724444 0.666667
1 0.708148 0.654815 0.708148 0.656296 0.709630 0.657778 0.709630 0.656296
1 0.702222 0.638519 0.703704 0.640000 0.702222 0.641481 0.702222 0.642963 0.703704 0.644444 0.702222 0.645926 0.700741 0.645926 0.699259 0.644444 0.702222 0.647407 0.703704 0.647407 0.705185 0.648889 0.705185 0.650370 0.706667 0.651852 0.706667 0.650370 0.709630 0.647407 0.705185 0.642963 0.703704 0.642963 0.702222 0.641481 0.703704 0.640000
1 0.540741 0.019259 0.539259 0.017778 0.539259 0.014815 0.536296 0.014815 0.534815 0.016296 0.528889 0.016296 0.527407 0.017778 0.521481 0.017778 0.520000 0.019259 0.514074 0.019259 0.512593 0.020741 0.506667 0.020741 0.505185 0.022222 0.499259 0.022222 0.497778 0.023704 0.491852 0.023704 0.490370 0.025185 0.487407 0.025185 0.487407 0.032593 0.488889 0.034074 0.488889 0.035556 0.491852 0.035556 0.493333 0.034074 0.499259 0.034074 0.500741 0.032593 0.506667 0.032593 0.508148 0.031111 0.514074 0.031111 0.515556 0.029630 0.521481 0.029630 0.522963 0.028148 0.528889 0.028148 0.530370 0.026667 0.536296 0.026667 0.537778 0.025185 0.540741 0.025185
0 0.025185 0.000000 0.026667 0.001481 0.028148 0.001481 0.029630 0.002963 0.034074 0.002963 0.035556 0.004444 0.038519 0.004444 0.040000 0.005926 0.042963 0.005926 0.044444 0.007407 0.048889 0.007407 0.050370 0.008889 0.053333 0.008889 0.054815 0.010370 0.059259 0.010370 0.060741 0.011852 0.063704 0.011852 0.065185 0.013333 0.069630 0.013333 0.071111 0.014815 0.074074 0.014815 0.075556 0.016296 0.080000 0.016296 0.081481 0.017778 0.084444 0.017778 0.085926 0.019259 0.088889 0.019259 0.090370 0.020741 0.094815 0.020741 0.094815 0.019259 0.096296 0.017778 0.096296 0.016296 0.097778 0.014815 0.097778 0.013333 0.099259 0.011852 0.099259 0.010370 0.100741 0.008889 0.100741 0.007407 0.102222 0.005926 0.102222 0.004444 0.103704 0.002963 0.103704 0.001481 0.105185 0.000000
0 0.285926 0.044444 0.282963 0.044444 0.281481 0.045926 0.262222 0.045926 0.260741 0.047407 0.241481 0.047407 0.238519 0.050370 0.237037 0.050370 0.232593 0.054815 0.231111 0.054815 0.226667 0.059259 0.225185 0.059259 0.220741 0.063704 0.219259 0.063704 0.214815 0.068148 0.214815 0.071111 0.216296 0.072593 0.216296 0.075556 0.217778 0.077037 0.217778 0.080000 0.219259 0.081481 0.219259 0.084444 0.220741 0.085926 0.220741 0.088889 0.222222 0.090370 0.222222 0.093333 0.223704 0.094815 0.223704 0.097778 0.225185 0.099259 0.225185 0.102222 0.226667 0.103704 0.226667 0.106667 0.228148 0.108148 0.228148 0.112593 0.229630 0.114074 0.229630 0.117037 0.231111 0.118519 0.240000 0.118519 0.241481 0.117037 0.269630 0.117037 0.271111 0.115556 0.277037 0.115556 0.278519 0.114074 0.280000 0.114074 0.291852 0.102222 0.293333 0.102222 0.300741 0.094815 0.300741 0.091852 0.299259 0.090370 0.299259 0.087407 0.297778 0.085926 0.297778 0.081481 0.296296 0.080000 0.296296 0.077037 0.294815 0.075556 0.294815 0.071111 0.293333 0.069630 0.293333 0.066667 0.291852 0.065185 0.291852 0.062222 0.290370 0.060741 0.290370 0.056296 0.288889 0.054815 0.288889 0.051852 0.287407 0.050370 0.287407 0.047407 0.285926 0.045926
