0 0.419922 0.344727 0.413086 0.351562 0.413086 0.352539 0.405273 0.360352 0.406250 0.361328 0.406250 0.362305 0.409180 0.365234 0.409180 0.366211 0.411133 0.368164 0.411133 0.369141 0.413086 0.371094 0.413086 0.372070 0.416016 0.375000 0.416016 0.375977 0.416992 0.376953 0.418945 0.376953 0.419922 0.377930 0.421875 0.377930 0.422852 0.378906 0.425781 0.378906 0.426758 0.379883 0.429688 0.379883 0.430664 0.380859 0.430664 0.379883 0.432617 0.377930 0.432617 0.375977 0.430664 0.374023 0.430664 0.373047 0.429688 0.372070 0.429688 0.371094 0.431641 0.369141 0.434570 0.372070 0.434570 0.373047 0.435547 0.374023 0.436523 0.374023 0.441406 0.369141 0.441406 0.368164 0.444336 0.365234 0.444336 0.364258 0.443359 0.363281 0.443359 0.362305 0.441406 0.360352 0.441406 0.359375 0.438477 0.356445 0.438477 0.355469 0.435547 0.352539 0.435547 0.351562 0.433594 0.349609 0.433594 0.348633 0.431641 0.348633 0.430664 0.347656 0.428711 0.347656 0.427734 0.346680 0.425781 0.346680 0.424805 0.345703 0.422852 0.345703 0.421875 0.344727
1 0.431641 0.370117 0.430664 0.371094 0.430664 0.372070 0.431641 0.373047 0.431641 0.374023 0.433594 0.375977 0.433594 0.376953 0.436523 0.379883 0.436523 0.380859 0.438477 0.382812 0.439453 0.381836 0.439453 0.380859 0.438477 0.379883 0.438477 0.378906 0.436523 0.376953 0.436523 0.375977 0.433594 0.373047 0.433594 0.372070
0 0.318359 0.326172 0.308594 0.326172 0.307617 0.327148 0.294922 0.327148 0.294922 0.328125 0.293945 0.329102 0.293945 0.330078 0.292969 0.331055 0.292969 0.333008 0.291992 0.333984 0.291992 0.337891 0.292969 0.338867 0.292969 0.344727 0.293945 0.345703 0.293945 0.350586 0.294922 0.351562 0.294922 0.357422 0.311523 0.357422 0.312500 0.356445 0.319336 0.356445 0.319336 0.355469 0.320312 0.354492 0.320312 0.352539 0.321289 0.351562 0.321289 0.342773 0.320312 0.341797 0.320312 0.335938 0.319336 0.334961 0.319336 0.328125 0.318359 0.327148
1 0.278320 0.342773 0.278320 0.343750 0.279297 0.344727 0.282227 0.344727 0.283203 0.343750 0.291992 0.343750 0.291992 0.341797 0.279297 0.341797
0 0.531250 0.373047 0.528320 0.375977 0.528320 0.376953 0.524414 0.380859 0.524414 0.381836 0.519531 0.386719 0.519531 0.387695 0.518555 0.388672 0.518555 0.389648 0.519531 0.390625 0.519531 0.391602 0.521484 0.393555 0.521484 0.394531 0.523438 0.396484 0.523438 0.397461 0.525391 0.399414 0.525391 0.400391 0.527344 0.402344 0.527344 0.403320 0.529297 0.405273 0.529297 0.406250 0.534180 0.406250 0.535156 0.407227 0.545898 0.407227 0.548828 0.404297 0.548828 0.403320 0.552734 0.399414 0.552734 0.398438 0.556641 0.394531 0.556641 0.393555 0.558594 0.391602 0.558594 0.389648 0.556641 0.387695 0.556641 0.386719 0.554688 0.384766 0.554688 0.383789 0.552734 0.381836 0.552734 0.380859 0.551758 0.379883 0.551758 0.378906 0.549805 0.376953 0.549805 0.375977 0.547852 0.374023 0.547852 0.373047
0 0.651367 0.296875 0.650391 0.297852 0.650391 0.298828 0.646484 0.302734 0.646484 0.303711 0.641602 0.308594 0.641602 0.309570 0.636719 0.314453 0.636719 0.315430 0.632812 0.319336 0.632812 0.321289 0.634766 0.323242 0.634766 0.324219 0.637695 0.327148 0.637695 0.328125 0.640625 0.331055 0.640625 0.332031 0.643555 0.334961 0.643555 0.335938 0.646484 0.338867 0.646484 0.339844 0.649414 0.342773 0.649414 0.343750 0.668945 0.343750 0.669922 0.342773 0.669922 0.341797 0.677734 0.333984 0.677734 0.333008 0.684570 0.326172 0.684570 0.325195 0.688477 0.321289 0.686523 0.319336 0.686523 0.318359 0.682617 0.314453 0.682617 0.313477 0.678711 0.309570 0.678711 0.308594 0.674805 0.304688 0.674805 0.303711 0.671875 0.300781 0.671875 0.299805 0.670898 0.298828 0.666016 0.298828 0.665039 0.297852 0.658203 0.297852 0.657227 0.296875
1 0.639648 0.293945 0.638672 0.294922 0.638672 0.295898 0.639648 0.296875 0.639648 0.297852 0.642578 0.300781 0.642578 0.301758 0.644531 0.303711 0.645508 0.303711 0.645508 0.302734 0.646484 0.301758 0.646484 0.299805 0.643555 0.296875 0.643555 0.295898 0.641602 0.293945
0 0.542969 0.486328 0.541992 0.487305 0.541992 0.488281 0.540039 0.490234 0.540039 0.491211 0.537109 0.494141 0.537109 0.495117 0.535156 0.497070 0.535156 0.498047 0.534180 0.499023 0.534180 0.500000 0.533203 0.500977 0.533203 0.501953 0.532227 0.502930 0.532227 0.503906 0.531250 0.504883 0.531250 0.505859 0.529297 0.507812 0.529297 0.508789 0.528320 0.509766 0.528320 0.510742 0.527344 0.511719 0.527344 0.513672 0.528320 0.513672 0.529297 0.514648 0.530273 0.514648 0.532227 0.516602 0.533203 0.516602 0.534180 0.517578 0.535156 0.517578 0.537109 0.519531 0.539062 0.519531 0.541992 0.522461 0.542969 0.522461 0.543945 0.523438 0.544922 0.523438 0.545898 0.524414 0.546875 0.524414 0.546875 0.523438 0.548828 0.521484 0.548828 0.520508 0.550781 0.518555 0.550781 0.517578 0.552734 0.515625 0.552734 0.514648 0.553711 0.513672 0.553711 0.512695 0.555664 0.510742 0.555664 0.509766 0.556641 0.508789 0.556641 0.507812 0.557617 0.506836 0.557617 0.505859 0.559570 0.503906 0.559570 0.502930 0.560547 0.501953 0.560547 0.500977 0.561523 0.500000 0.561523 0.499023 0.562500 0.498047 0.562500 0.497070 0.561523 0.497070 0.559570 0.495117 0.558594 0.495117 0.557617 0.494141 0.556641 0.494141 0.554688 0.492188 0.553711 0.492188 0.552734 0.491211 0.551758 0.491211 0.549805 0.489258 0.548828 0.489258 0.547852 0.488281 0.546875 0.488281 0.544922 0.486328
1 0.747070 0.460938 0.748047 0.461914 0.745117 0.464844 0.746094 0.465820 0.747070 0.465820 0.748047 0.466797 0.749023 0.465820 0.750000 0.465820 0.750000 0.464844 0.749023 0.463867 0.749023 0.462891
1 0.741211 0.456055 0.741211 0.457031 0.739258 0.458984 0.741211 0.460938 0.742188 0.460938 0.743164 0.459961 0.744141 0.459961 0.745117 0.458984 0.744141 0.458984
1 0.736328 0.453125 0.737305 0.452148 0.738281 0.453125 0.739258 0.453125 0.738281 0.453125 0.737305 0.452148
0 0.714844 0.413086 0.714844 0.414062 0.711914 0.416992 0.711914 0.417969 0.709961 0.419922 0.709961 0.420898 0.708008 0.422852 0.708008 0.423828 0.706055 0.425781 0.706055 0.426758 0.703125 0.429688 0.703125 0.430664 0.701172 0.432617 0.701172 0.433594 0.699219 0.435547 0.699219 0.436523 0.697266 0.438477 0.697266 0.439453 0.694336 0.442383 0.694336 0.444336 0.700195 0.450195 0.700195 0.451172 0.712891 0.463867 0.714844 0.463867 0.715820 0.464844 0.716797 0.464844 0.717773 0.465820 0.719727 0.465820 0.720703 0.466797 0.721680 0.466797 0.722656 0.467773 0.724609 0.467773 0.725586 0.468750 0.727539 0.468750 0.728516 0.469727 0.729492 0.469727 0.730469 0.470703 0.732422 0.470703 0.733398 0.471680 0.735352 0.471680 0.736328 0.472656 0.737305 0.472656 0.738281 0.473633 0.738281 0.472656 0.741211 0.469727 0.741211 0.468750 0.743164 0.466797 0.743164 0.465820 0.744141 0.464844 0.734375 0.455078 0.734375 0.453125 0.736328 0.451172 0.738281 0.451172 0.747070 0.459961 0.748047 0.459961 0.749023 0.458984 0.749023 0.458008 0.750977 0.456055 0.750977 0.455078 0.753906 0.452148 0.753906 0.451172 0.756836 0.448242 0.756836 0.447266 0.758789 0.445312 0.758789 0.444336 0.759766 0.443359 0.759766 0.442383 0.753906 0.436523 0.752930 0.436523 0.740234 0.423828 0.738281 0.423828 0.737305 0.422852 0.736328 0.422852 0.735352 0.421875 0.734375 0.421875 0.733398 0.420898 0.731445 0.420898 0.730469 0.419922 0.729492 0.419922 0.728516 0.418945 0.727539 0.418945 0.726562 0.417969 0.724609 0.417969 0.723633 0.416992 0.722656 0.416992 0.721680 0.416016 0.719727 0.416016 0.718750 0.415039 0.717773 0.415039 0.716797 0.414062 0.715820 0.414062
1 0.750000 0.463867 0.750977 0.464844 0.750977 0.465820 0.750000 0.466797 0.749023 0.466797 0.748047 0.467773 0.747070 0.466797 0.748047 0.467773 0.749023 0.467773 0.750000 0.468750 0.750977 0.468750 0.751953 0.467773 0.751953 0.465820
1 0.742188 0.461914 0.744141 0.463867 0.745117 0.463867 0.746094 0.462891 0.747070 0.463867 0.746094 0.462891 0.747070 0.461914 0.746094 0.460938 0.746094 0.459961 0.745117 0.459961 0.744141 0.460938 0.743164 0.460938
1 0.735352 0.453125 0.735352 0.455078 0.738281 0.458008 0.739258 0.458008 0.740234 0.457031 0.740234 0.456055 0.741211 0.455078 0.744141 0.458008 0.740234 0.454102 0.738281 0.454102 0.737305 0.453125 0.738281 0.452148 0.737305 0.453125 0.736328 0.452148
0 0.550781 0.528320 0.547852 0.528320 0.545898 0.526367 0.544922 0.527344 0.543945 0.527344 0.543945 0.528320 0.542969 0.529297 0.542969 0.530273 0.541016 0.532227 0.540039 0.532227 0.539062 0.533203 0.537109 0.533203 0.540039 0.536133 0.541016 0.535156 0.542969 0.535156 0.547852 0.530273 0.548828 0.530273
0 0.537109 0.520508 0.536133 0.521484 0.536133 0.523438 0.537109 0.524414 0.537109 0.526367 0.538086 0.527344 0.540039 0.527344 0.541016 0.526367 0.541016 0.524414 0.540039 0.523438 0.540039 0.522461 0.539062 0.521484 0.538086 0.521484
0 0.551758 0.518555 0.551758 0.519531 0.550781 0.520508 0.550781 0.521484 0.551758 0.522461 0.553711 0.522461 0.553711 0.520508
0 0.583984 0.289062 0.583984 0.291016 0.583008 0.291992 0.583008 0.295898 0.582031 0.296875 0.582031 0.300781 0.581055 0.301758 0.581055 0.305664 0.580078 0.306641 0.580078 0.310547 0.579102 0.311523 0.579102 0.313477 0.582031 0.313477 0.583008 0.314453 0.585938 0.314453 0.586914 0.315430 0.589844 0.315430 0.590820 0.316406 0.593750 0.316406 0.594727 0.317383 0.600586 0.317383 0.601562 0.318359 0.608398 0.318359 0.609375 0.319336 0.612305 0.319336 0.612305 0.318359 0.613281 0.317383 0.613281 0.313477 0.614258 0.312500 0.614258 0.308594 0.615234 0.307617 0.615234 0.303711 0.616211 0.302734 0.616211 0.298828 0.617188 0.297852 0.617188 0.294922 0.614258 0.294922 0.613281 0.293945 0.611328 0.293945 0.610352 0.292969 0.607422 0.292969 0.606445 0.291992 0.604492 0.291992 0.603516 0.291016 0.599609 0.291016 0.598633 0.290039 0.587891 0.290039 0.586914 0.289062
0 0.539062 0.536133 0.540039 0.537109 0.541016 0.536133 0.541992 0.536133 0.541016 0.536133 0.540039 0.537109
0 0.562500 0.519531 0.559570 0.516602 0.559570 0.515625 0.555664 0.511719 0.554688 0.512695 0.554688 0.513672 0.553711 0.514648 0.553711 0.515625 0.551758 0.517578 0.554688 0.520508 0.554688 0.522461 0.553711 0.523438 0.551758 0.523438 0.549805 0.521484 0.549805 0.520508 0.550781 0.519531 0.549805 0.520508 0.549805 0.521484 0.547852 0.523438 0.547852 0.524414 0.546875 0.525391 0.545898 0.525391 0.544922 0.524414 0.543945 0.524414 0.542969 0.523438 0.541992 0.523438 0.540039 0.521484 0.541016 0.522461 0.541016 0.523438 0.541992 0.524414 0.541992 0.526367 0.540039 0.528320 0.538086 0.528320 0.536133 0.526367 0.536133 0.524414 0.535156 0.523438 0.535156 0.521484 0.536133 0.520508 0.536133 0.519531 0.535156 0.518555 0.534180 0.518555 0.533203 0.517578 0.532227 0.517578 0.531250 0.516602 0.530273 0.516602 0.528320 0.518555 0.528320 0.519531 0.527344 0.520508 0.527344 0.521484 0.531250 0.525391 0.531250 0.526367 0.535156 0.530273 0.535156 0.531250 0.536133 0.532227 0.539062 0.532227 0.540039 0.531250 0.541016 0.531250 0.541992 0.530273 0.541992 0.529297 0.542969 0.528320 0.542969 0.527344 0.543945 0.526367 0.544922 0.526367 0.545898 0.525391 0.547852 0.527344 0.550781 0.527344 0.551758 0.528320 0.548828 0.531250 0.547852 0.531250 0.546875 0.530273 0.547852 0.531250 0.543945 0.535156 0.545898 0.533203 0.546875 0.533203 0.551758 0.528320 0.552734 0.528320 0.557617 0.523438 0.558594 0.523438
1 0.539062 0.614258 0.539062 0.616211 0.540039 0.617188 0.541016 0.617188 0.541016 0.616211 0.541992 0.615234 0.542969 0.615234 0.541992 0.614258 0.541016 0.615234 0.540039 0.615234
1 0.529297 0.499023 0.528320 0.500000 0.528320 0.500977 0.529297 0.501953 0.529297 0.502930 0.530273 0.503906 0.531250 0.503906 0.531250 0.502930 0.530273 0.501953 0.531250 0.500977
0 0.546875 0.561523 0.541992 0.561523 0.541016 0.562500 0.537109 0.562500 0.536133 0.563477 0.532227 0.563477 0.531250 0.564453 0.527344 0.564453 0.526367 0.565430 0.522461 0.565430 0.521484 0.566406 0.517578 0.566406 0.516602 0.567383 0.512695 0.567383 0.512695 0.574219 0.511719 0.575195 0.511719 0.584961 0.512695 0.585938 0.512695 0.588867 0.513672 0.589844 0.513672 0.591797 0.514648 0.592773 0.514648 0.595703 0.515625 0.596680 0.515625 0.599609 0.516602 0.600586 0.516602 0.602539 0.517578 0.603516 0.517578 0.606445 0.518555 0.607422 0.518555 0.610352 0.519531 0.611328 0.519531 0.612305 0.521484 0.612305 0.522461 0.611328 0.526367 0.611328 0.527344 0.610352 0.531250 0.610352 0.532227 0.609375 0.536133 0.609375 0.536133 0.606445 0.535156 0.605469 0.535156 0.602539 0.536133 0.601562 0.538086 0.601562 0.539062 0.600586 0.540039 0.601562 0.540039 0.604492 0.541016 0.605469 0.541016 0.607422 0.544922 0.607422 0.545898 0.606445 0.549805 0.606445 0.550781 0.605469 0.551758 0.605469 0.552734 0.604492 0.552734 0.601562 0.553711 0.600586 0.553711 0.597656 0.554688 0.596680 0.554688 0.593750 0.555664 0.592773 0.555664 0.591797 0.554688 0.590820 0.554688 0.587891 0.553711 0.586914 0.553711 0.584961 0.552734 0.583984 0.552734 0.582031 0.551758 0.581055 0.551758 0.578125 0.550781 0.577148 0.550781 0.575195 0.549805 0.574219 0.549805 0.571289 0.548828 0.570312 0.548828 0.568359 0.547852 0.567383 0.547852 0.565430 0.546875 0.564453
1 0.542969 0.616211 0.541992 0.616211 0.541992 0.617188 0.541016 0.618164 0.540039 0.618164 0.540039 0.619141 0.541016 0.620117 0.541016 0.621094 0.541992 0.622070 0.541016 0.623047 0.541992 0.624023 0.541992 0.625000 0.542969 0.624023 0.544922 0.624023 0.544922 0.622070 0.543945 0.621094 0.543945 0.619141 0.542969 0.618164
1 0.537109 0.602539 0.536133 0.603516 0.536133 0.605469 0.537109 0.606445 0.537109 0.609375 0.538086 0.610352 0.538086 0.612305 0.540039 0.614258 0.541016 0.614258 0.541992 0.613281 0.541992 0.612305 0.541016 0.611328 0.541016 0.608398 0.540039 0.607422 0.540039 0.605469 0.539062 0.605469 0.538086 0.604492 0.538086 0.602539
