0 0.767123 0.624049 0.767123 0.625571 0.764079 0.628615 0.764079 0.630137 0.761035 0.633181 0.761035 0.634703 0.757991 0.637747 0.757991 0.639269 0.754947 0.642314 0.754947 0.643836 0.751903 0.646880 0.751903 0.648402 0.747336 0.652968 0.747336 0.654490 0.744292 0.657534 0.744292 0.659056 0.741248 0.662100 0.741248 0.663623 0.738204 0.666667 0.738204 0.668189 0.735160 0.671233 0.735160 0.672755 0.730594 0.677321 0.730594 0.678843 0.727549 0.681887 0.727549 0.683409 0.724505 0.686454 0.724505 0.687976 0.722983 0.689498 0.722983 0.691020 0.726027 0.694064 0.727549 0.694064 0.736682 0.703196 0.738204 0.703196 0.747336 0.712329 0.748858 0.712329 0.757991 0.721461 0.759513 0.721461 0.768645 0.730594 0.770167 0.730594 0.777778 0.738204 0.779300 0.738204 0.780822 0.739726 0.786910 0.739726 0.788432 0.741248 0.792998 0.741248 0.794521 0.742770 0.799087 0.742770 0.800609 0.744292 0.805175 0.744292 0.806697 0.745814 0.811263 0.745814 0.812785 0.747336 0.817352 0.747336 0.818874 0.748858 0.823440 0.748858 0.823440 0.747336 0.824962 0.745814 0.824962 0.744292 0.828006 0.741248 0.828006 0.739726 0.831050 0.736682 0.831050 0.735160 0.834094 0.732116 0.834094 0.730594 0.837139 0.727549 0.837139 0.726027 0.838661 0.724505 0.838661 0.722983 0.841705 0.719939 0.841705 0.718417 0.844749 0.715373 0.844749 0.713851 0.847793 0.710807 0.847793 0.709285 0.850837 0.706240 0.850837 0.704718 0.853881 0.701674 0.853881 0.700152 0.855403 0.698630 0.855403 0.697108 0.858447 0.694064 0.858447 0.692542 0.861492 0.689498 0.861492 0.687976 0.864536 0.684932 0.864536 0.683409 0.867580 0.680365 0.867580 0.678843 0.863014 0.674277 0.861492 0.674277 0.844749 0.657534 0.843227 0.657534 0.828006 0.642314 0.826484 0.642314 0.811263 0.627093 0.796043 0.627093 0.794521 0.625571 0.779300 0.625571 0.777778 0.624049
0 0.409437 0.544901 0.409437 0.546423 0.407915 0.547945 0.407915 0.549467 0.406393 0.550989 0.406393 0.552511 0.404871 0.554033 0.404871 0.555556 0.403349 0.557078 0.403349 0.558600 0.401826 0.560122 0.401826 0.561644 0.400304 0.563166 0.400304 0.564688 0.398782 0.566210 0.398782 0.567732 0.397260 0.569254 0.397260 0.570776 0.395738 0.572298 0.395738 0.573820 0.394216 0.575342 0.394216 0.576865 0.391172 0.579909 0.391172 0.581431 0.389650 0.582953 0.389650 0.584475 0.388128 0.585997 0.388128 0.587519 0.386606 0.589041 0.386606 0.590563 0.385084 0.592085 0.385084 0.593607 0.383562 0.595129 0.383562 0.596651 0.380518 0.601218 0.382040 0.602740 0.382040 0.604262 0.386606 0.608828 0.386606 0.610350 0.389650 0.613394 0.389650 0.614916 0.394216 0.619482 0.394216 0.621005 0.397260 0.624049 0.397260 0.625571 0.401826 0.630137 0.401826 0.631659 0.406393 0.636225 0.406393 0.637747 0.409437 0.640791 0.409437 0.642314 0.414003 0.646880 0.414003 0.648402 0.415525 0.649924 0.436834 0.649924 0.438356 0.648402 0.464231 0.648402 0.465753 0.646880 0.473364 0.646880 0.471842 0.645358 0.471842 0.643836 0.467275 0.639269 0.467275 0.637747 0.462709 0.633181 0.462709 0.631659 0.458143 0.627093 0.458143 0.625571 0.456621 0.624049 0.456621 0.622527 0.461187 0.617960 0.467275 0.617960 0.468798 0.619482 0.468798 0.621005 0.473364 0.625571 0.473364 0.627093 0.477930 0.631659 0.477930 0.633181 0.480974 0.636225 0.482496 0.634703 0.482496 0.633181 0.484018 0.631659 0.484018 0.630137 0.485540 0.628615 0.485540 0.627093 0.488584 0.624049 0.488584 0.622527 0.490107 0.621005 0.490107 0.619482 0.491629 0.617960 0.491629 0.616438 0.494673 0.613394 0.494673 0.611872 0.496195 0.610350 0.496195 0.608828 0.497717 0.607306 0.497717 0.605784 0.500761 0.602740 0.500761 0.601218 0.502283 0.599696 0.502283 0.598174 0.505327 0.593607 0.505327 0.590563 0.502283 0.587519 0.502283 0.585997 0.496195 0.579909 0.496195 0.578387 0.490107 0.572298 0.490107 0.570776 0.484018 0.564688 0.484018 0.563166 0.477930 0.557078 0.477930 0.555556 0.471842 0.549467 0.471842 0.547945 0.468798 0.544901
1 0.461187 0.619482 0.458143 0.622527 0.458143 0.624049 0.459665 0.625571 0.459665 0.627093 0.464231 0.631659 0.464231 0.633181 0.468798 0.637747 0.468798 0.639269 0.473364 0.643836 0.473364 0.645358 0.477930 0.649924 0.477930 0.651446 0.482496 0.656012 0.482496 0.657534 0.487062 0.657534 0.490107 0.654490 0.490107 0.652968 0.491629 0.651446 0.487062 0.646880 0.487062 0.645358 0.480974 0.639269 0.480974 0.637747 0.476408 0.633181 0.476408 0.631659 0.471842 0.627093 0.471842 0.625571 0.467275 0.621005 0.467275 0.619482
0 0.464231 0.859970 0.465753 0.861492 0.468798 0.861492 0.468798 0.859970
0 0.458143 0.856925 0.456621 0.858447 0.458143 0.859970 0.456621 0.861492 0.458143 0.861492 0.458143 0.859970 0.459665 0.858447
0 0.450533 0.855403 0.449011 0.856925 0.450533 0.858447 0.449011 0.856925
0 0.485540 0.855403 0.485540 0.856925 0.487062 0.858447 0.487062 0.861492 0.496195 0.861492 0.494673 0.859970 0.494673 0.858447 0.490107 0.853881 0.488584 0.855403
0 0.456621 0.849315 0.455099 0.849315 0.453577 0.850837 0.455099 0.850837
0 0.485540 0.844749 0.485540 0.847793 0.487062 0.846271 0.488584 0.847793
0 0.461187 0.843227 0.461187 0.847793 0.467275 0.853881 0.470320 0.853881 0.471842 0.852359 0.471842 0.847793 0.470320 0.846271 0.468798 0.846271 0.467275 0.844749 0.465753 0.844749 0.464231 0.843227 0.462709 0.844749
0 0.432268 0.824962 0.433790 0.826484 0.433790 0.828006 0.436834 0.831050 0.436834 0.832572 0.438356 0.834094 0.438356 0.835616 0.439878 0.837139 0.439878 0.838661 0.441400 0.840183 0.441400 0.841705 0.442922 0.841705 0.444444 0.843227 0.442922 0.844749 0.444444 0.846271 0.442922 0.844749 0.445967 0.841705 0.447489 0.843227 0.456621 0.834094 0.459665 0.834094 0.461187 0.832572 0.462709 0.834094 0.464231 0.832572 0.465753 0.834094 0.468798 0.834094 0.470320 0.835616 0.473364 0.835616 0.474886 0.837139 0.477930 0.837139 0.482496 0.841705 0.484018 0.840183 0.485540 0.841705 0.484018 0.840183 0.484018 0.838661 0.482496 0.837139 0.482496 0.835616 0.480974 0.834094 0.480974 0.832572 0.479452 0.831050 0.479452 0.829528 0.477930 0.828006 0.476408 0.829528 0.473364 0.829528 0.471842 0.831050 0.467275 0.831050 0.465753 0.829528 0.464231 0.829528 0.462709 0.828006 0.462709 0.826484 0.467275 0.821918 0.468798 0.821918 0.470320 0.820396 0.471842 0.820396 0.471842 0.818874 0.473364 0.817352 0.471842 0.815830 0.470320 0.815830 0.467275 0.812785 0.464231 0.812785 0.464231 0.817352 0.462709 0.818874 0.462709 0.821918 0.461187 0.823440 0.459665 0.823440 0.458143 0.821918 0.455099 0.821918 0.452055 0.818874 0.452055 0.817352 0.456621 0.812785 0.456621 0.811263 0.452055 0.811263 0.452055 0.817352 0.444444 0.824962 0.442922 0.824962 0.441400 0.826484 0.438356 0.826484 0.436834 0.824962
0 0.310502 0.007610 0.307458 0.007610 0.305936 0.009132 0.304414 0.009132 0.302892 0.010654 0.301370 0.010654 0.299848 0.012177 0.298326 0.012177 0.296804 0.013699 0.295282 0.013699 0.293760 0.015221 0.292237 0.015221 0.290715 0.016743 0.289193 0.016743 0.287671 0.018265 0.286149 0.018265 0.284627 0.019787 0.283105 0.019787 0.281583 0.021309 0.280061 0.021309 0.278539 0.022831 0.277017 0.022831 0.275495 0.024353 0.273973 0.024353 0.272451 0.025875 0.270928 0.025875 0.269406 0.027397 0.267884 0.027397 0.266362 0.028919 0.264840 0.028919 0.263318 0.030441 0.261796 0.030441 0.260274 0.031963 0.258752 0.031963 0.257230 0.033486 0.255708 0.033486 0.254186 0.035008 0.254186 0.036530 0.252664 0.038052 0.252664 0.042618 0.251142 0.044140 0.251142 0.048706 0.249619 0.050228 0.249619 0.053272 0.248097 0.054795 0.249619 0.056317 0.249619 0.057839 0.252664 0.060883 0.252664 0.062405 0.255708 0.065449 0.255708 0.066971 0.258752 0.070015 0.258752 0.071537 0.261796 0.074581 0.261796 0.076104 0.264840 0.079148 0.264840 0.080670 0.267884 0.083714 0.267884 0.085236 0.270928 0.088280 0.270928 0.089802 0.273973 0.092846 0.273973 0.094368 0.277017 0.097412 0.277017 0.098935 0.280061 0.101979 0.280061 0.103501 0.283105 0.106545 0.283105 0.108067 0.286149 0.111111 0.287671 0.109589 0.289193 0.109589 0.290715 0.108067 0.292237 0.108067 0.293760 0.106545 0.295282 0.106545 0.298326 0.103501 0.299848 0.103501 0.301370 0.101979 0.302892 0.101979 0.304414 0.100457 0.305936 0.100457 0.307458 0.098935 0.308980 0.098935 0.310502 0.097412 0.312024 0.097412 0.313546 0.095890 0.315068 0.095890 0.316591 0.094368 0.318113 0.094368 0.319635 0.092846 0.321157 0.092846 0.322679 0.091324 0.324201 0.091324 0.327245 0.088280 0.328767 0.088280 0.330289 0.086758 0.331811 0.086758 0.333333 0.085236 0.334855 0.085236 0.336377 0.083714 0.337900 0.083714 0.337900 0.082192 0.339422 0.080670 0.339422 0.079148 0.340944 0.077626 0.340944 0.076104 0.342466 0.074581 0.342466 0.073059 0.343988 0.071537 0.343988 0.070015 0.345510 0.068493 0.345510 0.066971 0.347032 0.065449 0.347032 0.063927 0.345510 0.062405 0.345510 0.060883 0.342466 0.057839 0.342466 0.056317 0.339422 0.053272 0.339422 0.051750 0.336377 0.048706 0.336377 0.047184 0.333333 0.044140 0.333333 0.042618 0.331811 0.041096 0.331811 0.039574 0.328767 0.036530 0.328767 0.035008 0.325723 0.031963 0.325723 0.030441 0.322679 0.027397 0.322679 0.025875 0.319635 0.022831 0.319635 0.021309 0.318113 0.019787 0.318113 0.018265 0.315068 0.015221 0.315068 0.013699 0.312024 0.010654 0.312024 0.009132
1 0.433790 0.858447 0.430746 0.861492 0.433790 0.861492 0.435312 0.859970 0.438356 0.863014 0.436834 0.864536 0.438356 0.866058 0.439878 0.864536 0.436834 0.861492 0.438356 0.859970 0.436834 0.861492
1 0.459665 0.835616 0.456621 0.835616 0.445967 0.846271 0.445967 0.847793 0.444444 0.849315 0.445967 0.850837 0.442922 0.853881 0.441400 0.852359 0.439878 0.852359 0.436834 0.855403 0.438356 0.856925 0.441400 0.853881 0.442922 0.853881 0.445967 0.856925 0.444444 0.858447 0.445967 0.858447 0.449011 0.855403 0.449011 0.853881 0.450533 0.852359 0.450533 0.850837 0.449011 0.850837 0.447489 0.849315 0.447489 0.847793 0.453577 0.841705 0.455099 0.843227 0.455099 0.844749 0.456621 0.846271 0.455099 0.847793 0.462709 0.840183 0.459665 0.840183 0.458143 0.838661 0.458143 0.837139
1 0.307458 0.030441 0.305936 0.031963 0.304414 0.031963 0.301370 0.035008 0.301370 0.038052 0.299848 0.039574 0.299848 0.042618 0.298326 0.044140 0.298326 0.050228 0.299848 0.051750 0.302892 0.051750 0.304414 0.050228 0.305936 0.050228 0.305936 0.048706 0.307458 0.047184 0.307458 0.044140 0.308980 0.042618 0.308980 0.039574 0.310502 0.038052 0.310502 0.035008 0.307458 0.031963
0 0.342466 0.105023 0.347032 0.109589 0.354642 0.109589 0.357686 0.106545 0.359209 0.106545 0.362253 0.103501 0.353120 0.103501 0.351598 0.105023 0.348554 0.105023 0.347032 0.103501 0.343988 0.103501
0 0.351598 0.085236 0.351598 0.089802 0.353120 0.089802 0.353120 0.085236
0 0.340944 0.083714 0.339422 0.083714 0.337900 0.085236 0.336377 0.085236 0.334855 0.086758 0.334855 0.089802 0.336377 0.088280 0.337900 0.088280 0.340944 0.085236
0 0.356164 0.035008 0.354642 0.036530 0.353120 0.036530 0.350076 0.039574 0.348554 0.039574 0.343988 0.044140 0.342466 0.044140 0.339422 0.047184 0.337900 0.047184 0.337900 0.048706 0.340944 0.051750 0.340944 0.053272 0.343988 0.056317 0.343988 0.057839 0.347032 0.060883 0.347032 0.062405 0.347032 0.059361 0.340944 0.053272 0.340944 0.050228 0.342466 0.048706 0.343988 0.048706 0.347032 0.045662 0.348554 0.045662 0.350076 0.044140 0.351598 0.045662 0.353120 0.045662 0.351598 0.045662 0.350076 0.044140 0.353120 0.041096 0.354642 0.041096 0.357686 0.038052 0.359209 0.039574 0.359209 0.041096 0.362253 0.044140 0.362253 0.045662 0.363775 0.047184 0.363775 0.051750 0.365297 0.053272 0.360731 0.057839 0.356164 0.057839 0.356164 0.059361 0.357686 0.060883 0.360731 0.060883 0.362253 0.059361 0.365297 0.059361 0.365297 0.057839 0.366819 0.056317 0.369863 0.056317 0.374429 0.060883 0.369863 0.065449 0.369863 0.071537 0.371385 0.073059 0.372907 0.071537 0.374429 0.071537 0.375951 0.070015 0.377473 0.070015 0.378995 0.068493 0.382040 0.071537 0.380518 0.073059 0.380518 0.076104 0.378995 0.077626 0.380518 0.079148 0.380518 0.080670 0.382040 0.080670 0.383562 0.082192 0.383562 0.083714 0.380518 0.086758 0.378995 0.086758 0.378995 0.088280 0.377473 0.089802 0.374429 0.086758 0.366819 0.086758 0.365297 0.088280 0.365297 0.092846 0.366819 0.094368 0.366819 0.095890 0.368341 0.094368 0.369863 0.094368 0.371385 0.092846 0.374429 0.095890 0.378995 0.091324 0.380518 0.091324 0.383562 0.088280 0.385084 0.088280 0.383562 0.086758 0.385084 0.085236 0.383562 0.083714 0.386606 0.080670 0.388128 0.080670 0.389650 0.082192 0.388128 0.080670 0.388128 0.077626 0.383562 0.073059 0.383562 0.071537 0.380518 0.068493 0.380518 0.066971 0.375951 0.062405 0.375951 0.060883 0.372907 0.057839 0.372907 0.056317 0.368341 0.051750 0.368341 0.050228 0.363775 0.045662 0.363775 0.044140 0.360731 0.041096 0.360731 0.039574
0 0.429224 0.911720 0.427702 0.911720 0.426180 0.913242 0.427702 0.913242
0 0.477930 0.863014 0.468798 0.863014 0.467275 0.864536 0.458143 0.864536 0.456621 0.866058 0.458143 0.867580 0.456621 0.869102 0.458143 0.870624 0.455099 0.873668 0.452055 0.873668 0.450533 0.872146 0.449011 0.873668 0.449011 0.875190 0.447489 0.876712 0.447489 0.879756 0.442922 0.884323 0.444444 0.885845 0.444444 0.888889 0.445967 0.890411 0.445967 0.893455 0.447489 0.894977 0.449011 0.894977 0.450533 0.896499 0.449011 0.898021 0.449011 0.904110 0.452055 0.907154 0.453577 0.907154 0.453577 0.905632 0.455099 0.904110 0.455099 0.902588 0.456621 0.901065 0.456621 0.899543 0.459665 0.896499 0.459665 0.894977 0.461187 0.893455 0.461187 0.891933 0.462709 0.890411 0.462709 0.888889 0.465753 0.885845 0.465753 0.884323 0.467275 0.882801 0.467275 0.881279 0.468798 0.879756 0.468798 0.878234 0.471842 0.875190 0.471842 0.873668 0.473364 0.872146 0.473364 0.870624 0.474886 0.869102 0.474886 0.867580 0.477930 0.864536
0 0.150685 0.383562 0.147641 0.386606 0.146119 0.386606 0.143075 0.389650 0.141553 0.389650 0.138508 0.392694 0.136986 0.392694 0.133942 0.395738 0.132420 0.395738 0.129376 0.398782 0.127854 0.398782 0.120244 0.404871 0.115677 0.406393 0.112633 0.409437 0.111111 0.409437 0.108067 0.412481 0.106545 0.412481 0.103501 0.415525 0.101979 0.415525 0.098935 0.418569 0.097412 0.418569 0.094368 0.421613 0.092846 0.421613 0.089802 0.424658 0.088280 0.424658 0.085236 0.427702 0.083714 0.427702 0.080670 0.430746 0.079148 0.430746 0.076104 0.433790 0.076104 0.435312 0.077626 0.436834 0.077626 0.438356 0.080670 0.441400 0.080670 0.442922 0.082192 0.444444 0.083714 0.449011 0.086758 0.452055 0.088280 0.456621 0.091324 0.459665 0.091324 0.461187 0.092846 0.462709 0.094368 0.467275 0.097412 0.470320 0.097412 0.471842 0.098935 0.473364 0.098935 0.474886 0.101979 0.477930 0.101979 0.479452 0.112633 0.490107 0.112633 0.491629 0.155251 0.534247 0.158295 0.534247 0.161339 0.531202 0.162861 0.531202 0.165906 0.528158 0.167428 0.528158 0.171994 0.523592 0.173516 0.523592 0.176560 0.520548 0.178082 0.520548 0.181126 0.517504 0.182648 0.517504 0.184170 0.515982 0.181126 0.512938 0.179604 0.508371 0.176560 0.505327 0.176560 0.503805 0.170472 0.496195 0.168950 0.491629 0.162861 0.484018 0.162861 0.482496 0.165906 0.479452 0.167428 0.479452 0.170472 0.476408 0.178082 0.484018 0.178082 0.485540 0.181126 0.488584 0.181126 0.490107 0.184170 0.493151 0.184170 0.494673 0.187215 0.497717 0.187215 0.499239 0.190259 0.502283 0.190259 0.503805 0.193303 0.508371 0.196347 0.508371 0.200913 0.503805 0.202435 0.503805 0.205479 0.500761 0.207002 0.500761 0.210046 0.497717 0.211568 0.497717 0.214612 0.494673 0.216134 0.494673 0.219178 0.491629 0.220700 0.491629 0.225266 0.487062 0.226788 0.487062 0.229833 0.484018 0.231355 0.484018 0.231355 0.482496 0.228311 0.479452 0.228311 0.477930 0.225266 0.474886 0.225266 0.473364 0.220700 0.468798 0.220700 0.467275 0.217656 0.464231 0.217656 0.462709 0.214612 0.459665 0.214612 0.458143 0.211568 0.455099 0.211568 0.453577 0.207002 0.449011 0.207002 0.447489 0.203957 0.444444 0.203957 0.442922 0.200913 0.439878 0.200913 0.438356 0.182648 0.418569 0.182648 0.417047 0.175038 0.409437 0.175038 0.407915 0.165906 0.398782 0.165906 0.397260 0.156773 0.388128 0.156773 0.386606 0.153729 0.383562
1 0.505327 0.901065 0.496195 0.901065 0.494673 0.902588 0.488584 0.902588 0.487062 0.904110 0.487062 0.905632 0.485540 0.907154 0.488584 0.907154 0.490107 0.905632 0.496195 0.905632 0.497717 0.907154 0.497717 0.910198 0.499239 0.908676 0.500761 0.908676 0.499239 0.907154 0.500761 0.905632 0.502283 0.905632 0.503805 0.904110 0.503805 0.902588
1 0.170472 0.477930 0.167428 0.480974 0.165906 0.480974 0.164384 0.482496 0.164384 0.484018 0.168950 0.488584 0.168950 0.490107 0.170472 0.491629 0.170472 0.493151 0.171994 0.494673 0.171994 0.496195 0.175038 0.499239 0.175038 0.500761 0.178082 0.503805 0.178082 0.505327 0.181126 0.508371 0.181126 0.509893 0.182648 0.511416 0.182648 0.512938 0.190259 0.520548 0.193303 0.517504 0.194825 0.517504 0.196347 0.515982 0.196347 0.514460 0.193303 0.511416 0.193303 0.509893 0.190259 0.506849 0.190259 0.505327 0.188737 0.503805 0.188737 0.502283 0.185693 0.499239 0.185693 0.497717 0.182648 0.494673 0.182648 0.493151 0.175038 0.485540 0.176560 0.484018
0 0.601218 0.254186 0.601218 0.255708 0.599696 0.257230 0.599696 0.258752 0.598174 0.260274 0.598174 0.267884 0.599696 0.269406 0.599696 0.305936 0.645358 0.305936 0.646880 0.304414 0.646880 0.302892 0.648402 0.301370 0.648402 0.255708 0.646880 0.254186
