0 0.515625 0.702148 0.510742 0.702148 0.509766 0.703125 0.499023 0.703125 0.497070 0.705078 0.497070 0.706055 0.495117 0.708008 0.495117 0.708984 0.494141 0.709961 0.494141 0.710938 0.493164 0.711914 0.493164 0.716797 0.498047 0.716797 0.500000 0.718750 0.498047 0.720703 0.493164 0.720703 0.493164 0.725586 0.494141 0.726562 0.494141 0.727539 0.496094 0.729492 0.496094 0.730469 0.497070 0.731445 0.497070 0.732422 0.498047 0.733398 0.498047 0.734375 0.515625 0.734375 0.516602 0.733398 0.516602 0.732422 0.517578 0.731445 0.517578 0.730469 0.519531 0.728516 0.519531 0.727539 0.521484 0.725586 0.521484 0.724609 0.523438 0.722656 0.523438 0.721680 0.525391 0.719727 0.525391 0.717773 0.523438 0.715820 0.523438 0.714844 0.522461 0.713867 0.522461 0.712891 0.520508 0.710938 0.520508 0.709961 0.518555 0.708008 0.518555 0.707031 0.517578 0.706055 0.517578 0.705078 0.515625 0.703125
1 0.493164 0.717773 0.493164 0.719727 0.498047 0.719727 0.499023 0.718750 0.498047 0.717773
0 0.426758 0.421875 0.424805 0.421875 0.423828 0.422852 0.422852 0.422852 0.421875 0.423828 0.420898 0.423828 0.419922 0.424805 0.418945 0.424805 0.417969 0.425781 0.416992 0.425781 0.416016 0.426758 0.415039 0.426758 0.413086 0.428711 0.412109 0.428711 0.411133 0.429688 0.410156 0.429688 0.409180 0.430664 0.408203 0.430664 0.407227 0.431641 0.407227 0.433594 0.408203 0.434570 0.408203 0.435547 0.409180 0.436523 0.409180 0.437500 0.410156 0.438477 0.410156 0.440430 0.411133 0.441406 0.411133 0.442383 0.412109 0.443359 0.412109 0.444336 0.413086 0.445312 0.413086 0.446289 0.414062 0.447266 0.414062 0.448242 0.416016 0.450195 0.416016 0.451172 0.417969 0.453125 0.417969 0.454102 0.418945 0.455078 0.418945 0.456055 0.420898 0.458008 0.420898 0.458984 0.422852 0.458984 0.424805 0.457031 0.425781 0.457031 0.426758 0.456055 0.427734 0.456055 0.428711 0.455078 0.429688 0.455078 0.430664 0.454102 0.431641 0.454102 0.432617 0.453125 0.433594 0.453125 0.434570 0.452148 0.435547 0.452148 0.436523 0.451172 0.437500 0.451172 0.438477 0.450195 0.439453 0.450195 0.440430 0.449219 0.440430 0.448242 0.439453 0.447266 0.439453 0.446289 0.438477 0.445312 0.438477 0.443359 0.437500 0.442383 0.437500 0.441406 0.436523 0.440430 0.436523 0.439453 0.435547 0.438477 0.435547 0.437500 0.434570 0.436523 0.434570 0.435547 0.433594 0.434570 0.433594 0.433594 0.432617 0.432617 0.432617 0.431641 0.430664 0.429688 0.430664 0.428711 0.429688 0.427734 0.429688 0.426758 0.427734 0.424805 0.427734 0.423828 0.426758 0.422852
0 0.492188 0.703125 0.490234 0.703125 0.489258 0.702148 0.487305 0.702148 0.486328 0.701172 0.484375 0.701172 0.483398 0.700195 0.481445 0.700195 0.480469 0.699219 0.478516 0.699219 0.477539 0.698242 0.476562 0.698242 0.475586 0.699219 0.470703 0.699219 0.469727 0.700195 0.464844 0.700195 0.463867 0.701172 0.458984 0.701172 0.458008 0.702148 0.454102 0.702148 0.454102 0.717773 0.457031 0.717773 0.458008 0.716797 0.460938 0.716797 0.461914 0.717773 0.461914 0.720703 0.460938 0.721680 0.457031 0.721680 0.456055 0.722656 0.454102 0.722656 0.454102 0.724609 0.455078 0.725586 0.455078 0.730469 0.457031 0.730469 0.458008 0.731445 0.458984 0.731445 0.459961 0.732422 0.460938 0.732422 0.461914 0.733398 0.463867 0.733398 0.464844 0.734375 0.465820 0.734375 0.466797 0.735352 0.473633 0.735352 0.474609 0.734375 0.478516 0.734375 0.479492 0.733398 0.483398 0.733398 0.484375 0.732422 0.488281 0.732422 0.489258 0.731445 0.493164 0.731445 0.493164 0.727539 0.492188 0.726562
1 0.460938 0.717773 0.458008 0.717773 0.457031 0.718750 0.452148 0.718750 0.451172 0.719727 0.447266 0.719727 0.446289 0.720703 0.444336 0.720703 0.444336 0.722656 0.445312 0.723633 0.446289 0.722656 0.450195 0.722656 0.451172 0.721680 0.456055 0.721680 0.457031 0.720703 0.460938 0.720703
0 0.375977 0.559570 0.375000 0.559570 0.374023 0.560547 0.373047 0.560547 0.372070 0.561523 0.371094 0.561523 0.369141 0.563477 0.368164 0.563477 0.367188 0.564453 0.366211 0.564453 0.365234 0.565430 0.365234 0.566406 0.363281 0.568359 0.363281 0.569336 0.361328 0.571289 0.361328 0.572266 0.359375 0.574219 0.359375 0.575195 0.357422 0.577148 0.357422 0.578125 0.363281 0.583984 0.364258 0.583984 0.370117 0.589844 0.371094 0.589844 0.372070 0.588867 0.373047 0.588867 0.374023 0.587891 0.375000 0.587891 0.375977 0.586914 0.376953 0.586914 0.377930 0.585938 0.378906 0.585938 0.379883 0.584961 0.380859 0.584961 0.380859 0.583984 0.382812 0.582031 0.382812 0.581055 0.383789 0.580078 0.383789 0.579102 0.385742 0.577148 0.385742 0.576172 0.387695 0.574219 0.387695 0.573242 0.389648 0.571289 0.388672 0.571289 0.386719 0.569336 0.382812 0.569336 0.381836 0.568359 0.381836 0.565430 0.380859 0.564453 0.380859 0.563477 0.377930 0.560547 0.376953 0.560547
0 0.578125 0.622070 0.568359 0.631836 0.568359 0.632812 0.557617 0.643555 0.561523 0.647461 0.562500 0.647461 0.573242 0.658203 0.586914 0.644531 0.586914 0.643555 0.593750 0.636719 0.580078 0.623047 0.579102 0.623047
1 0.565430 0.651367 0.564453 0.651367 0.561523 0.654297 0.563477 0.654297 0.565430 0.652344
0 0.401367 0.538086 0.397461 0.538086 0.396484 0.539062 0.390625 0.539062 0.389648 0.540039 0.383789 0.540039 0.382812 0.541016 0.378906 0.541016 0.379883 0.541992 0.379883 0.551758 0.380859 0.552734 0.380859 0.558594 0.381836 0.559570 0.381836 0.564453 0.382812 0.565430 0.382812 0.568359 0.386719 0.568359 0.387695 0.567383 0.393555 0.567383 0.394531 0.566406 0.400391 0.566406 0.401367 0.565430 0.404297 0.565430 0.404297 0.561523 0.405273 0.560547 0.405273 0.559570 0.404297 0.558594 0.404297 0.552734 0.403320 0.551758 0.403320 0.546875 0.402344 0.545898 0.402344 0.540039 0.401367 0.539062
1 0.379883 0.553711 0.378906 0.554688 0.373047 0.554688 0.372070 0.555664 0.366211 0.555664 0.365234 0.556641 0.366211 0.557617 0.372070 0.557617 0.373047 0.556641 0.378906 0.556641 0.379883 0.555664
1 0.570312 0.521484 0.570312 0.522461 0.569336 0.523438 0.568359 0.523438 0.569336 0.523438 0.570312 0.522461
0 0.572266 0.490234 0.571289 0.491211 0.569336 0.491211 0.568359 0.492188 0.566406 0.492188 0.565430 0.493164 0.565430 0.495117 0.564453 0.496094 0.564453 0.498047 0.563477 0.499023 0.563477 0.500977 0.562500 0.501953 0.562500 0.503906 0.561523 0.504883 0.561523 0.506836 0.560547 0.507812 0.560547 0.508789 0.559570 0.509766 0.560547 0.509766 0.561523 0.510742 0.562500 0.510742 0.563477 0.511719 0.564453 0.511719 0.565430 0.512695 0.566406 0.512695 0.567383 0.513672 0.568359 0.513672 0.570312 0.515625 0.571289 0.515625 0.572266 0.516602 0.573242 0.516602 0.574219 0.517578 0.578125 0.517578 0.579102 0.516602 0.581055 0.516602 0.582031 0.515625 0.583984 0.515625 0.584961 0.514648 0.584961 0.513672 0.585938 0.512695 0.585938 0.511719 0.586914 0.510742 0.586914 0.508789 0.587891 0.507812 0.587891 0.505859 0.588867 0.504883 0.588867 0.502930 0.589844 0.501953 0.589844 0.500000 0.590820 0.499023 0.590820 0.498047 0.589844 0.497070 0.588867 0.497070 0.587891 0.496094 0.586914 0.496094 0.585938 0.495117 0.584961 0.495117 0.583984 0.494141 0.583008 0.494141 0.582031 0.493164 0.581055 0.493164 0.580078 0.492188 0.579102 0.492188 0.578125 0.491211 0.577148 0.491211 0.576172 0.490234
1 0.571289 0.516602 0.570312 0.516602 0.569336 0.517578 0.569336 0.519531 0.568359 0.520508 0.569336 0.521484 0.567383 0.523438 0.568359 0.524414 0.569336 0.524414 0.568359 0.524414 0.567383 0.523438 0.568359 0.522461 0.569336 0.522461 0.569336 0.521484 0.571289 0.519531
