0 0.330078 0.367188 0.327148 0.367188 0.326172 0.368164 0.321289 0.368164 0.320312 0.369141 0.316406 0.369141 0.315430 0.370117 0.311523 0.370117 0.310547 0.371094 0.306641 0.371094 0.306641 0.375000 0.307617 0.375977 0.307617 0.387695 0.308594 0.388672 0.308594 0.390625 0.309570 0.391602 0.309570 0.393555 0.310547 0.394531 0.310547 0.395508 0.311523 0.396484 0.311523 0.398438 0.312500 0.399414 0.312500 0.400391 0.313477 0.401367 0.313477 0.403320 0.314453 0.404297 0.315430 0.404297 0.316406 0.403320 0.320312 0.403320 0.321289 0.402344 0.325195 0.402344 0.326172 0.401367 0.326172 0.400391 0.325195 0.399414 0.325195 0.398438 0.324219 0.397461 0.324219 0.393555 0.325195 0.392578 0.326172 0.392578 0.327148 0.393555 0.327148 0.394531 0.328125 0.395508 0.328125 0.396484 0.329102 0.397461 0.329102 0.399414 0.330078 0.400391 0.330078 0.401367 0.331055 0.400391 0.334961 0.400391 0.335938 0.399414 0.336914 0.399414 0.336914 0.383789 0.335938 0.382812 0.335938 0.380859 0.334961 0.379883 0.334961 0.378906 0.333984 0.377930 0.333984 0.375977 0.333008 0.375000 0.333008 0.374023 0.332031 0.373047 0.332031 0.372070 0.331055 0.371094 0.331055 0.369141 0.330078 0.368164
1 0.325195 0.393555 0.325195 0.397461 0.326172 0.398438 0.326172 0.399414 0.327148 0.400391 0.327148 0.402344 0.328125 0.403320 0.328125 0.404297 0.329102 0.405273 0.329102 0.406250 0.331055 0.406250 0.331055 0.405273 0.330078 0.404297 0.330078 0.402344 0.329102 0.401367 0.329102 0.400391 0.328125 0.399414 0.328125 0.397461 0.327148 0.396484 0.327148 0.395508 0.326172 0.394531 0.326172 0.393555
0 0.593750 0.689453 0.592773 0.690430 0.587891 0.690430 0.586914 0.691406 0.582031 0.691406 0.581055 0.692383 0.575195 0.692383 0.574219 0.693359 0.569336 0.693359 0.568359 0.694336 0.568359 0.700195 0.569336 0.701172 0.569336 0.708008 0.570312 0.708984 0.570312 0.715820 0.571289 0.716797 0.571289 0.720703 0.572266 0.721680 0.573242 0.721680 0.575195 0.723633 0.576172 0.723633 0.577148 0.724609 0.579102 0.724609 0.580078 0.723633 0.585938 0.723633 0.586914 0.722656 0.591797 0.722656 0.592773 0.721680 0.598633 0.721680 0.599609 0.720703 0.602539 0.720703 0.602539 0.716797 0.601562 0.715820 0.601562 0.709961 0.600586 0.708984 0.600586 0.703125 0.599609 0.702148 0.599609 0.696289 0.598633 0.695312 0.598633 0.693359 0.597656 0.693359
1 0.581055 0.675781 0.580078 0.676758 0.580078 0.678711 0.581055 0.679688 0.581055 0.686523 0.582031 0.687500 0.582031 0.690430 0.583984 0.690430 0.583984 0.685547 0.583008 0.684570 0.583008 0.677734 0.582031 0.676758 0.582031 0.675781
0 0.554688 0.347656 0.554688 0.348633 0.550781 0.352539 0.550781 0.353516 0.546875 0.357422 0.546875 0.358398 0.542969 0.362305 0.542969 0.363281 0.541992 0.364258 0.543945 0.366211 0.543945 0.367188 0.545898 0.369141 0.545898 0.370117 0.546875 0.371094 0.546875 0.372070 0.548828 0.374023 0.549805 0.374023 0.551758 0.375977 0.552734 0.375977 0.554688 0.377930 0.555664 0.377930 0.556641 0.378906 0.557617 0.378906 0.559570 0.380859 0.560547 0.380859 0.562500 0.382812 0.563477 0.382812 0.566406 0.379883 0.566406 0.378906 0.570312 0.375000 0.570312 0.374023 0.574219 0.370117 0.574219 0.369141 0.576172 0.367188 0.576172 0.366211 0.575195 0.365234 0.575195 0.364258 0.573242 0.362305 0.573242 0.361328 0.572266 0.360352 0.572266 0.359375 0.571289 0.358398 0.571289 0.357422 0.570312 0.356445 0.569336 0.356445 0.568359 0.355469 0.567383 0.355469 0.565430 0.353516 0.564453 0.353516 0.563477 0.352539 0.562500 0.352539 0.560547 0.350586 0.559570 0.350586 0.558594 0.349609 0.557617 0.349609 0.555664 0.347656
1 0.551758 0.352539 0.551758 0.355469 0.553711 0.357422 0.553711 0.358398 0.554688 0.359375 0.554688 0.360352 0.555664 0.360352 0.556641 0.361328 0.556641 0.358398 0.555664 0.357422 0.555664 0.356445 0.553711 0.354492 0.553711 0.353516 0.552734 0.352539
0 0.650391 0.605469 0.650391 0.606445 0.649414 0.607422 0.649414 0.608398 0.648438 0.609375 0.648438 0.610352 0.647461 0.611328 0.647461 0.612305 0.646484 0.613281 0.646484 0.614258 0.645508 0.615234 0.645508 0.616211 0.644531 0.617188 0.644531 0.618164 0.643555 0.619141 0.643555 0.621094 0.644531 0.622070 0.644531 0.636719 0.649414 0.636719 0.650391 0.637695 0.654297 0.637695 0.655273 0.638672 0.659180 0.638672 0.660156 0.639648 0.665039 0.639648 0.666016 0.640625 0.666992 0.639648 0.666992 0.638672 0.667969 0.637695 0.667969 0.635742 0.668945 0.634766 0.668945 0.633789 0.669922 0.632812 0.669922 0.631836 0.670898 0.630859 0.670898 0.629883 0.671875 0.628906 0.671875 0.627930 0.670898 0.626953 0.669922 0.626953 0.668945 0.625977 0.668945 0.624023 0.669922 0.623047 0.671875 0.623047 0.671875 0.609375 0.668945 0.609375 0.667969 0.608398 0.664062 0.608398 0.663086 0.607422 0.658203 0.607422 0.657227 0.606445 0.652344 0.606445 0.651367 0.605469
1 0.669922 0.624023 0.669922 0.625977 0.670898 0.625977 0.671875 0.626953 0.676758 0.626953 0.677734 0.627930 0.682617 0.627930 0.683594 0.628906 0.684570 0.627930 0.684570 0.625977 0.679688 0.625977 0.678711 0.625000 0.674805 0.625000 0.673828 0.624023
1 0.434570 0.452148 0.437500 0.452148 0.437500 0.451172 0.435547 0.451172
0 0.392578 0.440430 0.392578 0.443359 0.393555 0.444336 0.393555 0.465820 0.409180 0.465820 0.410156 0.464844 0.423828 0.464844 0.423828 0.441406 0.422852 0.440430 0.422852 0.439453 0.396484 0.439453 0.395508 0.440430
1 0.424805 0.451172 0.424805 0.453125 0.434570 0.453125 0.433594 0.452148 0.434570 0.451172
0 0.510742 0.462891 0.510742 0.464844 0.509766 0.465820 0.509766 0.467773 0.508789 0.468750 0.508789 0.470703 0.507812 0.471680 0.507812 0.472656 0.506836 0.473633 0.506836 0.475586 0.505859 0.476562 0.505859 0.478516 0.504883 0.479492 0.504883 0.481445 0.503906 0.482422 0.503906 0.483398 0.502930 0.484375 0.502930 0.486328 0.501953 0.487305 0.502930 0.488281 0.504883 0.488281 0.505859 0.489258 0.506836 0.489258 0.507812 0.490234 0.509766 0.490234 0.510742 0.491211 0.511719 0.491211 0.512695 0.492188 0.513672 0.492188 0.514648 0.493164 0.516602 0.493164 0.517578 0.494141 0.518555 0.494141 0.519531 0.495117 0.521484 0.495117 0.522461 0.496094 0.523438 0.496094 0.524414 0.497070 0.529297 0.497070 0.530273 0.496094 0.532227 0.496094 0.533203 0.495117 0.534180 0.495117 0.534180 0.494141 0.535156 0.493164 0.535156 0.492188 0.536133 0.491211 0.536133 0.489258 0.537109 0.488281 0.537109 0.486328 0.538086 0.485352 0.538086 0.483398 0.539062 0.482422 0.539062 0.480469 0.540039 0.479492 0.540039 0.478516 0.541016 0.477539 0.541016 0.475586 0.541992 0.474609 0.541992 0.472656 0.542969 0.471680 0.542969 0.469727 0.541016 0.469727 0.540039 0.468750 0.539062 0.468750 0.538086 0.467773 0.537109 0.467773 0.536133 0.466797 0.534180 0.466797 0.533203 0.465820 0.532227 0.465820 0.531250 0.464844 0.530273 0.464844 0.529297 0.463867 0.527344 0.463867 0.526367 0.462891 0.525391 0.462891 0.524414 0.461914 0.523438 0.461914 0.522461 0.460938 0.520508 0.460938 0.519531 0.459961 0.518555 0.460938 0.517578 0.459961 0.516602 0.460938 0.515625 0.460938 0.514648 0.461914 0.512695 0.461914 0.511719 0.462891
0 0.437500 0.260742 0.436523 0.260742 0.435547 0.261719 0.433594 0.261719 0.432617 0.262695 0.430664 0.262695 0.429688 0.263672 0.428711 0.263672 0.427734 0.264648 0.425781 0.264648 0.424805 0.265625 0.422852 0.265625 0.421875 0.266602 0.420898 0.266602 0.419922 0.267578 0.417969 0.267578 0.416992 0.268555 0.417969 0.269531 0.417969 0.275391 0.418945 0.276367 0.418945 0.282227 0.419922 0.283203 0.419922 0.290039 0.421875 0.291992 0.422852 0.291992 0.423828 0.292969 0.424805 0.292969 0.425781 0.293945 0.426758 0.293945 0.427734 0.294922 0.428711 0.294922 0.429688 0.295898 0.430664 0.295898 0.431641 0.296875 0.432617 0.296875 0.433594 0.297852 0.435547 0.297852 0.436523 0.296875 0.438477 0.296875 0.439453 0.295898 0.440430 0.295898 0.441406 0.294922 0.443359 0.294922 0.444336 0.293945 0.445312 0.293945 0.446289 0.292969 0.448242 0.292969 0.449219 0.291992 0.450195 0.291992 0.451172 0.291016 0.453125 0.291016 0.454102 0.290039 0.454102 0.284180 0.453125 0.283203 0.453125 0.275391 0.452148 0.274414 0.452148 0.266602 0.450195 0.266602 0.449219 0.265625 0.448242 0.265625 0.447266 0.264648 0.446289 0.264648 0.445312 0.263672 0.443359 0.263672 0.442383 0.262695 0.441406 0.262695 0.440430 0.261719 0.438477 0.261719
1 0.394531 0.535156 0.393555 0.536133 0.392578 0.536133 0.390625 0.538086 0.391602 0.537109 0.392578 0.537109
1 0.458984 0.269531 0.457031 0.269531 0.456055 0.270508 0.454102 0.270508 0.453125 0.271484 0.453125 0.273438 0.455078 0.273438 0.456055 0.272461 0.458008 0.272461 0.458984 0.271484
0 0.374023 0.533203 0.370117 0.537109 0.369141 0.537109 0.365234 0.541016 0.364258 0.541016 0.359375 0.545898 0.358398 0.545898 0.358398 0.547852 0.361328 0.550781 0.361328 0.551758 0.363281 0.553711 0.363281 0.554688 0.366211 0.557617 0.366211 0.558594 0.375977 0.568359 0.375977 0.569336 0.376953 0.569336 0.379883 0.566406 0.380859 0.566406 0.385742 0.561523 0.386719 0.561523 0.391602 0.556641 0.392578 0.556641 0.392578 0.555664 0.391602 0.554688 0.391602 0.553711 0.390625 0.552734 0.390625 0.551758 0.388672 0.549805 0.388672 0.548828 0.386719 0.546875 0.386719 0.545898 0.376953 0.536133 0.376953 0.535156 0.375000 0.533203
1 0.395508 0.536133 0.394531 0.536133 0.393555 0.535156 0.394531 0.536133 0.392578 0.538086 0.391602 0.538086 0.390625 0.537109 0.388672 0.539062 0.388672 0.540039 0.386719 0.541992 0.384766 0.541992 0.384766 0.542969 0.385742 0.543945 0.386719 0.543945 0.390625 0.540039 0.391602 0.540039
0 0.338867 0.294922 0.338867 0.307617 0.337891 0.308594 0.337891 0.322266 0.338867 0.323242 0.338867 0.324219 0.339844 0.325195 0.339844 0.327148 0.340820 0.328125 0.340820 0.329102 0.355469 0.329102 0.356445 0.330078 0.367188 0.330078 0.367188 0.309570 0.368164 0.308594 0.368164 0.304688 0.367188 0.303711 0.367188 0.300781 0.366211 0.299805 0.366211 0.296875 0.365234 0.295898 0.339844 0.295898
1 0.321289 0.310547 0.321289 0.312500 0.322266 0.313477 0.325195 0.313477 0.326172 0.312500 0.329102 0.312500 0.330078 0.313477 0.336914 0.313477 0.336914 0.311523 0.334961 0.311523 0.333984 0.310547
