0 0.552734 0.356445 0.551758 0.357422 0.550781 0.357422 0.546875 0.361328 0.545898 0.361328 0.541992 0.365234 0.541016 0.365234 0.541016 0.368164 0.541992 0.369141 0.541992 0.374023 0.542969 0.375000 0.542969 0.378906 0.544922 0.378906 0.548828 0.375000 0.550781 0.375000 0.551758 0.375977 0.551758 0.377930 0.550781 0.378906 0.549805 0.378906 0.545898 0.382812 0.544922 0.382812 0.543945 0.383789 0.547852 0.383789 0.548828 0.384766 0.553711 0.384766 0.554688 0.385742 0.558594 0.385742 0.559570 0.386719 0.560547 0.386719 0.564453 0.382812 0.565430 0.382812 0.571289 0.376953 0.571289 0.373047 0.570312 0.372070 0.570312 0.367188 0.569336 0.366211 0.569336 0.361328 0.568359 0.360352 0.568359 0.359375 0.566406 0.359375 0.565430 0.358398 0.560547 0.358398 0.559570 0.357422 0.554688 0.357422 0.553711 0.356445
1 0.550781 0.375977 0.548828 0.375977 0.544922 0.379883 0.543945 0.379883 0.541992 0.381836 0.541992 0.382812 0.542969 0.383789 0.544922 0.381836 0.545898 0.381836 0.549805 0.377930 0.550781 0.377930
0 0.437500 0.634766 0.431641 0.640625 0.430664 0.640625 0.424805 0.646484 0.423828 0.646484 0.417969 0.652344 0.417969 0.653320 0.421875 0.657227 0.421875 0.658203 0.424805 0.661133 0.424805 0.662109 0.428711 0.666016 0.428711 0.666992 0.432617 0.670898 0.432617 0.671875 0.433594 0.672852 0.434570 0.672852 0.436523 0.674805 0.437500 0.674805 0.439453 0.676758 0.440430 0.676758 0.441406 0.677734 0.442383 0.677734 0.448242 0.671875 0.449219 0.671875 0.457031 0.664062 0.458008 0.664062 0.461914 0.660156 0.461914 0.659180 0.460938 0.658203 0.460938 0.657227 0.458008 0.654297 0.458008 0.653320 0.454102 0.649414 0.454102 0.648438 0.451172 0.645508 0.451172 0.644531 0.448242 0.641602 0.448242 0.640625 0.446289 0.638672 0.445312 0.638672 0.444336 0.637695 0.443359 0.637695 0.442383 0.636719 0.441406 0.636719 0.440430 0.635742 0.439453 0.635742 0.438477 0.634766
1 0.463867 0.633789 0.462891 0.633789 0.458008 0.638672 0.457031 0.638672 0.452148 0.643555 0.452148 0.645508 0.453125 0.646484 0.458008 0.641602 0.458984 0.641602 0.464844 0.635742 0.463867 0.634766
0 0.775391 0.419922 0.774414 0.419922 0.773438 0.420898 0.772461 0.420898 0.770508 0.422852 0.769531 0.422852 0.768555 0.423828 0.767578 0.423828 0.766602 0.424805 0.765625 0.424805 0.764648 0.425781 0.763672 0.425781 0.765625 0.427734 0.765625 0.429688 0.764648 0.430664 0.762695 0.430664 0.761719 0.429688 0.761719 0.428711 0.760742 0.427734 0.759766 0.428711 0.758789 0.428711 0.757812 0.429688 0.756836 0.429688 0.755859 0.430664 0.754883 0.430664 0.754883 0.432617 0.753906 0.433594 0.753906 0.441406 0.755859 0.443359 0.755859 0.444336 0.757812 0.446289 0.757812 0.447266 0.759766 0.449219 0.759766 0.450195 0.762695 0.453125 0.762695 0.454102 0.764648 0.456055 0.764648 0.457031 0.766602 0.458984 0.767578 0.458008 0.768555 0.458008 0.769531 0.457031 0.770508 0.457031 0.771484 0.456055 0.772461 0.456055 0.773438 0.455078 0.774414 0.455078 0.776367 0.453125 0.777344 0.453125 0.778320 0.452148 0.779297 0.452148 0.780273 0.451172 0.781250 0.451172 0.782227 0.450195 0.783203 0.450195 0.784180 0.449219 0.785156 0.449219 0.786133 0.448242 0.787109 0.448242 0.788086 0.447266 0.788086 0.437500 0.786133 0.435547 0.786133 0.434570 0.784180 0.432617 0.784180 0.431641 0.782227 0.429688 0.782227 0.428711 0.780273 0.426758 0.780273 0.425781 0.777344 0.422852 0.777344 0.421875
1 0.754883 0.416992 0.754883 0.417969 0.755859 0.418945 0.755859 0.419922 0.757812 0.421875 0.757812 0.422852 0.760742 0.425781 0.760742 0.426758 0.762695 0.428711 0.762695 0.429688 0.764648 0.429688 0.764648 0.427734 0.762695 0.425781 0.762695 0.424805 0.760742 0.422852 0.760742 0.421875 0.758789 0.419922 0.758789 0.418945 0.756836 0.416992
0 0.630859 0.694336 0.630859 0.700195 0.629883 0.701172 0.629883 0.713867 0.628906 0.714844 0.628906 0.720703 0.629883 0.721680 0.629883 0.722656 0.630859 0.723633 0.630859 0.724609 0.631836 0.725586 0.631836 0.727539 0.632812 0.728516 0.632812 0.729492 0.633789 0.730469 0.633789 0.731445 0.651367 0.731445 0.652344 0.732422 0.661133 0.732422 0.661133 0.725586 0.662109 0.724609 0.662109 0.712891 0.663086 0.711914 0.663086 0.706055 0.662109 0.705078 0.662109 0.704102 0.661133 0.703125 0.661133 0.702148 0.660156 0.701172 0.660156 0.700195 0.659180 0.699219 0.659180 0.698242 0.658203 0.697266 0.658203 0.696289 0.657227 0.695312 0.637695 0.695312 0.636719 0.694336
0 0.529297 0.416992 0.532227 0.419922 0.533203 0.418945 0.532227 0.419922
0 0.521484 0.415039 0.520508 0.415039 0.519531 0.414062 0.519531 0.415039 0.518555 0.416016 0.519531 0.415039 0.520508 0.416016
0 0.527344 0.400391 0.527344 0.401367 0.526367 0.402344 0.526367 0.403320 0.525391 0.404297 0.525391 0.405273 0.524414 0.406250 0.524414 0.412109 0.526367 0.414062 0.527344 0.414062 0.528320 0.413086 0.529297 0.413086 0.530273 0.414062 0.531250 0.414062 0.532227 0.415039 0.534180 0.415039 0.535156 0.416016 0.536133 0.415039 0.536133 0.414062 0.537109 0.413086 0.537109 0.412109 0.539062 0.410156 0.539062 0.409180 0.538086 0.408203 0.536133 0.408203 0.536133 0.409180 0.535156 0.410156 0.530273 0.410156 0.529297 0.411133 0.528320 0.410156 0.527344 0.410156 0.526367 0.409180 0.525391 0.410156 0.524414 0.409180 0.524414 0.407227 0.525391 0.406250 0.526367 0.407227 0.526367 0.406250 0.527344 0.405273 0.527344 0.404297 0.528320 0.403320 0.528320 0.401367
1 0.647461 0.717773 0.647461 0.720703 0.648438 0.721680 0.648438 0.722656 0.649414 0.723633 0.649414 0.724609 0.650391 0.725586 0.650391 0.726562 0.651367 0.727539 0.651367 0.728516 0.653320 0.728516 0.653320 0.724609 0.652344 0.723633 0.652344 0.722656 0.651367 0.721680 0.651367 0.720703 0.650391 0.719727 0.650391 0.718750 0.649414 0.718750 0.648438 0.717773
1 0.531250 0.415039 0.532227 0.416016 0.531250 0.416992 0.532227 0.417969 0.534180 0.417969 0.535156 0.416992 0.534180 0.416016 0.532227 0.416016
1 0.528320 0.414062 0.527344 0.415039 0.528320 0.416016 0.529297 0.415039
0 0.500977 0.413086 0.502930 0.413086 0.503906 0.414062 0.503906 0.415039 0.504883 0.416016 0.505859 0.416016 0.507812 0.417969 0.508789 0.417969 0.511719 0.420898 0.513672 0.420898 0.514648 0.419922 0.515625 0.419922 0.519531 0.416016 0.518555 0.415039 0.518555 0.414062 0.519531 0.413086 0.520508 0.414062 0.522461 0.414062 0.523438 0.413086 0.523438 0.406250 0.524414 0.405273 0.524414 0.404297 0.525391 0.403320 0.525391 0.402344 0.526367 0.401367 0.526367 0.400391 0.527344 0.399414 0.529297 0.401367 0.529297 0.403320 0.528320 0.404297 0.528320 0.405273 0.527344 0.406250 0.527344 0.407227 0.526367 0.408203 0.525391 0.407227 0.525391 0.409180 0.526367 0.408203 0.527344 0.409180 0.528320 0.409180 0.529297 0.410156 0.530273 0.409180 0.535156 0.409180 0.535156 0.408203 0.536133 0.407227 0.537109 0.407227 0.536133 0.406250 0.535156 0.406250 0.531250 0.402344 0.530273 0.402344 0.527344 0.399414 0.525391 0.399414 0.524414 0.398438 0.523438 0.398438 0.522461 0.397461 0.521484 0.397461 0.520508 0.396484 0.519531 0.396484 0.518555 0.395508 0.517578 0.395508 0.516602 0.394531 0.514648 0.394531 0.513672 0.393555 0.512695 0.393555 0.511719 0.392578 0.511719 0.393555 0.509766 0.395508 0.509766 0.396484 0.508789 0.397461 0.508789 0.398438 0.507812 0.399414 0.507812 0.400391 0.505859 0.402344 0.505859 0.403320 0.504883 0.404297 0.504883 0.405273 0.502930 0.407227 0.502930 0.408203 0.501953 0.409180 0.501953 0.410156 0.500977 0.411133
1 0.534180 0.416992 0.535156 0.417969 0.534180 0.418945 0.536133 0.418945 0.537109 0.419922 0.539062 0.419922 0.538086 0.418945 0.538086 0.417969 0.537109 0.417969 0.536133 0.416992 0.535156 0.417969
1 0.528320 0.415039 0.530273 0.416992 0.531250 0.416016 0.532227 0.416992 0.529297 0.414062
0 0.524414 0.413086 0.520508 0.416992 0.519531 0.416992 0.515625 0.420898 0.514648 0.420898 0.510742 0.424805 0.509766 0.424805 0.504883 0.429688 0.503906 0.429688 0.505859 0.431641 0.505859 0.432617 0.506836 0.433594 0.506836 0.434570 0.508789 0.436523 0.508789 0.437500 0.509766 0.438477 0.509766 0.439453 0.510742 0.440430 0.510742 0.441406 0.512695 0.443359 0.512695 0.444336 0.513672 0.445312 0.513672 0.446289 0.516602 0.449219 0.517578 0.449219 0.525391 0.457031 0.526367 0.457031 0.527344 0.458008 0.528320 0.457031 0.529297 0.457031 0.532227 0.454102 0.533203 0.454102 0.537109 0.450195 0.538086 0.450195 0.541992 0.446289 0.542969 0.446289 0.546875 0.442383 0.547852 0.442383 0.545898 0.440430 0.545898 0.439453 0.543945 0.437500 0.543945 0.436523 0.542969 0.435547 0.542969 0.434570 0.541016 0.432617 0.541016 0.431641 0.539062 0.429688 0.539062 0.428711 0.538086 0.427734 0.538086 0.426758
0 0.625977 0.281250 0.625977 0.304688 0.650391 0.304688 0.651367 0.303711 0.653320 0.303711 0.653320 0.293945 0.651367 0.293945 0.650391 0.292969 0.650391 0.291992 0.651367 0.291016 0.653320 0.291016 0.653320 0.280273 0.631836 0.280273 0.630859 0.281250
1 0.651367 0.291992 0.651367 0.292969 0.666992 0.292969 0.666992 0.291992
0 0.555664 0.524414 0.554688 0.524414 0.553711 0.525391 0.549805 0.525391 0.548828 0.526367 0.545898 0.526367 0.544922 0.527344 0.541016 0.527344 0.540039 0.528320 0.538086 0.528320 0.538086 0.529297 0.536133 0.531250 0.536133 0.532227 0.534180 0.534180 0.534180 0.535156 0.532227 0.537109 0.532227 0.540039 0.533203 0.541016 0.533203 0.541992 0.534180 0.542969 0.534180 0.543945 0.535156 0.544922 0.535156 0.545898 0.536133 0.546875 0.536133 0.547852 0.537109 0.548828 0.537109 0.549805 0.538086 0.550781 0.538086 0.551758 0.539062 0.552734 0.539062 0.553711 0.540039 0.554688 0.541016 0.554688 0.541992 0.553711 0.545898 0.553711 0.546875 0.552734 0.550781 0.552734 0.551758 0.551758 0.555664 0.551758 0.558594 0.548828 0.558594 0.547852 0.559570 0.546875 0.559570 0.545898 0.561523 0.543945 0.561523 0.542969 0.562500 0.541992 0.562500 0.539062 0.557617 0.539062 0.556641 0.540039 0.555664 0.539062 0.555664 0.537109 0.557617 0.535156 0.560547 0.535156 0.559570 0.534180 0.559570 0.533203 0.558594 0.532227 0.558594 0.531250 0.557617 0.530273 0.557617 0.528320 0.556641 0.527344 0.556641 0.526367 0.555664 0.525391
1 0.568359 0.535156 0.567383 0.534180 0.566406 0.535156 0.562500 0.535156 0.561523 0.536133 0.557617 0.536133 0.556641 0.537109 0.556641 0.539062 0.557617 0.538086 0.561523 0.538086 0.562500 0.537109 0.565430 0.537109 0.566406 0.536133 0.568359 0.536133
0 0.539062 0.273438 0.538086 0.274414 0.538086 0.275391 0.535156 0.278320 0.535156 0.279297 0.531250 0.283203 0.531250 0.284180 0.528320 0.287109 0.528320 0.288086 0.526367 0.290039 0.526367 0.291016 0.529297 0.293945 0.529297 0.294922 0.539062 0.304688 0.540039 0.304688 0.541016 0.305664 0.542969 0.305664 0.543945 0.306641 0.545898 0.306641 0.546875 0.307617 0.548828 0.307617 0.549805 0.308594 0.550781 0.308594 0.551758 0.307617 0.551758 0.306641 0.554688 0.303711 0.554688 0.302734 0.558594 0.298828 0.558594 0.297852 0.561523 0.294922 0.561523 0.293945 0.564453 0.291016 0.555664 0.282227 0.555664 0.281250 0.550781 0.276367 0.548828 0.276367 0.547852 0.275391 0.544922 0.275391 0.543945 0.274414 0.541016 0.274414 0.540039 0.273438
