0 0.727373 0.580574 0.720751 0.580574 0.719647 0.581678 0.704194 0.581678 0.703091 0.582781 0.692053 0.582781 0.692053 0.593819 0.690949 0.594923 0.690949 0.611479 0.692053 0.612583 0.692053 0.616998 0.693157 0.618102 0.693157 0.621413 0.694260 0.622517 0.694260 0.626932 0.695364 0.628035 0.695364 0.631347 0.696468 0.632450 0.696468 0.634658 0.706402 0.634658 0.707506 0.633554 0.722958 0.633554 0.724062 0.632450 0.732892 0.632450 0.732892 0.623620 0.733996 0.622517 0.733996 0.612583 0.735099 0.611479 0.735099 0.605960 0.733996 0.604857 0.733996 0.601545 0.732892 0.600442 0.732892 0.597130 0.731788 0.596026 0.731788 0.593819 0.730684 0.592715 0.730684 0.589404 0.729581 0.588300 0.729581 0.584989 0.728477 0.583885 0.728477 0.581678
1 0.507726 0.387417 0.505519 0.387417 0.504415 0.388521 0.504415 0.389625 0.503311 0.390728 0.505519 0.390728 0.506623 0.389625 0.506623 0.388521
0 0.298013 0.621413 0.296909 0.622517 0.296909 0.623620 0.295806 0.624724 0.295806 0.625828 0.294702 0.626932 0.294702 0.628035 0.292494 0.630243 0.292494 0.631347 0.291391 0.632450 0.291391 0.633554 0.290287 0.634658 0.290287 0.635762 0.289183 0.636865 0.289183 0.637969 0.286976 0.640177 0.286976 0.641280 0.285872 0.642384 0.285872 0.646799 0.286976 0.647903 0.286976 0.650110 0.288079 0.651214 0.288079 0.654525 0.289183 0.655629 0.289183 0.657837 0.290287 0.658940 0.290287 0.661148 0.291391 0.662252 0.291391 0.664459 0.292494 0.665563 0.292494 0.668874 0.293598 0.669978 0.293598 0.672185 0.304636 0.672185 0.305740 0.671082 0.326711 0.671082 0.326711 0.669978 0.328918 0.667770 0.328918 0.666667 0.331126 0.664459 0.331126 0.663355 0.332230 0.662252 0.332230 0.661148 0.334437 0.658940 0.334437 0.657837 0.335541 0.656733 0.335541 0.655629 0.337748 0.653422 0.337748 0.652318 0.338852 0.651214 0.338852 0.650110 0.339956 0.649007 0.339956 0.646799 0.338852 0.645695 0.338852 0.643488 0.337748 0.642384 0.337748 0.640177 0.336645 0.639073 0.336645 0.636865 0.335541 0.635762 0.335541 0.633554 0.334437 0.632450 0.334437 0.631347 0.333333 0.630243 0.333333 0.628035 0.332230 0.626932 0.332230 0.624724 0.331126 0.623620 0.331126 0.621413 0.330022 0.621413 0.330022 0.622517 0.328918 0.623620 0.328918 0.624724 0.326711 0.626932 0.326711 0.628035 0.325607 0.629139 0.325607 0.630243 0.324503 0.631347 0.324503 0.632450 0.322296 0.634658 0.322296 0.635762 0.321192 0.636865 0.318985 0.636865 0.316777 0.634658 0.316777 0.632450 0.317881 0.631347 0.317881 0.630243 0.320088 0.628035 0.320088 0.626932 0.321192 0.625828 0.321192 0.624724 0.322296 0.623620 0.322296 0.622517 0.323400 0.621413
1 0.328918 0.616998 0.326711 0.616998 0.326711 0.618102 0.325607 0.619205 0.325607 0.620309 0.323400 0.622517 0.323400 0.623620 0.322296 0.624724 0.322296 0.625828 0.321192 0.626932 0.321192 0.628035 0.318985 0.630243 0.318985 0.631347 0.317881 0.632450 0.317881 0.634658 0.318985 0.635762 0.321192 0.635762 0.321192 0.634658 0.323400 0.632450 0.323400 0.631347 0.324503 0.630243 0.324503 0.629139 0.325607 0.628035 0.325607 0.626932 0.327815 0.624724 0.327815 0.623620 0.328918 0.622517 0.328918 0.621413 0.330022 0.620309 0.330022 0.618102
0 0.367550 0.480132 0.365342 0.482340 0.364238 0.482340 0.360927 0.485651 0.359823 0.485651 0.355408 0.490066 0.354305 0.490066 0.349890 0.494481 0.348786 0.494481 0.348786 0.498896 0.349890 0.500000 0.349890 0.502208 0.350993 0.503311 0.350993 0.504415 0.352097 0.505519 0.352097 0.506623 0.366446 0.520971 0.368653 0.518764 0.369757 0.518764 0.374172 0.514349 0.375276 0.514349 0.379691 0.509934 0.380795 0.509934 0.385210 0.505519 0.384106 0.504415 0.384106 0.500000 0.383002 0.498896 0.383002 0.496689 0.370861 0.484547 0.370861 0.483444
0 0.618102 0.475717 0.618102 0.477925 0.619205 0.477925 0.619205 0.475717
0 0.613687 0.461369 0.615894 0.461369 0.616998 0.460265 0.613687 0.460265
0 0.635762 0.455850 0.634658 0.455850 0.634658 0.458057 0.635762 0.456954
0 0.630243 0.451435 0.630243 0.453642 0.632450 0.455850 0.632450 0.452539 0.631347 0.451435
0 0.623620 0.445916 0.623620 0.447020 0.626932 0.447020 0.626932 0.445916
1 0.348786 0.480132 0.347682 0.481236 0.347682 0.482340 0.354305 0.488962 0.355408 0.488962 0.356512 0.487859
1 0.588300 0.462472 0.589404 0.462472 0.590508 0.463576 0.597130 0.463576 0.598234 0.462472 0.598234 0.461369 0.589404 0.461369
0 0.603753 0.447020 0.603753 0.473510 0.604857 0.474614 0.604857 0.479029 0.610375 0.479029 0.611479 0.477925 0.616998 0.477925 0.616998 0.475717 0.618102 0.474614 0.619205 0.474614 0.620309 0.475717 0.620309 0.477925 0.637969 0.477925 0.639073 0.476821 0.639073 0.450331 0.637969 0.449227 0.637969 0.445916 0.636865 0.447020 0.635762 0.445916 0.628035 0.445916 0.628035 0.447020 0.626932 0.448124 0.623620 0.448124 0.622517 0.447020 0.622517 0.445916 0.609272 0.445916 0.608168 0.447020
1 0.598234 0.463576 0.602649 0.463576 0.602649 0.461369 0.599338 0.461369 0.599338 0.462472
1 0.583885 0.462472 0.583885 0.463576 0.589404 0.463576 0.588300 0.463576 0.587196 0.462472 0.588300 0.461369 0.584989 0.461369
1 0.517660 0.398455 0.517660 0.401766 0.516556 0.402870 0.515453 0.402870 0.514349 0.401766 0.514349 0.406181 0.517660 0.406181
1 0.516556 0.387417 0.516556 0.389625 0.515453 0.390728 0.514349 0.390728 0.516556 0.392936 0.516556 0.395143 0.517660 0.396247 0.517660 0.389625 0.516556 0.388521
0 0.494481 0.356512 0.494481 0.386313 0.529801 0.386313 0.530905 0.385210 0.536424 0.385210 0.536424 0.355408 0.500000 0.355408 0.498896 0.356512
1 0.503311 0.517660 0.502208 0.518764 0.501104 0.518764 0.502208 0.518764
1 0.514349 0.391832 0.514349 0.400662 0.515453 0.401766 0.516556 0.401766 0.516556 0.398455 0.517660 0.397351 0.515453 0.395143 0.515453 0.392936
1 0.514349 0.387417 0.514349 0.389625 0.515453 0.389625 0.515453 0.387417
0 0.538631 0.477925 0.535320 0.477925 0.534216 0.479029 0.530905 0.479029 0.529801 0.480132 0.526490 0.480132 0.525386 0.481236 0.523179 0.481236 0.522075 0.482340 0.518764 0.482340 0.517660 0.483444 0.514349 0.483444 0.513245 0.484547 0.509934 0.484547 0.508830 0.485651 0.506623 0.485651 0.505519 0.486755 0.502208 0.486755 0.501104 0.487859 0.498896 0.487859 0.498896 0.509934 0.500000 0.511038 0.500000 0.513245 0.502208 0.513245 0.503311 0.512141 0.505519 0.514349 0.505519 0.517660 0.503311 0.519868 0.502208 0.519868 0.503311 0.520971 0.503311 0.522075 0.504415 0.523179 0.504415 0.525386 0.505519 0.526490 0.505519 0.528698 0.506623 0.529801 0.506623 0.532009 0.507726 0.533113 0.507726 0.534216 0.508830 0.535320 0.508830 0.537528 0.509934 0.538631 0.509934 0.540839 0.511038 0.541943 0.511038 0.543046 0.512141 0.541943 0.514349 0.541943 0.515453 0.540839 0.518764 0.540839 0.519868 0.539735 0.522075 0.539735 0.523179 0.538631 0.526490 0.538631 0.527594 0.537528 0.529801 0.537528 0.530905 0.536424 0.534216 0.536424 0.535320 0.535320 0.537528 0.535320 0.538631 0.534216 0.541943 0.534216 0.543046 0.533113 0.545254 0.533113 0.546358 0.532009 0.549669 0.532009 0.549669 0.526490 0.550773 0.525386 0.550773 0.516556 0.551876 0.515453 0.551876 0.511038 0.550773 0.509934 0.550773 0.507726 0.549669 0.506623 0.549669 0.505519 0.548565 0.504415 0.548565 0.502208 0.547461 0.501104 0.547461 0.500000 0.546358 0.498896 0.546358 0.496689 0.545254 0.495585 0.545254 0.494481 0.544150 0.493377 0.544150 0.491170 0.543046 0.490066 0.543046 0.488962 0.541943 0.487859 0.541943 0.485651 0.540839 0.484547 0.540839 0.483444 0.539735 0.482340 0.539735 0.480132 0.538631 0.479029
1 0.629139 0.661148 0.630243 0.661148 0.631347 0.660044 0.634658 0.660044 0.633554 0.658940 0.630243 0.658940 0.631347 0.660044 0.630243 0.661148
1 0.504415 0.514349 0.503311 0.513245 0.502208 0.514349 0.498896 0.514349 0.497792 0.515453 0.494481 0.515453 0.493377 0.516556 0.491170 0.516556 0.490066 0.517660 0.486755 0.517660 0.485651 0.518764 0.482340 0.518764 0.481236 0.519868 0.479029 0.519868 0.477925 0.520971 0.477925 0.524283 0.479029 0.525386 0.480132 0.524283 0.483444 0.524283 0.484547 0.523179 0.486755 0.523179 0.487859 0.522075 0.491170 0.522075 0.492274 0.520971 0.495585 0.520971 0.496689 0.519868 0.498896 0.519868 0.501104 0.517660 0.502208 0.517660 0.503311 0.518764 0.504415 0.517660
0 0.657837 0.637969 0.650110 0.637969 0.649007 0.639073 0.640177 0.639073 0.639073 0.640177 0.633554 0.640177 0.633554 0.641280 0.632450 0.642384 0.632450 0.643488 0.630243 0.645695 0.630243 0.646799 0.629139 0.647903 0.629139 0.649007 0.628035 0.650110 0.628035 0.651214 0.626932 0.652318 0.626932 0.653422 0.625828 0.654525 0.625828 0.655629 0.624724 0.656733 0.624724 0.658940 0.628035 0.658940 0.629139 0.657837 0.633554 0.657837 0.635762 0.660044 0.635762 0.661148 0.633554 0.663355 0.626932 0.663355 0.628035 0.664459 0.628035 0.666667 0.629139 0.667770 0.629139 0.668874 0.630243 0.669978 0.630243 0.671082 0.631347 0.672185 0.631347 0.673289 0.632450 0.674393 0.632450 0.675497 0.633554 0.676600 0.633554 0.677704 0.634658 0.678808 0.634658 0.679912 0.643488 0.679912 0.644592 0.678808 0.652318 0.678808 0.653422 0.677704 0.658940 0.677704 0.660044 0.676600 0.660044 0.675497 0.661148 0.674393 0.661148 0.673289 0.663355 0.671082 0.663355 0.669978 0.664459 0.668874 0.664459 0.667770 0.665563 0.666667 0.665563 0.665563 0.667770 0.663355 0.667770 0.662252 0.668874 0.661148 0.668874 0.658940 0.667770 0.657837 0.667770 0.656733 0.666667 0.655629 0.666667 0.654525 0.665563 0.653422 0.665563 0.652318 0.664459 0.651214 0.664459 0.650110 0.663355 0.649007 0.663355 0.647903 0.662252 0.646799 0.662252 0.645695 0.661148 0.644592 0.661148 0.643488 0.660044 0.642384 0.660044 0.641280 0.658940 0.640177 0.658940 0.639073
1 0.634658 0.661148 0.631347 0.661148 0.629139 0.658940 0.628035 0.660044 0.620309 0.660044 0.619205 0.661148 0.616998 0.661148 0.616998 0.663355 0.625828 0.663355 0.626932 0.662252 0.633554 0.662252
1 0.718543 0.456954 0.717439 0.458057 0.716336 0.458057 0.717439 0.459161 0.716336 0.460265 0.718543 0.460265
1 0.696468 0.452539 0.696468 0.454746 0.695364 0.455850 0.698675 0.455850 0.697572 0.454746 0.698675 0.453642 0.697572 0.453642
0 0.658940 0.427152 0.657837 0.428256 0.657837 0.432671 0.656733 0.433775 0.656733 0.438190 0.655629 0.439294 0.655629 0.442605 0.654525 0.443709 0.654525 0.448124 0.653422 0.449227 0.653422 0.452539 0.652318 0.453642 0.652318 0.458057 0.651214 0.459161 0.651214 0.463576 0.650110 0.464680 0.650110 0.465784 0.651214 0.466887 0.655629 0.466887 0.656733 0.467991 0.660044 0.467991 0.661148 0.469095 0.664459 0.469095 0.665563 0.470199 0.668874 0.470199 0.669978 0.471302 0.673289 0.471302 0.674393 0.472406 0.678808 0.472406 0.679912 0.473510 0.683223 0.473510 0.684327 0.474614 0.687638 0.474614 0.688742 0.475717 0.693157 0.471302 0.693157 0.470199 0.694260 0.469095 0.694260 0.465784 0.695364 0.464680 0.695364 0.460265 0.696468 0.459161 0.696468 0.456954 0.695364 0.456954 0.694260 0.455850 0.695364 0.454746 0.695364 0.452539 0.696468 0.451435 0.697572 0.451435 0.697572 0.450331 0.698675 0.449227 0.698675 0.445916 0.699779 0.444812 0.699779 0.440397 0.700883 0.439294 0.700883 0.435982 0.701987 0.434879 0.701987 0.433775 0.700883 0.432671 0.697572 0.432671 0.696468 0.431567 0.692053 0.431567 0.690949 0.430464 0.687638 0.430464 0.686534 0.429360 0.683223 0.429360 0.682119 0.428256 0.677704 0.428256 0.676600 0.427152 0.673289 0.427152 0.672185 0.426049 0.667770 0.426049 0.666667 0.424945 0.663355 0.424945 0.662252 0.426049 0.661148 0.426049 0.660044 0.427152
1 0.719647 0.458057 0.719647 0.460265 0.718543 0.461369 0.721854 0.461369 0.721854 0.458057
1 0.697572 0.452539 0.698675 0.452539 0.699779 0.453642 0.698675 0.454746 0.699779 0.455850 0.698675 0.456954 0.703091 0.456954 0.704194 0.458057 0.707506 0.458057 0.708609 0.459161 0.711921 0.459161 0.713024 0.460265 0.715232 0.460265 0.716336 0.459161 0.715232 0.458057 0.716336 0.456954 0.717439 0.456954 0.714128 0.456954 0.713024 0.455850 0.708609 0.455850 0.707506 0.454746 0.705298 0.454746 0.704194 0.453642 0.699779 0.453642 0.698675 0.452539
