0 0.830508 0.523729 0.830508 0.572881 0.855932 0.572881 0.857627 0.574576 0.872881 0.574576 0.874576 0.572881 0.881356 0.572881 0.883051 0.571186 0.889831 0.571186 0.891525 0.569492 0.898305 0.569492 0.898305 0.520339 0.889831 0.520339 0.888136 0.518644 0.866102 0.518644 0.864407 0.516949 0.855932 0.516949 0.854237 0.518644 0.849153 0.518644 0.847458 0.520339 0.844068 0.520339 0.842373 0.522034 0.837288 0.522034 0.835593 0.523729
1 0.900000 0.547458 0.900000 0.550847 0.911864 0.550847 0.911864 0.547458
0 0.147458 0.577966 0.127119 0.577966 0.125424 0.576271 0.116949 0.576271 0.115254 0.577966 0.111864 0.577966 0.110169 0.579661 0.108475 0.579661 0.106780 0.581356 0.105085 0.581356 0.103390 0.583051 0.101695 0.583051 0.100000 0.584746 0.096610 0.584746 0.094915 0.586441 0.093220 0.586441 0.091525 0.588136 0.089831 0.588136 0.088136 0.589831 0.086441 0.589831 0.084746 0.591525 0.081356 0.591525 0.079661 0.593220 0.077966 0.593220 0.076271 0.594915 0.074576 0.594915 0.072881 0.596610 0.071186 0.596610 0.069492 0.598305 0.066102 0.598305 0.064407 0.600000 0.064407 0.603390 0.066102 0.605085 0.066102 0.606780 0.067797 0.608475 0.067797 0.611864 0.069492 0.613559 0.069492 0.615254 0.071186 0.616949 0.071186 0.620339 0.072881 0.622034 0.072881 0.623729 0.074576 0.625424 0.074576 0.628814 0.076271 0.630508 0.076271 0.632203 0.077966 0.633898 0.077966 0.637288 0.079661 0.638983 0.079661 0.640678 0.081356 0.642373 0.081356 0.645763 0.083051 0.647458 0.083051 0.649153 0.084746 0.650847 0.084746 0.654237 0.086441 0.655932 0.086441 0.657627 0.088136 0.659322 0.091525 0.659322 0.093220 0.661017 0.103390 0.661017 0.105085 0.662712 0.115254 0.662712 0.116949 0.664407 0.123729 0.664407 0.125424 0.662712 0.127119 0.662712 0.128814 0.661017 0.130508 0.661017 0.132203 0.659322 0.133898 0.659322 0.135593 0.657627 0.137288 0.657627 0.138983 0.655932 0.140678 0.655932 0.142373 0.654237 0.144068 0.654237 0.145763 0.652542 0.147458 0.652542 0.149153 0.650847 0.150847 0.650847 0.152542 0.649153 0.154237 0.649153 0.155932 0.647458 0.157627 0.647458 0.159322 0.645763 0.161017 0.645763 0.162712 0.644068 0.164407 0.644068 0.166102 0.642373 0.167797 0.642373 0.169492 0.640678 0.171186 0.640678 0.172881 0.638983 0.174576 0.638983 0.174576 0.637288 0.172881 0.635593 0.172881 0.632203 0.171186 0.630508 0.171186 0.628814 0.169492 0.627119 0.169492 0.623729 0.167797 0.622034 0.167797 0.618644 0.166102 0.616949 0.166102 0.613559 0.164407 0.611864 0.164407 0.610169 0.162712 0.608475 0.162712 0.605085 0.161017 0.603390 0.161017 0.600000 0.159322 0.598305 0.159322 0.594915 0.157627 0.593220 0.157627 0.591525 0.155932 0.589831 0.155932 0.586441 0.154237 0.584746 0.154237 0.581356 0.152542 0.579661 0.149153 0.579661
1 0.181356 0.591525 0.179661 0.589831 0.174576 0.589831 0.172881 0.591525 0.171186 0.591525 0.169492 0.593220 0.167797 0.593220 0.166102 0.594915 0.164407 0.594915 0.162712 0.596610 0.161017 0.596610 0.161017 0.598305 0.162712 0.600000 0.162712 0.603390 0.164407 0.601695 0.166102 0.601695 0.167797 0.600000 0.171186 0.600000 0.172881 0.598305 0.174576 0.598305 0.176271 0.596610 0.177966 0.596610 0.179661 0.594915 0.181356 0.594915
0 0.791525 0.749153 0.786441 0.754237 0.784746 0.754237 0.779661 0.759322 0.777966 0.759322 0.771186 0.766102 0.769492 0.766102 0.766102 0.769492 0.772881 0.776271 0.767797 0.781356 0.766102 0.781356 0.762712 0.777966 0.759322 0.777966 0.759322 0.781356 0.757627 0.783051 0.757627 0.784746 0.755932 0.786441 0.755932 0.789831 0.754237 0.791525 0.754237 0.793220 0.752542 0.794915 0.752542 0.796610 0.750847 0.798305 0.750847 0.801695 0.749153 0.803390 0.749153 0.805085 0.747458 0.806780 0.752542 0.811864 0.754237 0.811864 0.757627 0.815254 0.759322 0.815254 0.764407 0.820339 0.766102 0.820339 0.771186 0.825424 0.772881 0.825424 0.777966 0.830508 0.779661 0.830508 0.784746 0.835593 0.789831 0.835593 0.794915 0.830508 0.796610 0.830508 0.800000 0.827119 0.801695 0.827119 0.806780 0.822034 0.808475 0.822034 0.811864 0.818644 0.813559 0.818644 0.816949 0.815254 0.818644 0.815254 0.818644 0.811864 0.820339 0.810169 0.820339 0.806780 0.822034 0.805085 0.822034 0.801695 0.823729 0.800000 0.823729 0.798305 0.825424 0.796610 0.825424 0.793220 0.827119 0.791525 0.827119 0.788136 0.828814 0.786441 0.828814 0.784746 0.830508 0.783051 0.830508 0.777966 0.828814 0.776271 0.827119 0.776271 0.822034 0.771186 0.820339 0.771186 0.815254 0.766102 0.813559 0.766102 0.808475 0.761017 0.806780 0.761017 0.801695 0.755932 0.800000 0.755932 0.794915 0.750847 0.793220 0.750847
1 0.740678 0.759322 0.740678 0.761017 0.742373 0.761017 0.747458 0.766102 0.749153 0.766102 0.754237 0.771186 0.755932 0.771186 0.761017 0.776271 0.762712 0.776271 0.766102 0.779661 0.767797 0.779661 0.771186 0.776271 0.766102 0.771186 0.764407 0.771186 0.759322 0.766102 0.757627 0.766102 0.752542 0.761017 0.750847 0.761017 0.745763 0.755932 0.744068 0.755932
1 0.528814 0.779661 0.525424 0.779661 0.523729 0.777966 0.518644 0.777966 0.520339 0.779661 0.518644 0.781356 0.505085 0.781356 0.506780 0.781356 0.508475 0.783051 0.506780 0.784746 0.505085 0.784746 0.528814 0.784746
0 0.533898 0.740678 0.533898 0.745763 0.532203 0.747458 0.532203 0.783051 0.533898 0.784746 0.533898 0.820339 0.591525 0.820339 0.591525 0.740678
1 0.525424 0.777966 0.528814 0.777966 0.530508 0.779661 0.530508 0.784746 0.532203 0.784746 0.530508 0.783051 0.530508 0.777966
1 0.493220 0.784746 0.494915 0.784746 0.496610 0.783051 0.500000 0.783051 0.501695 0.784746 0.503390 0.784746 0.505085 0.783051 0.506780 0.783051 0.505085 0.783051 0.503390 0.781356 0.505085 0.779661 0.518644 0.779661 0.516949 0.777966 0.493220 0.777966
0 0.455932 0.533898 0.454237 0.535593 0.454237 0.538983 0.452542 0.540678 0.452542 0.545763 0.450847 0.547458 0.450847 0.550847 0.449153 0.552542 0.449153 0.555932 0.447458 0.557627 0.447458 0.562712 0.445763 0.564407 0.445763 0.567797 0.444068 0.569492 0.445763 0.571186 0.445763 0.572881 0.449153 0.576271 0.449153 0.577966 0.450847 0.579661 0.450847 0.581356 0.452542 0.583051 0.455932 0.583051 0.457627 0.584746 0.464407 0.584746 0.466102 0.586441 0.471186 0.586441 0.472881 0.588136 0.477966 0.588136 0.479661 0.589831 0.486441 0.589831 0.488136 0.591525 0.489831 0.591525 0.489831 0.586441 0.491525 0.584746 0.491525 0.581356 0.493220 0.579661 0.493220 0.576271 0.494915 0.574576 0.494915 0.571186 0.496610 0.569492 0.496610 0.564407 0.498305 0.562712 0.498305 0.559322 0.500000 0.557627 0.500000 0.552542 0.496610 0.549153 0.496610 0.547458 0.493220 0.544068 0.493220 0.542373 0.491525 0.542373 0.489831 0.540678 0.484746 0.540678 0.483051 0.538983 0.477966 0.538983 0.476271 0.537288 0.471186 0.537288 0.469492 0.535593 0.464407 0.535593 0.462712 0.533898
0 0.827119 0.838983 0.840678 0.838983 0.842373 0.837288 0.845763 0.837288 0.828814 0.837288
0 0.294915 0.657627 0.291525 0.657627 0.288136 0.661017 0.286441 0.661017 0.284746 0.662712 0.283051 0.662712 0.281356 0.664407 0.279661 0.664407 0.277966 0.666102 0.276271 0.666102 0.274576 0.667797 0.272881 0.667797 0.269492 0.671186 0.267797 0.671186 0.266102 0.672881 0.266102 0.674576 0.261017 0.679661 0.261017 0.681356 0.257627 0.684746 0.257627 0.686441 0.252542 0.691525 0.252542 0.693220 0.249153 0.696610 0.249153 0.698305 0.247458 0.700000 0.277966 0.730508 0.281356 0.730508 0.284746 0.727119 0.286441 0.727119 0.288136 0.725424 0.289831 0.725424 0.293220 0.722034 0.294915 0.722034 0.296610 0.720339 0.298305 0.720339 0.301695 0.716949 0.303390 0.716949 0.308475 0.711864 0.308475 0.710169 0.313559 0.705085 0.313559 0.703390 0.318644 0.698305 0.318644 0.696610 0.323729 0.691525 0.323729 0.689831 0.325424 0.688136
1 0.247458 0.657627 0.259322 0.669492 0.261017 0.667797 0.262712 0.669492 0.264407 0.669492 0.266102 0.671186 0.257627 0.662712 0.257627 0.661017 0.252542 0.655932 0.249153 0.655932
0 0.872881 0.835593 0.871186 0.837288 0.857627 0.837288 0.855932 0.838983 0.842373 0.838983 0.840678 0.840678 0.798305 0.840678 0.798305 0.842373 0.800000 0.844068 0.800000 0.866102 0.801695 0.867797 0.801695 0.889831 0.803390 0.891525 0.811864 0.891525 0.813559 0.893220 0.842373 0.893220 0.844068 0.891525 0.854237 0.891525 0.855932 0.889831 0.867797 0.889831 0.869492 0.888136 0.876271 0.888136 0.876271 0.879661 0.874576 0.877966 0.874576 0.854237 0.872881 0.852542
