0 0.395619 0.145619 0.394330 0.146907 0.394330 0.148196 0.393041 0.149485 0.393041 0.150773 0.391753 0.152062 0.391753 0.153351 0.389175 0.155928 0.389175 0.157216 0.387887 0.158505 0.387887 0.159794 0.386598 0.161082 0.386598 0.162371 0.385309 0.163660 0.385309 0.164948 0.382732 0.167526 0.382732 0.168814 0.381443 0.170103 0.381443 0.171392 0.380155 0.172680 0.380155 0.173969 0.378866 0.175258 0.378866 0.176546 0.376289 0.179124 0.376289 0.180412 0.378866 0.182990 0.380155 0.182990 0.384021 0.186856 0.385309 0.186856 0.387887 0.189433 0.389175 0.189433 0.393041 0.193299 0.394330 0.193299 0.398196 0.197165 0.399485 0.197165 0.402062 0.199742 0.403351 0.199742 0.404639 0.201031 0.405928 0.201031 0.407216 0.202320 0.409794 0.202320 0.411082 0.203608 0.412371 0.203608 0.413660 0.204897 0.414948 0.204897 0.416237 0.206186 0.418814 0.206186 0.420103 0.207474 0.421392 0.207474 0.422680 0.208763 0.423969 0.208763 0.425258 0.210052 0.426546 0.210052 0.427835 0.208763 0.427835 0.207474 0.430412 0.204897 0.430412 0.203608 0.431701 0.202320 0.431701 0.201031 0.432990 0.199742 0.432990 0.198454 0.434278 0.197165 0.434278 0.195876 0.436856 0.193299 0.436856 0.192010 0.438144 0.190722 0.438144 0.189433 0.439433 0.188144 0.439433 0.186856 0.440722 0.185567 0.440722 0.184278 0.443299 0.181701 0.443299 0.180412 0.444588 0.179124 0.444588 0.177835 0.445876 0.176546 0.445876 0.175258 0.442010 0.171392 0.440722 0.171392 0.435567 0.166237 0.434278 0.166237 0.429124 0.161082 0.427835 0.161082 0.422680 0.155928 0.421392 0.155928 0.420103 0.154639 0.418814 0.154639 0.417526 0.153351 0.416237 0.153351 0.414948 0.152062 0.412371 0.152062 0.411082 0.150773 0.408505 0.150773 0.407216 0.149485 0.405928 0.149485 0.404639 0.148196 0.402062 0.148196 0.400773 0.146907 0.399485 0.146907 0.398196 0.145619
0 0.998711 0.309278 0.997423 0.309278 0.996134 0.310567 0.996134 0.313144 0.994845 0.314433 0.994845 0.315722 0.993557 0.317010 0.993557 0.318299 0.992268 0.319588 0.992268 0.320876 0.990979 0.322165 0.990979 0.323454 0.989691 0.324742 0.989691 0.326031 0.988402 0.327320 0.988402 0.328608 0.987113 0.329897 0.987113 0.331186 0.985825 0.332474 0.985825 0.333763 0.984536 0.335052 0.984536 0.340206 0.985825 0.341495 0.988402 0.341495 0.989691 0.342784 0.989691 0.347938 0.987113 0.350515 0.985825 0.350515 0.984536 0.349227 0.983247 0.349227 0.983247 0.359536 0.981959 0.360825 0.981959 0.375000 0.980670 0.376289 0.980670 0.381443 0.983247 0.381443 0.984536 0.382732 0.992268 0.382732 0.993557 0.384021 0.998711 0.384021
1 0.951031 0.341495 0.951031 0.344072 0.956186 0.344072 0.957474 0.345361 0.965206 0.345361 0.966495 0.346649 0.975515 0.346649 0.976804 0.347938 0.984536 0.347938 0.985825 0.349227 0.987113 0.349227 0.988402 0.347938 0.988402 0.342784 0.985825 0.342784 0.984536 0.341495 0.975515 0.341495 0.974227 0.340206 0.966495 0.340206 0.965206 0.338918 0.956186 0.338918 0.954897 0.337629 0.952320 0.337629 0.952320 0.340206
0 0.672680 0.480670 0.672680 0.488402 0.671392 0.489691 0.671392 0.497423 0.670103 0.498711 0.670103 0.506443 0.668814 0.507732 0.668814 0.510309 0.673969 0.510309 0.675258 0.511598 0.680412 0.511598 0.681701 0.512887 0.686856 0.512887 0.688144 0.514175 0.694588 0.514175 0.695876 0.515464 0.711340 0.515464 0.711340 0.509021 0.712629 0.507732 0.712629 0.503866 0.711340 0.503866 0.710052 0.502577 0.704897 0.502577 0.703608 0.501289 0.703608 0.500000 0.706186 0.497423 0.707474 0.497423 0.708763 0.498711 0.713918 0.498711 0.713918 0.490979 0.715206 0.489691 0.715206 0.485825 0.713918 0.484536 0.707474 0.484536 0.706186 0.483247 0.699742 0.483247 0.698454 0.481959 0.692010 0.481959 0.690722 0.480670 0.676546 0.480670 0.675258 0.479381 0.673969 0.479381
1 0.704897 0.500000 0.704897 0.501289 0.710052 0.501289 0.711340 0.502577 0.716495 0.502577 0.717784 0.503866 0.724227 0.503866 0.724227 0.502577 0.722938 0.502577 0.721649 0.501289 0.715206 0.501289 0.713918 0.500000 0.708763 0.500000 0.707474 0.498711 0.706186 0.498711
0 0.590206 0.233247 0.590206 0.242268 0.588918 0.243557 0.588918 0.257732 0.587629 0.259021 0.587629 0.270619 0.588918 0.270619 0.591495 0.273196 0.592784 0.273196 0.594072 0.274485 0.610825 0.274485 0.612113 0.275773 0.630155 0.275773 0.630155 0.265464 0.631443 0.264175 0.631443 0.251289 0.632732 0.250000 0.632732 0.238402 0.631443 0.238402 0.630155 0.237113 0.627577 0.237113 0.626289 0.235825 0.615979 0.235825 0.614691 0.234536 0.599227 0.234536 0.597938 0.233247
1 0.628866 0.360825 0.628866 0.362113 0.627577 0.363402 0.628866 0.364691
1 0.612113 0.255155 0.612113 0.257732 0.613402 0.259021 0.614691 0.259021 0.615979 0.260309 0.619845 0.260309 0.619845 0.257732 0.618557 0.256443 0.617268 0.256443 0.615979 0.255155
0 0.614691 0.346649 0.614691 0.353093 0.613402 0.354381 0.613402 0.360825 0.612113 0.362113 0.612113 0.368557 0.610825 0.369845 0.610825 0.377577 0.612113 0.378866 0.612113 0.380155 0.618557 0.380155 0.619845 0.381443 0.627577 0.381443 0.628866 0.382732 0.635309 0.382732 0.636598 0.384021 0.641753 0.384021 0.641753 0.381443 0.643041 0.380155 0.643041 0.373711 0.644330 0.372423 0.644330 0.365979 0.645619 0.364691 0.645619 0.358247 0.646907 0.356959 0.646907 0.353093 0.645619 0.351804 0.645619 0.350515 0.640464 0.350515 0.639175 0.349227 0.632732 0.349227 0.631443 0.347938 0.623711 0.347938 0.622423 0.346649
1 0.626289 0.359536 0.626289 0.364691 0.627577 0.364691 0.626289 0.363402 0.627577 0.362113 0.627577 0.359536
1 0.817010 0.279639 0.817010 0.280928 0.815722 0.282216 0.814433 0.282216 0.815722 0.283505 0.814433 0.284794 0.815722 0.283505 0.817010 0.284794 0.817010 0.287371 0.818299 0.287371 0.818299 0.283505 0.819588 0.282216
1 0.802835 0.270619 0.802835 0.271907 0.809278 0.278351 0.809278 0.279639 0.811856 0.282216 0.811856 0.279639 0.810567 0.278351 0.809278 0.278351 0.805412 0.274485 0.805412 0.273196
0 0.798969 0.221649 0.796392 0.221649 0.795103 0.222938 0.793814 0.222938 0.792526 0.224227 0.791237 0.224227 0.789948 0.225515 0.788660 0.225515 0.787371 0.226804 0.786082 0.226804 0.784794 0.228093 0.783505 0.228093 0.782216 0.229381 0.780928 0.229381 0.779639 0.230670 0.778351 0.230670 0.777062 0.231959 0.775773 0.231959 0.774485 0.233247 0.773196 0.233247 0.771907 0.234536 0.770619 0.234536 0.769330 0.235825 0.768041 0.235825 0.766753 0.237113 0.765464 0.237113 0.764175 0.238402 0.762887 0.238402 0.762887 0.268041 0.771907 0.277062 0.771907 0.278351 0.786082 0.292526 0.787371 0.292526 0.788660 0.291237 0.789948 0.291237 0.791237 0.289948 0.792526 0.289948 0.793814 0.288660 0.795103 0.288660 0.796392 0.287371 0.797680 0.287371 0.798969 0.286082 0.800258 0.286082 0.801546 0.284794 0.802835 0.284794 0.804124 0.283505 0.805412 0.283505 0.806701 0.282216 0.807990 0.282216 0.809278 0.280928 0.806701 0.278351 0.806701 0.277062 0.801546 0.271907 0.801546 0.269330 0.802835 0.268041 0.804124 0.268041 0.805412 0.266753 0.815722 0.277062 0.817010 0.277062 0.818299 0.275773 0.819588 0.275773 0.820876 0.274485 0.820876 0.255155 0.822165 0.253866 0.822165 0.246134 0.820876 0.244845 0.820876 0.243557
1 0.284794 0.636598 0.284794 0.639175 0.288660 0.639175 0.289948 0.640464 0.288660 0.641753 0.289948 0.640464 0.289948 0.637887 0.288660 0.639175 0.286082 0.639175 0.284794 0.637887 0.286082 0.636598
1 0.820876 0.283505 0.819588 0.283505 0.819588 0.287371 0.818299 0.288660 0.819588 0.288660 0.820876 0.287371 0.820876 0.286082 0.822165 0.284794
1 0.802835 0.269330 0.806701 0.273196 0.806701 0.274485 0.809278 0.277062 0.807990 0.278351 0.809278 0.277062 0.810567 0.277062 0.813144 0.279639 0.813144 0.283505 0.814433 0.283505 0.815722 0.284794 0.815722 0.286082 0.815722 0.284794 0.813144 0.282216 0.814433 0.280928 0.815722 0.280928 0.815722 0.278351 0.815722 0.279639 0.814433 0.280928 0.813144 0.279639 0.813144 0.275773 0.805412 0.268041 0.804124 0.269330
0 0.311856 0.578608 0.310567 0.579897 0.309278 0.579897 0.305412 0.583763 0.304124 0.583763 0.298969 0.588918 0.297680 0.588918 0.293814 0.592784 0.292526 0.592784 0.287371 0.597938 0.286082 0.597938 0.280928 0.603093 0.279639 0.603093 0.275773 0.606959 0.274485 0.606959 0.278351 0.610825 0.278351 0.612113 0.283505 0.617268 0.283505 0.618557 0.288660 0.623711 0.288660 0.625000 0.289948 0.625000 0.293814 0.628866 0.293814 0.630155 0.296392 0.632732 0.296392 0.634021 0.298969 0.636598 0.298969 0.637887 0.306701 0.645619 0.306701 0.646907 0.314433 0.654639 0.314433 0.655928 0.315722 0.657216 0.317010 0.657216 0.320876 0.653351 0.322165 0.653351 0.327320 0.648196 0.328608 0.648196 0.333763 0.643041 0.335052 0.643041 0.341495 0.636598 0.342784 0.636598 0.347938 0.631443 0.349227 0.631443 0.353093 0.627577 0.353093 0.626289 0.349227 0.622423 0.349227 0.621134 0.345361 0.617268 0.345361 0.615979 0.341495 0.612113 0.341495 0.610825 0.337629 0.606959 0.337629 0.605670 0.333763 0.601804 0.333763 0.600515 0.320876 0.587629 0.320876 0.586340 0.313144 0.578608
1 0.619845 0.681701 0.619845 0.684278 0.622423 0.684278 0.622423 0.681701
1 0.288660 0.640464 0.284794 0.640464 0.283505 0.639175 0.283505 0.637887 0.279639 0.641753 0.278351 0.641753 0.273196 0.646907 0.271907 0.646907 0.268041 0.650773 0.270619 0.653351 0.270619 0.654639 0.271907 0.654639 0.274485 0.652062 0.275773 0.652062 0.280928 0.646907 0.282216 0.646907
1 0.296392 0.635309 0.295103 0.634021 0.295103 0.632732 0.293814 0.631443 0.292526 0.631443 0.291237 0.632732 0.289948 0.632732 0.287371 0.635309 0.287371 0.636598 0.286082 0.637887 0.288660 0.637887 0.289948 0.636598 0.291237 0.637887 0.291237 0.639175 0.293814 0.636598 0.295103 0.636598
0 0.645619 0.626289 0.644330 0.627577 0.632732 0.627577 0.631443 0.628866 0.619845 0.628866 0.618557 0.630155 0.606959 0.630155 0.605670 0.631443 0.600515 0.631443 0.600515 0.635309 0.599227 0.636598 0.599227 0.641753 0.597938 0.643041 0.597938 0.649485 0.596649 0.650773 0.596649 0.654639 0.597938 0.655928 0.597938 0.662371 0.599227 0.663660 0.599227 0.670103 0.600515 0.671392 0.600515 0.677835 0.601804 0.679124 0.601804 0.685567 0.603093 0.686856 0.603093 0.693299 0.604381 0.694588 0.608247 0.694588 0.609536 0.693299 0.622423 0.693299 0.623711 0.692010 0.636598 0.692010 0.637887 0.690722 0.649485 0.690722 0.650773 0.689433 0.650773 0.676546 0.652062 0.675258 0.652062 0.663660 0.650773 0.662371 0.650773 0.654639 0.649485 0.653351 0.649485 0.646907 0.648196 0.645619 0.648196 0.637887 0.646907 0.636598 0.646907 0.628866 0.645619 0.627577
0 0.635309 0.244845 0.634021 0.246134 0.634021 0.250000 0.635309 0.251289 0.635309 0.250000 0.636598 0.248711 0.636598 0.246134
0 0.623711 0.233247 0.623711 0.234536 0.626289 0.234536 0.627577 0.235825 0.628866 0.235825 0.626289 0.233247
0 0.614691 0.229381 0.613402 0.229381 0.613402 0.230670 0.612113 0.231959 0.612113 0.233247 0.614691 0.233247
0 0.635309 0.222938 0.636598 0.224227 0.635309 0.225515 0.636598 0.225515 0.640464 0.229381 0.640464 0.230670 0.641753 0.231959 0.640464 0.233247 0.641753 0.231959 0.643041 0.233247 0.643041 0.230670 0.646907 0.226804 0.645619 0.225515 0.643041 0.225515 0.641753 0.224227 0.637887 0.224227 0.636598 0.222938
1 0.625000 0.670103 0.621134 0.670103 0.621134 0.675258 0.619845 0.676546 0.619845 0.680412 0.622423 0.680412 0.623711 0.681701 0.623711 0.684278 0.622423 0.685567 0.619845 0.685567 0.619845 0.689433 0.621134 0.689433 0.622423 0.688144 0.623711 0.688144 0.623711 0.682990 0.625000 0.681701
1 0.618557 0.277062 0.617268 0.278351 0.617268 0.279639 0.615979 0.280928 0.615979 0.282216 0.617268 0.283505 0.618557 0.283505 0.619845 0.282216 0.618557 0.280928 0.618557 0.279639 0.619845 0.278351
0 0.618557 0.219072 0.617268 0.220361 0.617268 0.221649 0.615979 0.222938 0.615979 0.224227 0.614691 0.225515 0.614691 0.228093 0.615979 0.229381 0.615979 0.234536 0.622423 0.234536 0.622423 0.233247 0.623711 0.231959 0.626289 0.231959 0.631443 0.237113 0.632732 0.237113 0.634021 0.238402 0.634021 0.244845 0.635309 0.243557 0.637887 0.246134 0.637887 0.248711 0.636598 0.250000 0.636598 0.251289 0.635309 0.252577 0.634021 0.251289 0.632732 0.251289 0.632732 0.264175 0.631443 0.265464 0.631443 0.266753 0.632732 0.268041 0.635309 0.268041 0.636598 0.269330 0.640464 0.269330 0.641753 0.270619 0.645619 0.270619 0.646907 0.271907 0.649485 0.271907 0.649485 0.269330 0.650773 0.268041 0.650773 0.266753 0.652062 0.265464 0.652062 0.264175 0.653351 0.262887 0.653351 0.260309 0.654639 0.259021 0.654639 0.257732 0.655928 0.256443 0.655928 0.255155 0.657216 0.253866 0.657216 0.251289 0.658505 0.250000 0.658505 0.248711 0.659794 0.247423 0.659794 0.244845 0.661082 0.243557 0.661082 0.242268 0.662371 0.240979 0.662371 0.239691 0.661082 0.238402 0.659794 0.238402 0.648196 0.226804 0.644330 0.230670 0.644330 0.233247 0.643041 0.234536 0.639175 0.230670 0.639175 0.229381 0.636598 0.226804 0.635309 0.226804 0.634021 0.225515 0.635309 0.224227 0.634021 0.222938 0.632732 0.222938 0.631443 0.221649 0.627577 0.221649 0.626289 0.220361 0.622423 0.220361 0.621134 0.219072
