0 0.390625 0.324219 0.388672 0.326172 0.388672 0.327148 0.386719 0.329102 0.386719 0.330078 0.384766 0.332031 0.384766 0.333008 0.382812 0.334961 0.382812 0.335938 0.379883 0.338867 0.379883 0.339844 0.377930 0.341797 0.377930 0.342773 0.380859 0.345703 0.381836 0.345703 0.391602 0.355469 0.393555 0.355469 0.394531 0.356445 0.395508 0.356445 0.396484 0.357422 0.398438 0.357422 0.399414 0.358398 0.401367 0.358398 0.402344 0.359375 0.405273 0.359375 0.405273 0.358398 0.407227 0.356445 0.407227 0.355469 0.409180 0.353516 0.409180 0.352539 0.411133 0.350586 0.411133 0.349609 0.414062 0.346680 0.414062 0.345703 0.416016 0.343750 0.416016 0.342773 0.416992 0.341797 0.405273 0.330078 0.404297 0.330078 0.402344 0.328125 0.400391 0.328125 0.399414 0.327148 0.397461 0.327148 0.396484 0.326172 0.394531 0.326172 0.393555 0.325195 0.391602 0.325195
0 0.699219 0.399414 0.699219 0.402344 0.698242 0.403320 0.698242 0.407227 0.697266 0.408203 0.697266 0.412109 0.696289 0.413086 0.696289 0.416992 0.695312 0.417969 0.695312 0.421875 0.694336 0.422852 0.694336 0.427734 0.693359 0.428711 0.693359 0.433594 0.692383 0.434570 0.692383 0.440430 0.697266 0.440430 0.698242 0.441406 0.703125 0.441406 0.704102 0.442383 0.709961 0.442383 0.710938 0.443359 0.715820 0.443359 0.716797 0.444336 0.720703 0.444336 0.720703 0.443359 0.721680 0.442383 0.721680 0.438477 0.722656 0.437500 0.722656 0.434570 0.723633 0.433594 0.723633 0.429688 0.724609 0.428711 0.724609 0.424805 0.725586 0.423828 0.725586 0.418945 0.726562 0.417969 0.726562 0.413086 0.727539 0.412109 0.727539 0.407227 0.728516 0.406250 0.728516 0.404297 0.726562 0.404297 0.725586 0.403320 0.719727 0.403320 0.718750 0.402344 0.713867 0.402344 0.712891 0.401367 0.707031 0.401367 0.706055 0.400391 0.700195 0.400391
1 0.675781 0.415039 0.675781 0.418945 0.680664 0.418945 0.681641 0.419922 0.687500 0.419922 0.688477 0.420898 0.693359 0.420898 0.694336 0.421875 0.694336 0.417969 0.690430 0.417969 0.689453 0.416992 0.684570 0.416992 0.683594 0.416016 0.677734 0.416016 0.676758 0.415039
0 0.545898 0.544922 0.544922 0.545898 0.544922 0.549805 0.543945 0.550781 0.543945 0.554688 0.542969 0.555664 0.542969 0.559570 0.541992 0.560547 0.541992 0.562500 0.542969 0.563477 0.544922 0.563477 0.545898 0.564453 0.548828 0.564453 0.549805 0.565430 0.551758 0.565430 0.552734 0.566406 0.558594 0.566406 0.559570 0.567383 0.564453 0.567383 0.565430 0.568359 0.568359 0.568359 0.568359 0.564453 0.569336 0.563477 0.569336 0.559570 0.565430 0.559570 0.563477 0.557617 0.563477 0.556641 0.564453 0.555664 0.565430 0.555664 0.566406 0.556641 0.570312 0.556641 0.570312 0.554688 0.571289 0.553711 0.571289 0.549805 0.570312 0.549805 0.569336 0.548828 0.567383 0.548828 0.566406 0.547852 0.564453 0.547852 0.563477 0.546875 0.560547 0.546875 0.559570 0.545898 0.553711 0.545898 0.552734 0.544922
1 0.564453 0.556641 0.564453 0.557617 0.565430 0.558594 0.571289 0.558594 0.572266 0.559570 0.575195 0.559570 0.575195 0.558594 0.573242 0.558594 0.572266 0.557617 0.566406 0.557617 0.565430 0.556641
0 0.499023 0.383789 0.498047 0.384766 0.498047 0.390625 0.497070 0.391602 0.497070 0.398438 0.496094 0.399414 0.496094 0.404297 0.499023 0.404297 0.500000 0.405273 0.505859 0.405273 0.506836 0.406250 0.512695 0.406250 0.513672 0.407227 0.519531 0.407227 0.519531 0.401367 0.520508 0.400391 0.520508 0.394531 0.521484 0.393555 0.521484 0.385742 0.515625 0.385742 0.514648 0.384766 0.508789 0.384766 0.507812 0.383789 0.501953 0.383789 0.500977 0.382812 0.500000 0.383789
1 0.520508 0.469727 0.519531 0.470703 0.520508 0.471680 0.519531 0.470703
1 0.509766 0.394531 0.509766 0.395508 0.510742 0.396484 0.512695 0.396484 0.512695 0.394531
0 0.514648 0.460938 0.514648 0.461914 0.513672 0.462891 0.513672 0.465820 0.512695 0.466797 0.512695 0.469727 0.511719 0.470703 0.511719 0.473633 0.510742 0.474609 0.510742 0.481445 0.511719 0.482422 0.511719 0.483398 0.515625 0.483398 0.516602 0.484375 0.520508 0.484375 0.521484 0.485352 0.525391 0.485352 0.526367 0.486328 0.530273 0.486328 0.530273 0.483398 0.531250 0.482422 0.531250 0.478516 0.532227 0.477539 0.532227 0.474609 0.533203 0.473633 0.533203 0.470703 0.534180 0.469727 0.534180 0.468750 0.533203 0.467773 0.533203 0.465820 0.532227 0.464844 0.531250 0.464844 0.530273 0.463867 0.526367 0.463867 0.525391 0.462891 0.521484 0.462891 0.520508 0.461914 0.516602 0.461914 0.515625 0.460938
1 0.519531 0.467773 0.519531 0.469727 0.521484 0.471680 0.521484 0.472656 0.521484 0.468750 0.520508 0.467773
1 0.614258 0.400391 0.615234 0.401367 0.615234 0.402344 0.616211 0.403320 0.617188 0.402344 0.620117 0.405273 0.620117 0.406250 0.621094 0.406250 0.622070 0.405273 0.617188 0.400391 0.616211 0.400391 0.615234 0.401367
0 0.612305 0.373047 0.610352 0.373047 0.609375 0.374023 0.607422 0.374023 0.606445 0.375000 0.605469 0.375000 0.604492 0.375977 0.602539 0.375977 0.601562 0.376953 0.599609 0.376953 0.598633 0.377930 0.597656 0.377930 0.596680 0.378906 0.594727 0.378906 0.593750 0.379883 0.592773 0.379883 0.590820 0.381836 0.591797 0.382812 0.591797 0.396484 0.592773 0.397461 0.592773 0.399414 0.594727 0.401367 0.594727 0.402344 0.602539 0.410156 0.602539 0.411133 0.605469 0.411133 0.606445 0.410156 0.607422 0.410156 0.608398 0.409180 0.610352 0.409180 0.611328 0.408203 0.612305 0.408203 0.613281 0.407227 0.615234 0.407227 0.616211 0.406250 0.618164 0.406250 0.612305 0.400391 0.612305 0.398438 0.614258 0.396484 0.622070 0.404297 0.623047 0.404297 0.624023 0.403320 0.624023 0.386719 0.623047 0.385742 0.623047 0.383789
1 0.617188 0.403320 0.617188 0.404297 0.621094 0.408203 0.622070 0.407227 0.622070 0.406250 0.621094 0.405273 0.622070 0.406250 0.621094 0.407227 0.620117 0.407227 0.619141 0.406250 0.619141 0.405273
1 0.614258 0.397461 0.613281 0.398438 0.613281 0.400391 0.614258 0.401367 0.616211 0.399414
0 0.321289 0.545898 0.320312 0.545898 0.319336 0.546875 0.318359 0.546875 0.316406 0.548828 0.315430 0.548828 0.314453 0.549805 0.313477 0.549805 0.311523 0.551758 0.310547 0.551758 0.309570 0.552734 0.308594 0.552734 0.306641 0.554688 0.305664 0.554688 0.304688 0.555664 0.303711 0.555664 0.301758 0.557617 0.300781 0.557617 0.298828 0.559570 0.298828 0.560547 0.300781 0.562500 0.300781 0.563477 0.301758 0.564453 0.301758 0.565430 0.302734 0.566406 0.302734 0.567383 0.303711 0.568359 0.303711 0.569336 0.304688 0.570312 0.304688 0.571289 0.305664 0.572266 0.305664 0.573242 0.306641 0.572266 0.307617 0.572266 0.309570 0.574219 0.309570 0.575195 0.307617 0.577148 0.309570 0.579102 0.309570 0.580078 0.314453 0.584961 0.315430 0.584961 0.318359 0.587891 0.319336 0.587891 0.320312 0.586914 0.321289 0.586914 0.322266 0.585938 0.323242 0.585938 0.325195 0.583984 0.326172 0.583984 0.328125 0.582031 0.329102 0.582031 0.330078 0.581055 0.331055 0.581055 0.333008 0.579102 0.333984 0.579102 0.335938 0.577148 0.336914 0.577148 0.337891 0.576172 0.338867 0.576172 0.340820 0.574219 0.340820 0.573242 0.339844 0.572266 0.339844 0.571289 0.338867 0.570312 0.338867 0.569336 0.337891 0.568359 0.337891 0.567383 0.336914 0.566406 0.336914 0.565430 0.335938 0.564453 0.335938 0.563477 0.334961 0.562500 0.334961 0.561523 0.333984 0.560547 0.333984 0.559570 0.333008 0.558594 0.333008 0.557617 0.332031 0.556641 0.332031 0.555664 0.330078 0.553711 0.330078 0.552734 0.329102 0.552734 0.325195 0.548828 0.324219 0.548828
1 0.493164 0.604492 0.492188 0.603516 0.491211 0.604492 0.489258 0.604492 0.488281 0.605469 0.488281 0.606445 0.489258 0.606445 0.491211 0.604492 0.492188 0.605469
1 0.308594 0.574219 0.307617 0.573242 0.306641 0.573242 0.303711 0.576172 0.302734 0.575195 0.299805 0.578125 0.298828 0.578125 0.297852 0.579102 0.296875 0.579102 0.295898 0.580078 0.294922 0.580078 0.292969 0.582031 0.291992 0.582031 0.292969 0.583008 0.292969 0.583984 0.294922 0.583984 0.296875 0.582031 0.297852 0.582031 0.298828 0.581055 0.299805 0.581055 0.302734 0.578125 0.304688 0.578125 0.306641 0.576172 0.307617 0.576172 0.308594 0.575195
0 0.507812 0.583008 0.505859 0.583008 0.504883 0.583984 0.490234 0.583984 0.489258 0.584961 0.481445 0.584961 0.480469 0.585938 0.480469 0.586914 0.477539 0.589844 0.477539 0.597656 0.478516 0.598633 0.478516 0.607422 0.479492 0.608398 0.479492 0.617188 0.489258 0.617188 0.490234 0.616211 0.505859 0.616211 0.507812 0.614258 0.507812 0.613281 0.508789 0.612305 0.508789 0.611328 0.509766 0.610352 0.509766 0.601562 0.508789 0.600586 0.508789 0.591797 0.507812 0.590820
0 0.522461 0.397461 0.521484 0.398438 0.521484 0.399414 0.522461 0.399414
0 0.522461 0.391602 0.522461 0.392578 0.523438 0.393555 0.523438 0.394531 0.524414 0.395508 0.525391 0.394531 0.525391 0.393555 0.526367 0.392578 0.525391 0.391602
0 0.526367 0.380859 0.527344 0.381836 0.526367 0.382812 0.526367 0.387695 0.527344 0.388672 0.528320 0.388672 0.528320 0.387695 0.529297 0.386719 0.529297 0.385742 0.530273 0.384766 0.529297 0.383789 0.530273 0.382812 0.529297 0.381836 0.528320 0.381836 0.527344 0.380859
1 0.492188 0.602539 0.490234 0.602539 0.490234 0.603516 0.491211 0.603516 0.492188 0.604492 0.489258 0.607422 0.488281 0.607422 0.488281 0.609375 0.490234 0.609375 0.490234 0.608398 0.492188 0.606445 0.491211 0.605469 0.492188 0.604492 0.491211 0.603516
1 0.518555 0.408203 0.516602 0.408203 0.515625 0.409180 0.516602 0.409180 0.517578 0.410156 0.516602 0.411133 0.515625 0.411133 0.512695 0.414062 0.513672 0.415039 0.512695 0.414062 0.514648 0.412109 0.515625 0.413086 0.516602 0.412109 0.516602 0.411133 0.517578 0.410156 0.517578 0.409180
0 0.516602 0.378906 0.515625 0.379883 0.515625 0.380859 0.514648 0.381836 0.514648 0.382812 0.513672 0.383789 0.514648 0.383789 0.515625 0.384766 0.521484 0.384766 0.522461 0.385742 0.522461 0.390625 0.525391 0.390625 0.527344 0.392578 0.526367 0.393555 0.526367 0.394531 0.524414 0.396484 0.522461 0.394531 0.522461 0.393555 0.521484 0.394531 0.521484 0.397461 0.522461 0.396484 0.523438 0.397461 0.523438 0.399414 0.522461 0.400391 0.521484 0.400391 0.520508 0.401367 0.520508 0.403320 0.521484 0.404297 0.521484 0.405273 0.520508 0.406250 0.520508 0.407227 0.522461 0.407227 0.523438 0.408203 0.526367 0.408203 0.527344 0.409180 0.533203 0.409180 0.533203 0.408203 0.534180 0.407227 0.534180 0.406250 0.536133 0.404297 0.536133 0.403320 0.537109 0.402344 0.537109 0.401367 0.538086 0.400391 0.538086 0.399414 0.539062 0.398438 0.539062 0.397461 0.540039 0.396484 0.540039 0.395508 0.541016 0.394531 0.541016 0.393555 0.541992 0.392578 0.531250 0.381836 0.530273 0.381836 0.531250 0.382812 0.530273 0.383789 0.531250 0.384766 0.530273 0.385742 0.530273 0.386719 0.529297 0.387695 0.529297 0.388672 0.528320 0.389648 0.527344 0.389648 0.525391 0.387695 0.525391 0.382812 0.526367 0.381836 0.525391 0.380859 0.523438 0.380859 0.522461 0.379883 0.519531 0.379883 0.518555 0.378906
1 0.514648 0.413086 0.512695 0.415039 0.513672 0.416016 0.514648 0.416016 0.514648 0.415039 0.515625 0.414062
1 0.516602 0.410156 0.515625 0.410156 0.514648 0.411133 0.515625 0.410156
