0 0.592172 0.359848 0.592172 0.361111 0.590909 0.362374 0.590909 0.363636 0.589646 0.364899 0.589646 0.366162 0.587121 0.368687 0.587121 0.369949 0.585859 0.371212 0.585859 0.372475 0.584596 0.373737 0.584596 0.375000 0.583333 0.376263 0.583333 0.377525 0.580808 0.380051 0.580808 0.382576 0.582071 0.382576 0.584596 0.385101 0.585859 0.385101 0.587121 0.386364 0.588384 0.386364 0.589646 0.387626 0.590909 0.387626 0.593434 0.390152 0.594697 0.390152 0.595960 0.391414 0.597222 0.391414 0.598485 0.392677 0.599747 0.392677 0.601010 0.393939 0.602273 0.393939 0.603535 0.395202 0.604798 0.395202 0.606061 0.396465 0.607323 0.396465 0.608586 0.397727 0.609848 0.397727 0.612374 0.395202 0.612374 0.393939 0.613636 0.392677 0.613636 0.391414 0.614899 0.390152 0.614899 0.388889 0.613636 0.387626 0.612374 0.387626 0.611111 0.386364 0.611111 0.383838 0.612374 0.382576 0.613636 0.383838 0.614899 0.383838 0.616162 0.385101 0.617424 0.385101 0.618687 0.383838 0.618687 0.382576 0.619949 0.381313 0.619949 0.380051 0.621212 0.378788 0.621212 0.377525 0.622475 0.376263 0.621212 0.375000 0.619949 0.375000 0.618687 0.373737 0.617424 0.373737 0.614899 0.371212 0.613636 0.371212 0.612374 0.369949 0.611111 0.369949 0.609848 0.368687 0.608586 0.368687 0.607323 0.367424 0.606061 0.367424 0.604798 0.366162 0.603535 0.366162 0.601010 0.363636 0.599747 0.363636 0.598485 0.362374 0.597222 0.362374 0.595960 0.361111 0.594697 0.361111 0.593434 0.359848
1 0.612374 0.383838 0.612374 0.386364 0.613636 0.386364 0.614899 0.387626 0.616162 0.387626 0.618687 0.390152 0.619949 0.390152 0.621212 0.391414 0.622475 0.391414 0.623737 0.392677 0.625000 0.392677 0.626263 0.393939 0.626263 0.391414 0.625000 0.391414 0.623737 0.390152 0.622475 0.390152 0.621212 0.388889 0.619949 0.388889 0.618687 0.387626 0.617424 0.387626 0.614899 0.385101 0.613636 0.385101
0 0.819444 0.385101 0.819444 0.386364 0.818182 0.387626 0.818182 0.388889 0.816919 0.390152 0.816919 0.392677 0.815657 0.393939 0.815657 0.395202 0.814394 0.396465 0.814394 0.397727 0.813131 0.398990 0.813131 0.400253 0.811869 0.401515 0.811869 0.402778 0.810606 0.404040 0.810606 0.405303 0.809343 0.406566 0.809343 0.411616 0.808081 0.412879 0.808081 0.417929 0.806818 0.419192 0.806818 0.422980 0.805556 0.424242 0.805556 0.429293 0.804293 0.430556 0.804293 0.434343 0.803030 0.435606 0.803030 0.436869 0.805556 0.436869 0.806818 0.438131 0.810606 0.438131 0.811869 0.439394 0.814394 0.439394 0.815657 0.440657 0.819444 0.440657 0.820707 0.441919 0.823232 0.441919 0.824495 0.443182 0.828283 0.443182 0.829545 0.444444 0.832071 0.444444 0.833333 0.445707 0.837121 0.445707 0.838384 0.446970 0.840909 0.446970 0.842172 0.445707 0.842172 0.443182 0.843434 0.441919 0.843434 0.440657 0.844697 0.439394 0.844697 0.436869 0.845960 0.435606 0.845960 0.434343 0.847222 0.433081 0.847222 0.430556 0.848485 0.429293 0.848485 0.428030 0.849747 0.426768 0.849747 0.424242 0.851010 0.422980 0.851010 0.419192 0.852273 0.417929 0.852273 0.414141 0.853535 0.412879 0.853535 0.409091 0.854798 0.407828 0.854798 0.404040 0.856061 0.402778 0.856061 0.398990 0.857323 0.397727 0.857323 0.396465 0.856061 0.395202 0.853535 0.395202 0.852273 0.393939 0.848485 0.393939 0.847222 0.392677 0.843434 0.392677 0.842172 0.391414 0.839646 0.391414 0.838384 0.390152 0.834596 0.390152 0.833333 0.388889 0.829545 0.388889 0.828283 0.387626 0.825758 0.387626 0.824495 0.386364 0.820707 0.386364
1 0.786616 0.401515 0.786616 0.404040 0.785354 0.405303 0.786616 0.406566 0.789141 0.406566 0.790404 0.407828 0.794192 0.407828 0.795455 0.409091 0.797980 0.409091 0.799242 0.410354 0.803030 0.410354 0.804293 0.411616 0.808081 0.411616 0.808081 0.407828 0.806818 0.407828 0.805556 0.406566 0.801768 0.406566 0.800505 0.405303 0.797980 0.405303 0.796717 0.404040 0.792929 0.404040 0.791667 0.402778 0.787879 0.402778
0 0.478535 0.356061 0.474747 0.356061 0.473485 0.357323 0.472222 0.357323 0.470960 0.358586 0.468434 0.358586 0.467172 0.359848 0.467172 0.361111 0.460859 0.367424 0.460859 0.368687 0.455808 0.373737 0.455808 0.375000 0.449495 0.381313 0.449495 0.382576 0.458333 0.391414 0.459596 0.391414 0.472222 0.404040 0.473485 0.402778 0.474747 0.402778 0.476010 0.401515 0.477273 0.401515 0.478535 0.400253 0.479798 0.400253 0.487374 0.392677 0.487374 0.391414 0.493687 0.385101 0.493687 0.383838 0.500000 0.377525 0.500000 0.375000 0.496212 0.371212 0.494949 0.371212 0.483586 0.359848 0.482323 0.359848
1 0.460859 0.393939 0.459596 0.395202 0.459596 0.396465 0.453283 0.402778 0.453283 0.404040 0.452020 0.405303 0.452020 0.406566 0.453283 0.406566 0.458333 0.401515 0.458333 0.400253 0.459596 0.398990 0.460859 0.398990 0.462121 0.397727 0.462121 0.395202
0 0.357323 0.244949 0.357323 0.256313 0.358586 0.257576 0.358586 0.271465 0.371212 0.271465 0.372475 0.272727 0.381313 0.272727 0.382576 0.271465 0.388889 0.271465 0.390152 0.270202 0.396465 0.270202 0.396465 0.251263 0.395202 0.250000 0.395202 0.242424 0.368687 0.242424 0.367424 0.243687 0.358586 0.243687
1 0.607323 0.320707 0.607323 0.321970 0.608586 0.321970 0.609848 0.323232
1 0.353535 0.255051 0.353535 0.256313 0.356061 0.256313 0.357323 0.257576 0.356061 0.256313 0.356061 0.255051
0 0.608586 0.300505 0.606061 0.300505 0.604798 0.301768 0.599747 0.301768 0.598485 0.303030 0.594697 0.303030 0.593434 0.304293 0.589646 0.304293 0.588384 0.305556 0.585859 0.305556 0.585859 0.306818 0.587121 0.308081 0.587121 0.316919 0.588384 0.318182 0.588384 0.327020 0.590909 0.329545 0.592172 0.329545 0.595960 0.333333 0.601010 0.333333 0.602273 0.332071 0.606061 0.332071 0.607323 0.330808 0.611111 0.330808 0.612374 0.329545 0.616162 0.329545 0.617424 0.328283 0.618687 0.328283 0.618687 0.319444 0.617424 0.318182 0.617424 0.308081 0.616162 0.306818 0.616162 0.305556 0.614899 0.304293 0.613636 0.304293 0.612374 0.303030 0.611111 0.303030
1 0.606061 0.319444 0.607323 0.319444 0.611111 0.323232 0.611111 0.324495 0.613636 0.324495 0.613636 0.323232 0.611111 0.320707 0.609848 0.320707 0.608586 0.319444
0 0.613636 0.128788 0.612374 0.130051 0.611111 0.130051 0.609848 0.131313 0.608586 0.131313 0.606061 0.133838 0.604798 0.133838 0.603535 0.135101 0.602273 0.135101 0.601010 0.136364 0.599747 0.136364 0.598485 0.137626 0.597222 0.137626 0.595960 0.138889 0.594697 0.138889 0.592172 0.141414 0.590909 0.141414 0.592172 0.142677 0.592172 0.146465 0.593434 0.147727 0.593434 0.151515 0.594697 0.152778 0.594697 0.156566 0.595960 0.157828 0.595960 0.161616 0.597222 0.162879 0.597222 0.164141 0.599747 0.166667 0.601010 0.166667 0.606061 0.171717 0.607323 0.171717 0.609848 0.174242 0.612374 0.174242 0.614899 0.171717 0.616162 0.171717 0.617424 0.170455 0.618687 0.170455 0.619949 0.169192 0.621212 0.169192 0.622475 0.167929 0.623737 0.167929 0.625000 0.166667 0.626263 0.166667 0.628788 0.164141 0.630051 0.164141 0.631313 0.162879 0.632576 0.162879 0.632576 0.156566 0.631313 0.155303 0.631313 0.151515 0.630051 0.150253 0.630051 0.145202 0.628788 0.143939 0.628788 0.140152 0.625000 0.136364 0.623737 0.136364 0.619949 0.132576 0.618687 0.132576 0.616162 0.130051 0.614899 0.130051
1 0.617424 0.171717 0.616162 0.172980 0.616162 0.175505 0.617424 0.176768 0.617424 0.178030 0.618687 0.179293 0.619949 0.178030 0.619949 0.176768 0.618687 0.175505 0.618687 0.171717
