0 0.645508 0.702148 0.642578 0.705078 0.642578 0.706055 0.636719 0.711914 0.636719 0.712891 0.631836 0.717773 0.631836 0.718750 0.640625 0.727539 0.641602 0.727539 0.648438 0.734375 0.650391 0.734375 0.651367 0.735352 0.652344 0.735352 0.657227 0.730469 0.657227 0.729492 0.662109 0.724609 0.662109 0.723633 0.666992 0.718750 0.666992 0.717773 0.661133 0.711914 0.660156 0.711914 0.650391 0.702148
1 0.666016 0.698242 0.665039 0.698242 0.661133 0.702148 0.661133 0.703125 0.657227 0.707031 0.657227 0.708008 0.658203 0.708984 0.662109 0.705078 0.662109 0.704102 0.666992 0.699219
0 0.468750 0.522461 0.467773 0.523438 0.465820 0.523438 0.464844 0.524414 0.463867 0.524414 0.462891 0.525391 0.460938 0.525391 0.459961 0.526367 0.458984 0.526367 0.458008 0.527344 0.456055 0.527344 0.455078 0.528320 0.453125 0.528320 0.452148 0.529297 0.451172 0.529297 0.450195 0.530273 0.449219 0.530273 0.445312 0.534180 0.445312 0.536133 0.446289 0.537109 0.446289 0.538086 0.447266 0.539062 0.447266 0.541016 0.448242 0.541992 0.448242 0.542969 0.449219 0.543945 0.449219 0.544922 0.450195 0.545898 0.450195 0.547852 0.451172 0.548828 0.451172 0.549805 0.452148 0.550781 0.452148 0.551758 0.453125 0.552734 0.453125 0.553711 0.455078 0.553711 0.456055 0.552734 0.457031 0.552734 0.458008 0.551758 0.458984 0.551758 0.459961 0.550781 0.461914 0.550781 0.462891 0.549805 0.463867 0.549805 0.464844 0.548828 0.466797 0.548828 0.467773 0.547852 0.468750 0.547852 0.469727 0.546875 0.471680 0.546875 0.473633 0.544922 0.474609 0.544922 0.477539 0.541992 0.477539 0.541016 0.476562 0.540039 0.476562 0.539062 0.475586 0.538086 0.475586 0.537109 0.474609 0.536133 0.474609 0.534180 0.473633 0.533203 0.473633 0.532227 0.472656 0.531250 0.472656 0.530273 0.471680 0.529297 0.471680 0.527344 0.470703 0.526367 0.470703 0.525391 0.469727 0.524414 0.469727 0.523438
1 0.484375 0.530273 0.483398 0.529297 0.483398 0.528320 0.482422 0.529297 0.481445 0.529297 0.480469 0.530273 0.478516 0.530273 0.477539 0.531250 0.476562 0.531250 0.475586 0.532227 0.474609 0.532227 0.474609 0.533203 0.476562 0.533203 0.477539 0.532227 0.479492 0.532227 0.480469 0.531250 0.481445 0.531250 0.482422 0.530273
0 0.735352 0.328125 0.733398 0.330078 0.732422 0.330078 0.730469 0.332031 0.729492 0.332031 0.727539 0.333984 0.726562 0.333984 0.724609 0.335938 0.723633 0.335938 0.721680 0.337891 0.720703 0.337891 0.720703 0.357422 0.723633 0.354492 0.724609 0.354492 0.726562 0.352539 0.727539 0.352539 0.729492 0.350586 0.731445 0.350586 0.732422 0.351562 0.732422 0.354492 0.731445 0.355469 0.730469 0.355469 0.728516 0.357422 0.727539 0.357422 0.725586 0.359375 0.724609 0.359375 0.722656 0.361328 0.724609 0.361328 0.725586 0.362305 0.728516 0.362305 0.729492 0.363281 0.731445 0.363281 0.732422 0.364258 0.735352 0.364258 0.736328 0.365234 0.738281 0.365234 0.739258 0.366211 0.743164 0.366211 0.745117 0.364258 0.746094 0.364258 0.749023 0.361328 0.750000 0.361328 0.751953 0.359375 0.752930 0.359375 0.754883 0.357422 0.755859 0.357422 0.756836 0.356445 0.756836 0.333984 0.755859 0.333008 0.752930 0.333008 0.751953 0.332031 0.749023 0.332031 0.748047 0.331055 0.745117 0.331055 0.744141 0.330078 0.742188 0.330078 0.741211 0.329102 0.738281 0.329102 0.737305 0.328125
1 0.731445 0.351562 0.729492 0.351562 0.727539 0.353516 0.726562 0.353516 0.724609 0.355469 0.723633 0.355469 0.720703 0.358398 0.720703 0.360352 0.722656 0.360352 0.724609 0.358398 0.725586 0.358398 0.727539 0.356445 0.728516 0.356445 0.730469 0.354492 0.731445 0.354492
0 0.554688 0.525391 0.546875 0.525391 0.545898 0.526367 0.532227 0.526367 0.531250 0.527344 0.526367 0.527344 0.525391 0.528320 0.520508 0.528320 0.519531 0.529297 0.516602 0.529297 0.516602 0.537109 0.517578 0.538086 0.517578 0.546875 0.518555 0.547852 0.518555 0.556641 0.521484 0.556641 0.522461 0.555664 0.533203 0.555664 0.534180 0.554688 0.539062 0.554688 0.540039 0.553711 0.541016 0.554688 0.542969 0.554688 0.543945 0.553711 0.550781 0.553711 0.551758 0.552734 0.557617 0.552734 0.557617 0.551758 0.556641 0.550781 0.556641 0.541992 0.555664 0.541016 0.555664 0.533203 0.554688 0.532227
1 0.288086 0.601562 0.286133 0.603516 0.286133 0.605469 0.287109 0.605469 0.288086 0.604492 0.287109 0.603516 0.287109 0.602539
1 0.291992 0.597656 0.290039 0.599609 0.291016 0.600586 0.290039 0.599609
1 0.540039 0.554688 0.539062 0.555664 0.537109 0.555664 0.537109 0.563477 0.538086 0.564453 0.538086 0.573242 0.541992 0.573242 0.541016 0.572266 0.541016 0.564453 0.540039 0.563477
0 0.306641 0.564453 0.304688 0.566406 0.303711 0.566406 0.298828 0.571289 0.297852 0.571289 0.291992 0.577148 0.291016 0.577148 0.287109 0.581055 0.287109 0.583008 0.291992 0.587891 0.291992 0.588867 0.299805 0.596680 0.299805 0.597656 0.308594 0.606445 0.308594 0.607422 0.309570 0.607422 0.311523 0.605469 0.312500 0.605469 0.319336 0.598633 0.320312 0.598633 0.326172 0.592773 0.327148 0.592773 0.330078 0.589844 0.330078 0.588867 0.326172 0.584961 0.326172 0.583984 0.319336 0.577148 0.319336 0.576172 0.307617 0.564453
1 0.297852 0.595703 0.296875 0.594727 0.294922 0.594727 0.292969 0.596680 0.292969 0.597656 0.290039 0.600586 0.288086 0.600586 0.282227 0.606445 0.284180 0.608398 0.286133 0.606445 0.285156 0.605469 0.285156 0.603516 0.287109 0.601562 0.288086 0.602539 0.288086 0.603516 0.289062 0.603516 0.291016 0.601562 0.291992 0.601562 0.296875 0.596680 0.297852 0.596680
1 0.389648 0.523438 0.387695 0.525391 0.386719 0.524414 0.385742 0.525391 0.386719 0.524414 0.387695 0.525391
1 0.394531 0.520508 0.394531 0.521484 0.395508 0.521484
0 0.378906 0.512695 0.376953 0.512695 0.375977 0.513672 0.375000 0.513672 0.374023 0.514648 0.372070 0.514648 0.371094 0.515625 0.370117 0.515625 0.369141 0.516602 0.367188 0.516602 0.366211 0.517578 0.365234 0.517578 0.364258 0.518555 0.362305 0.518555 0.361328 0.519531 0.361328 0.521484 0.360352 0.522461 0.360352 0.525391 0.359375 0.526367 0.359375 0.529297 0.358398 0.530273 0.358398 0.533203 0.362305 0.537109 0.362305 0.538086 0.366211 0.541992 0.366211 0.542969 0.369141 0.545898 0.371094 0.545898 0.372070 0.544922 0.374023 0.544922 0.375000 0.543945 0.375977 0.543945 0.376953 0.542969 0.378906 0.542969 0.379883 0.541992 0.381836 0.541992 0.382812 0.541016 0.383789 0.541016 0.384766 0.540039 0.386719 0.540039 0.386719 0.537109 0.387695 0.536133 0.387695 0.532227 0.388672 0.531250 0.388672 0.527344 0.389648 0.526367 0.388672 0.525391 0.387695 0.526367 0.386719 0.526367 0.385742 0.527344 0.382812 0.527344 0.381836 0.526367 0.381836 0.524414 0.382812 0.523438 0.384766 0.523438 0.385742 0.522461 0.386719 0.522461 0.382812 0.518555 0.382812 0.517578 0.379883 0.514648 0.379883 0.513672
1 0.394531 0.522461 0.393555 0.521484 0.393555 0.520508 0.392578 0.521484 0.390625 0.521484 0.389648 0.522461 0.388672 0.522461 0.387695 0.523438 0.385742 0.523438 0.384766 0.524414 0.382812 0.524414 0.382812 0.526367 0.385742 0.526367 0.388672 0.523438 0.389648 0.524414 0.390625 0.524414 0.391602 0.523438 0.392578 0.523438 0.393555 0.522461
0 0.360352 0.369141 0.356445 0.369141 0.355469 0.370117 0.351562 0.370117 0.350586 0.371094 0.346680 0.371094 0.345703 0.372070 0.342773 0.372070 0.341797 0.373047 0.337891 0.373047 0.336914 0.374023 0.336914 0.378906 0.337891 0.379883 0.337891 0.390625 0.338867 0.391602 0.338867 0.392578 0.339844 0.393555 0.339844 0.395508 0.340820 0.396484 0.340820 0.397461 0.341797 0.398438 0.341797 0.400391 0.342773 0.401367 0.342773 0.402344 0.343750 0.403320 0.343750 0.405273 0.344727 0.406250 0.345703 0.406250 0.346680 0.405273 0.349609 0.405273 0.350586 0.404297 0.354492 0.404297 0.355469 0.403320 0.359375 0.403320 0.360352 0.402344 0.364258 0.402344 0.365234 0.401367 0.367188 0.401367 0.367188 0.396484 0.366211 0.395508 0.366211 0.385742 0.365234 0.384766 0.365234 0.382812 0.364258 0.381836 0.364258 0.379883 0.363281 0.378906 0.363281 0.376953 0.362305 0.375977 0.362305 0.375000 0.361328 0.374023 0.361328 0.372070 0.360352 0.371094
1 0.357422 0.404297 0.358398 0.405273 0.358398 0.407227 0.360352 0.407227 0.360352 0.405273 0.359375 0.404297
