0 0.270341 0.519685 0.270341 0.520997 0.269029 0.522310 0.269029 0.532808 0.274278 0.532808 0.275591 0.534121 0.275591 0.535433 0.274278 0.536745 0.267717 0.536745 0.267717 0.544619 0.266404 0.545932 0.267717 0.547244 0.270341 0.547244 0.271654 0.548556 0.274278 0.548556 0.275591 0.549869 0.282152 0.549869 0.283465 0.551181 0.304462 0.551181 0.304462 0.547244 0.305774 0.545932 0.305774 0.534121 0.307087 0.532808 0.307087 0.523622 0.304462 0.523622 0.303150 0.522310 0.299213 0.522310 0.297900 0.520997 0.288714 0.520997 0.287402 0.519685
1 0.257218 0.532808 0.257218 0.535433 0.274278 0.535433 0.274278 0.534121 0.269029 0.534121 0.267717 0.532808
0 0.494751 0.566929 0.490814 0.566929 0.489501 0.565617 0.479003 0.565617 0.477690 0.566929 0.471129 0.566929 0.469816 0.568241 0.463255 0.568241 0.461942 0.569554 0.455381 0.569554 0.454068 0.570866 0.451444 0.570866 0.451444 0.574803 0.452756 0.576115 0.452756 0.583990 0.454068 0.585302 0.454068 0.587927 0.456693 0.587927 0.458005 0.589239 0.458005 0.591864 0.456693 0.593176 0.454068 0.593176 0.455381 0.594488 0.455381 0.602362 0.456693 0.603675 0.456693 0.606299 0.458005 0.606299 0.459318 0.607612 0.460630 0.607612 0.461942 0.608924 0.471129 0.608924 0.472441 0.607612 0.479003 0.607612 0.480315 0.606299 0.485564 0.606299 0.486877 0.604987 0.493438 0.604987 0.494751 0.603675 0.498688 0.603675 0.498688 0.594488 0.497375 0.593176 0.497375 0.585302 0.496063 0.583990 0.496063 0.576115 0.494751 0.574803
1 0.456693 0.589239 0.450131 0.589239 0.448819 0.590551 0.442257 0.590551 0.440945 0.591864 0.434383 0.591864 0.433071 0.593176 0.433071 0.595801 0.434383 0.595801 0.435696 0.594488 0.442257 0.594488 0.443570 0.593176 0.450131 0.593176 0.451444 0.591864 0.456693 0.591864
0 0.010499 0.215223 0.006562 0.215223 0.005249 0.216535 0.000000 0.216535 0.000000 0.279528 0.001312 0.279528 0.002625 0.278215 0.007874 0.278215 0.009186 0.276903 0.015748 0.276903 0.017060 0.275591 0.023622 0.275591 0.024934 0.274278 0.027559 0.274278 0.027559 0.270341 0.026247 0.269029 0.026247 0.262467 0.024934 0.261155 0.024934 0.254593 0.023622 0.253281 0.023622 0.246719 0.022310 0.245407 0.022310 0.238845 0.020997 0.237533 0.020997 0.236220 0.019685 0.234908 0.019685 0.233596 0.018373 0.232283 0.018373 0.230971 0.017060 0.229659 0.017060 0.227034 0.015748 0.225722 0.015748 0.224409 0.014436 0.223097 0.014436 0.221785 0.013123 0.220472 0.013123 0.219160 0.011811 0.217848 0.011811 0.216535
1 0.049869 0.241470 0.048556 0.240157 0.048556 0.237533 0.044619 0.237533 0.043307 0.238845 0.036745 0.238845 0.035433 0.240157 0.028871 0.240157 0.027559 0.241470 0.023622 0.241470 0.023622 0.245407 0.024934 0.246719 0.026247 0.246719 0.027559 0.245407 0.034121 0.245407 0.035433 0.244094 0.041995 0.244094 0.043307 0.242782 0.048556 0.242782
0 0.426509 0.263780 0.423885 0.263780 0.422572 0.265092 0.421260 0.265092 0.419948 0.266404 0.418635 0.266404 0.417323 0.267717 0.416010 0.267717 0.413386 0.270341 0.412073 0.270341 0.410761 0.271654 0.409449 0.271654 0.408136 0.272966 0.406824 0.272966 0.405512 0.274278 0.404199 0.274278 0.402887 0.275591 0.401575 0.275591 0.398950 0.278215 0.397638 0.278215 0.396325 0.279528 0.395013 0.279528 0.396325 0.280840 0.396325 0.282152 0.398950 0.284777 0.398950 0.286089 0.400262 0.287402 0.400262 0.288714 0.401575 0.290026 0.401575 0.291339 0.402887 0.292651 0.402887 0.293963 0.404199 0.295276 0.404199 0.296588 0.405512 0.297900 0.405512 0.299213 0.406824 0.300525 0.406824 0.301837 0.409449 0.304462 0.409449 0.305774 0.410761 0.307087 0.410761 0.308399 0.412073 0.309711 0.412073 0.311024 0.413386 0.312336 0.413386 0.313648 0.414698 0.314961 0.414698 0.316273 0.416010 0.317585 0.417323 0.316273 0.418635 0.316273 0.419948 0.314961 0.421260 0.314961 0.422572 0.313648 0.423885 0.313648 0.425197 0.312336 0.426509 0.312336 0.427822 0.311024 0.429134 0.311024 0.431759 0.308399 0.433071 0.308399 0.434383 0.307087 0.435696 0.307087 0.437008 0.305774 0.438320 0.305774 0.439633 0.304462 0.440945 0.304462 0.442257 0.303150 0.443570 0.303150 0.444882 0.301837 0.444882 0.297900 0.443570 0.296588 0.443570 0.295276 0.442257 0.293963 0.442257 0.292651 0.440945 0.291339 0.440945 0.290026 0.439633 0.288714 0.439633 0.287402 0.438320 0.286089 0.438320 0.284777 0.437008 0.283465 0.437008 0.282152 0.434383 0.279528 0.434383 0.278215 0.433071 0.276903 0.433071 0.275591 0.431759 0.274278 0.431759 0.272966 0.430446 0.271654 0.430446 0.270341 0.429134 0.269029 0.429134 0.267717 0.427822 0.266404 0.427822 0.265092
0 0.703412 0.328084 0.698163 0.333333 0.696850 0.333333 0.688976 0.341207 0.687664 0.341207 0.682415 0.346457 0.682415 0.349081 0.683727 0.350394 0.683727 0.353018 0.685039 0.354331 0.685039 0.356955 0.686352 0.358268 0.686352 0.360892 0.687664 0.362205 0.687664 0.364829 0.688976 0.366142 0.688976 0.368766 0.690289 0.370079 0.690289 0.372703 0.691601 0.374016 0.691601 0.376640 0.704724 0.376640 0.706037 0.377953 0.717848 0.377953 0.719160 0.376640 0.720472 0.376640 0.725722 0.371391 0.727034 0.371391 0.730971 0.367454 0.732283 0.367454 0.737533 0.362205 0.738845 0.362205 0.740157 0.360892 0.740157 0.359580 0.738845 0.358268 0.738845 0.356955 0.737533 0.355643 0.737533 0.353018 0.736220 0.351706 0.736220 0.349081 0.734908 0.347769 0.734908 0.345144 0.733596 0.343832 0.733596 0.341207 0.732283 0.339895 0.732283 0.337270 0.730971 0.335958 0.730971 0.334646 0.729659 0.333333 0.729659 0.330709 0.720472 0.330709 0.719160 0.329396 0.708661 0.329396 0.707349 0.328084
1 0.587927 0.685039 0.587927 0.687664 0.589239 0.687664 0.590551 0.688976 0.593176 0.688976 0.594488 0.690289 0.594488 0.691601 0.597113 0.691601 0.599738 0.694226 0.601050 0.694226 0.601050 0.692913 0.599738 0.691601 0.597113 0.691601 0.594488 0.688976 0.593176 0.688976 0.590551 0.686352 0.589239 0.686352
1 0.578740 0.682415 0.580052 0.682415 0.582677 0.685039 0.585302 0.685039 0.581365 0.681102 0.580052 0.681102
1 0.741470 0.354331 0.738845 0.354331 0.738845 0.355643 0.740157 0.356955 0.740157 0.358268 0.741470 0.356955
0 0.614173 0.671916 0.604987 0.681102 0.603675 0.681102 0.595801 0.688976 0.597113 0.688976 0.598425 0.690289 0.599738 0.690289 0.602362 0.692913 0.602362 0.695538 0.599738 0.698163 0.598425 0.696850 0.597113 0.696850 0.595801 0.695538 0.594488 0.695538 0.593176 0.696850 0.593176 0.700787 0.591864 0.702100 0.591864 0.706037 0.590551 0.707349 0.590551 0.711286 0.589239 0.712598 0.589239 0.716535 0.587927 0.717848 0.587927 0.719160 0.589239 0.719160 0.590551 0.720472 0.591864 0.720472 0.594488 0.723097 0.595801 0.723097 0.597113 0.724409 0.598425 0.724409 0.599738 0.725722 0.601050 0.725722 0.602362 0.727034 0.603675 0.727034 0.606299 0.729659 0.607612 0.729659 0.608924 0.730971 0.610236 0.730971 0.611549 0.732283 0.612861 0.732283 0.614173 0.733596 0.615486 0.733596 0.616798 0.734908 0.618110 0.734908 0.619423 0.736220 0.622047 0.736220 0.629921 0.728346 0.631234 0.728346 0.640420 0.719160 0.640420 0.717848 0.641732 0.716535 0.641732 0.711286 0.643045 0.709974 0.643045 0.704724 0.644357 0.703412 0.644357 0.699475 0.645669 0.698163 0.645669 0.692913 0.646982 0.691601 0.646982 0.690289 0.644357 0.687664 0.643045 0.687664 0.641732 0.686352 0.640420 0.686352 0.639108 0.685039 0.637795 0.685039 0.635171 0.682415 0.633858 0.682415 0.632546 0.681102 0.631234 0.681102 0.629921 0.679790 0.628609 0.679790 0.627297 0.678478 0.625984 0.678478 0.623360 0.675853 0.622047 0.675853 0.620735 0.674541 0.619423 0.674541 0.618110 0.673228 0.616798 0.673228 0.615486 0.671916
1 0.577428 0.685039 0.578740 0.685039 0.580052 0.686352 0.581365 0.686352 0.582677 0.687664 0.583990 0.687664 0.585302 0.688976 0.586614 0.688976 0.589239 0.691601 0.590551 0.691601 0.591864 0.692913 0.593176 0.692913 0.594488 0.694226 0.595801 0.694226 0.597113 0.695538 0.598425 0.695538 0.599738 0.696850 0.601050 0.695538 0.599738 0.695538 0.597113 0.692913 0.594488 0.692913 0.593176 0.691601 0.593176 0.690289 0.590551 0.690289 0.589239 0.688976 0.587927 0.688976 0.586614 0.687664 0.586614 0.685039 0.585302 0.683727 0.586614 0.685039 0.585302 0.686352 0.582677 0.686352 0.580052 0.683727 0.578740 0.683727
0 0.637795 0.426509 0.637795 0.427822 0.636483 0.429134 0.636483 0.431759 0.635171 0.433071 0.635171 0.437008 0.633858 0.438320 0.633858 0.440945 0.632546 0.442257 0.632546 0.446194 0.631234 0.447507 0.631234 0.450131 0.629921 0.451444 0.629921 0.455381 0.628609 0.456693 0.628609 0.459318 0.627297 0.460630 0.627297 0.463255 0.625984 0.464567 0.625984 0.477690 0.627297 0.479003 0.627297 0.486877 0.628609 0.488189 0.632546 0.488189 0.633858 0.489501 0.639108 0.489501 0.640420 0.490814 0.645669 0.490814 0.646982 0.492126 0.650919 0.492126 0.652231 0.493438 0.657480 0.493438 0.658793 0.494751 0.664042 0.494751 0.665354 0.496063 0.669291 0.496063 0.670604 0.497375 0.671916 0.497375 0.673228 0.496063 0.673228 0.493438 0.674541 0.492126 0.674541 0.489501 0.675853 0.488189 0.675853 0.485564 0.677165 0.484252 0.677165 0.481627 0.678478 0.480315 0.678478 0.476378 0.679790 0.475066 0.679790 0.472441 0.681102 0.471129 0.681102 0.468504 0.682415 0.467192 0.682415 0.464567 0.683727 0.463255 0.683727 0.460630 0.685039 0.459318 0.685039 0.450131 0.683727 0.448819 0.683727 0.442257 0.682415 0.440945 0.682415 0.435696 0.677165 0.435696 0.675853 0.434383 0.671916 0.434383 0.670604 0.433071 0.665354 0.433071 0.664042 0.431759 0.660105 0.431759 0.658793 0.430446 0.653543 0.430446 0.652231 0.429134 0.646982 0.429134 0.645669 0.427822 0.641732 0.427822 0.640420 0.426509
1 0.645669 0.492126 0.644357 0.492126 0.643045 0.493438 0.643045 0.494751 0.641732 0.496063 0.641732 0.498688 0.640420 0.500000 0.640420 0.505249 0.639108 0.506562 0.639108 0.507874 0.640420 0.509186 0.643045 0.509186 0.643045 0.506562 0.644357 0.505249 0.644357 0.501312 0.645669 0.500000 0.645669 0.497375 0.646982 0.496063 0.646982 0.493438
