0 0.448242 0.631836 0.447266 0.632812 0.447266 0.633789 0.444336 0.636719 0.444336 0.637695 0.441406 0.640625 0.441406 0.641602 0.437500 0.645508 0.437500 0.646484 0.434570 0.649414 0.434570 0.650391 0.431641 0.653320 0.431641 0.654297 0.429688 0.656250 0.429688 0.658203 0.430664 0.659180 0.430664 0.660156 0.431641 0.661133 0.431641 0.663086 0.432617 0.664062 0.432617 0.665039 0.433594 0.666016 0.433594 0.667969 0.434570 0.668945 0.434570 0.670898 0.435547 0.671875 0.435547 0.672852 0.436523 0.673828 0.436523 0.675781 0.437500 0.676758 0.437500 0.677734 0.438477 0.678711 0.438477 0.680664 0.439453 0.681641 0.439453 0.682617 0.440430 0.683594 0.440430 0.685547 0.441406 0.686523 0.441406 0.688477 0.442383 0.689453 0.442383 0.690430 0.471680 0.690430 0.472656 0.689453 0.475586 0.689453 0.480469 0.684570 0.480469 0.683594 0.485352 0.678711 0.485352 0.677734 0.490234 0.672852 0.490234 0.671875 0.495117 0.666992 0.495117 0.663086 0.494141 0.662109 0.494141 0.661133 0.493164 0.660156 0.493164 0.659180 0.492188 0.658203 0.492188 0.657227 0.491211 0.656250 0.491211 0.654297 0.490234 0.653320 0.490234 0.652344 0.489258 0.651367 0.489258 0.650391 0.488281 0.649414 0.488281 0.648438 0.487305 0.647461 0.487305 0.646484 0.486328 0.645508 0.486328 0.643555 0.485352 0.642578 0.485352 0.641602 0.484375 0.640625 0.484375 0.639648 0.483398 0.639648 0.483398 0.640625 0.479492 0.644531 0.479492 0.645508 0.474609 0.650391 0.471680 0.650391 0.470703 0.649414 0.470703 0.648438 0.469727 0.647461 0.469727 0.646484 0.471680 0.644531 0.471680 0.643555 0.475586 0.639648 0.475586 0.638672 0.479492 0.634766 0.479492 0.633789 0.480469 0.632812 0.464844 0.632812 0.463867 0.631836
1 0.487305 0.629883 0.484375 0.629883 0.480469 0.633789 0.480469 0.634766 0.476562 0.638672 0.476562 0.639648 0.472656 0.643555 0.472656 0.644531 0.470703 0.646484 0.470703 0.647461 0.471680 0.648438 0.471680 0.649414 0.474609 0.649414 0.478516 0.645508 0.478516 0.644531 0.482422 0.640625 0.482422 0.639648 0.486328 0.635742 0.486328 0.634766 0.488281 0.632812 0.488281 0.631836 0.487305 0.630859
0 0.328125 0.580078 0.327148 0.581055 0.327148 0.583008 0.326172 0.583984 0.326172 0.585938 0.325195 0.586914 0.325195 0.587891 0.324219 0.588867 0.324219 0.590820 0.323242 0.591797 0.323242 0.592773 0.322266 0.593750 0.322266 0.595703 0.321289 0.596680 0.321289 0.597656 0.320312 0.598633 0.320312 0.599609 0.325195 0.599609 0.327148 0.601562 0.327148 0.604492 0.326172 0.605469 0.319336 0.605469 0.319336 0.606445 0.320312 0.607422 0.320312 0.610352 0.321289 0.611328 0.321289 0.614258 0.322266 0.615234 0.322266 0.617188 0.323242 0.618164 0.323242 0.621094 0.324219 0.622070 0.324219 0.625000 0.325195 0.625977 0.325195 0.626953 0.348633 0.626953 0.349609 0.627930 0.355469 0.627930 0.356445 0.626953 0.356445 0.625977 0.357422 0.625000 0.357422 0.624023 0.358398 0.623047 0.358398 0.622070 0.359375 0.621094 0.359375 0.619141 0.360352 0.618164 0.360352 0.617188 0.361328 0.616211 0.361328 0.615234 0.362305 0.614258 0.362305 0.612305 0.363281 0.611328 0.363281 0.610352 0.364258 0.609375 0.364258 0.608398 0.365234 0.607422 0.365234 0.605469 0.366211 0.604492 0.366211 0.603516 0.365234 0.602539 0.365234 0.600586 0.364258 0.599609 0.364258 0.597656 0.363281 0.596680 0.363281 0.594727 0.362305 0.593750 0.362305 0.591797 0.361328 0.590820 0.361328 0.588867 0.360352 0.587891 0.360352 0.585938 0.359375 0.584961 0.359375 0.583008 0.358398 0.582031 0.354492 0.582031 0.353516 0.581055 0.339844 0.581055 0.338867 0.580078
1 0.304688 0.599609 0.304688 0.603516 0.307617 0.603516 0.308594 0.604492 0.326172 0.604492 0.326172 0.601562 0.325195 0.600586 0.308594 0.600586 0.307617 0.599609
0 0.226562 0.700195 0.226562 0.701172 0.216797 0.710938 0.216797 0.711914 0.207031 0.721680 0.207031 0.722656 0.204102 0.725586 0.206055 0.727539 0.206055 0.728516 0.208008 0.730469 0.208008 0.731445 0.208984 0.732422 0.209961 0.732422 0.213867 0.736328 0.214844 0.736328 0.219727 0.741211 0.220703 0.741211 0.225586 0.746094 0.226562 0.746094 0.230469 0.750000 0.232422 0.750000 0.236328 0.746094 0.236328 0.745117 0.243164 0.738281 0.243164 0.737305 0.250000 0.730469 0.250000 0.729492 0.253906 0.725586 0.253906 0.724609 0.252930 0.723633 0.252930 0.722656 0.251953 0.721680 0.251953 0.719727 0.250000 0.717773 0.249023 0.717773 0.245117 0.713867 0.244141 0.713867 0.240234 0.709961 0.239258 0.709961 0.234375 0.705078 0.233398 0.705078 0.229492 0.701172 0.228516 0.701172 0.227539 0.700195
0 0.319336 0.918945 0.318359 0.917969 0.317383 0.918945 0.318359 0.917969
0 0.320312 0.908203 0.321289 0.909180 0.320312 0.910156 0.321289 0.909180
0 0.327148 0.896484 0.326172 0.896484 0.325195 0.897461 0.323242 0.897461 0.322266 0.898438 0.322266 0.899414 0.325195 0.899414 0.326172 0.898438 0.327148 0.899414
0 0.343750 0.889648 0.343750 0.890625 0.341797 0.892578 0.342773 0.893555 0.344727 0.893555 0.345703 0.894531 0.347656 0.892578 0.347656 0.890625 0.346680 0.890625 0.345703 0.889648
0 0.342773 0.879883 0.341797 0.879883 0.342773 0.879883 0.343750 0.880859 0.342773 0.881836 0.339844 0.881836 0.338867 0.882812 0.338867 0.883789 0.339844 0.883789 0.340820 0.884766 0.340820 0.885742 0.341797 0.886719 0.341797 0.885742 0.342773 0.884766 0.343750 0.884766 0.342773 0.883789 0.341797 0.883789 0.340820 0.882812 0.341797 0.881836 0.342773 0.881836 0.343750 0.880859 0.345703 0.882812 0.345703 0.884766 0.345703 0.882812
0 0.393555 0.800781 0.373047 0.800781 0.372070 0.801758 0.362305 0.801758 0.361328 0.802734 0.352539 0.802734 0.351562 0.803711 0.342773 0.803711 0.341797 0.804688 0.333008 0.804688 0.332031 0.805664 0.322266 0.805664 0.321289 0.806641 0.316406 0.806641 0.316406 0.819336 0.317383 0.820312 0.317383 0.871094 0.318359 0.871094 0.319336 0.872070 0.321289 0.872070 0.322266 0.873047 0.324219 0.873047 0.325195 0.874023 0.328125 0.874023 0.329102 0.875000 0.331055 0.875000 0.332031 0.875977 0.337891 0.875977 0.338867 0.875000 0.344727 0.875000 0.345703 0.874023 0.351562 0.874023 0.352539 0.873047 0.359375 0.873047 0.360352 0.872070 0.366211 0.872070 0.367188 0.871094 0.374023 0.871094 0.375000 0.870117 0.380859 0.870117 0.381836 0.869141 0.388672 0.869141 0.389648 0.868164 0.395508 0.868164 0.396484 0.867188 0.396484 0.866211 0.395508 0.865234 0.395508 0.842773 0.394531 0.841797 0.394531 0.819336 0.393555 0.818359
1 0.302734 0.938477 0.301758 0.939453 0.300781 0.939453 0.299805 0.940430 0.299805 0.942383 0.299805 0.941406 0.300781 0.940430 0.301758 0.940430 0.301758 0.939453
1 0.313477 0.932617 0.311523 0.930664 0.309570 0.932617 0.308594 0.931641 0.308594 0.933594 0.309570 0.933594 0.310547 0.934570 0.311523 0.934570
1 0.320312 0.921875 0.319336 0.921875 0.318359 0.922852 0.317383 0.922852 0.318359 0.923828 0.318359 0.926758 0.320312 0.924805 0.320312 0.923828 0.321289 0.922852
1 0.360352 0.873047 0.359375 0.874023 0.352539 0.874023 0.352539 0.875977 0.353516 0.876953 0.353516 0.910156 0.354492 0.911133 0.354492 0.916016 0.359375 0.916016 0.360352 0.915039 0.361328 0.915039 0.361328 0.904297 0.360352 0.903320
0 0.326172 0.875000 0.319336 0.881836 0.319336 0.882812 0.312500 0.889648 0.312500 0.890625 0.311523 0.891602 0.310547 0.891602 0.309570 0.892578 0.309570 0.893555 0.301758 0.901367 0.301758 0.902344 0.303711 0.904297 0.303711 0.905273 0.311523 0.913086 0.311523 0.914062 0.317383 0.919922 0.318359 0.918945 0.322266 0.922852 0.322266 0.923828 0.321289 0.924805 0.327148 0.930664 0.328125 0.930664 0.333008 0.935547 0.333984 0.935547 0.335938 0.937500 0.336914 0.937500 0.339844 0.940430 0.343750 0.936523 0.343750 0.935547 0.350586 0.928711 0.350586 0.927734 0.356445 0.921875 0.356445 0.920898 0.362305 0.915039 0.362305 0.914062 0.368164 0.908203 0.363281 0.903320 0.363281 0.902344 0.361328 0.900391 0.361328 0.903320 0.362305 0.904297 0.362305 0.915039 0.361328 0.916016 0.360352 0.916016 0.359375 0.916992 0.354492 0.916992 0.353516 0.916016 0.353516 0.911133 0.352539 0.910156 0.352539 0.890625 0.351562 0.889648 0.351562 0.888672 0.346680 0.883789 0.346680 0.884766 0.345703 0.885742 0.344727 0.884766 0.344727 0.882812 0.345703 0.881836 0.344727 0.882812 0.342773 0.880859 0.341797 0.880859 0.340820 0.879883 0.340820 0.878906 0.339844 0.877930 0.338867 0.877930 0.337891 0.876953 0.332031 0.876953 0.331055 0.875977 0.329102 0.875977 0.328125 0.875000
0 0.436523 0.585938 0.440430 0.585938 0.441406 0.584961 0.442383 0.585938 0.443359 0.584961 0.442383 0.585938 0.441406 0.584961 0.436523 0.584961
0 0.417969 0.565430 0.417969 0.566406 0.418945 0.567383 0.418945 0.568359 0.419922 0.568359 0.419922 0.565430
0 0.426758 0.557617 0.425781 0.557617 0.425781 0.565430 0.427734 0.563477 0.427734 0.562500 0.428711 0.561523 0.427734 0.560547 0.427734 0.558594
0 0.413086 0.550781 0.410156 0.553711 0.410156 0.554688 0.409180 0.555664 0.409180 0.556641 0.408203 0.557617 0.408203 0.558594 0.407227 0.559570 0.407227 0.560547 0.406250 0.561523 0.406250 0.562500 0.405273 0.563477 0.405273 0.566406 0.407227 0.568359 0.407227 0.569336 0.408203 0.570312 0.408203 0.571289 0.410156 0.573242 0.410156 0.574219 0.411133 0.575195 0.411133 0.576172 0.413086 0.578125 0.413086 0.579102 0.415039 0.581055 0.415039 0.582031 0.416016 0.583008 0.416016 0.583984 0.416992 0.584961 0.417969 0.583984 0.418945 0.584961 0.417969 0.583984 0.418945 0.583008 0.417969 0.582031 0.418945 0.581055 0.418945 0.580078 0.419922 0.579102 0.418945 0.578125 0.416992 0.578125 0.416016 0.577148 0.416016 0.576172 0.415039 0.575195 0.415039 0.573242 0.414062 0.572266 0.414062 0.571289 0.412109 0.569336 0.412109 0.567383 0.413086 0.566406 0.413086 0.565430 0.414062 0.564453 0.414062 0.561523 0.413086 0.560547 0.412109 0.560547 0.411133 0.559570 0.411133 0.558594 0.412109 0.557617 0.414062 0.557617 0.415039 0.558594 0.416016 0.558594 0.416016 0.556641 0.415039 0.555664 0.415039 0.553711 0.414062 0.552734 0.413086 0.552734 0.412109 0.551758
0 0.421875 0.549805 0.420898 0.548828 0.419922 0.549805 0.420898 0.548828
1 0.318359 0.919922 0.318359 0.920898 0.317383 0.921875 0.316406 0.921875 0.316406 0.922852 0.315430 0.923828 0.314453 0.923828 0.313477 0.924805 0.313477 0.925781 0.307617 0.931641 0.307617 0.932617 0.306641 0.933594 0.305664 0.933594 0.305664 0.934570 0.301758 0.938477 0.302734 0.939453 0.302734 0.940430 0.301758 0.941406 0.300781 0.941406 0.300781 0.942383 0.299805 0.943359 0.298828 0.942383 0.298828 0.941406 0.298828 0.942383 0.301758 0.945312 0.309570 0.937500 0.309570 0.936523 0.310547 0.935547 0.309570 0.934570 0.308594 0.934570 0.307617 0.933594 0.307617 0.931641 0.308594 0.930664 0.309570 0.931641 0.311523 0.929688 0.313477 0.931641 0.314453 0.931641 0.316406 0.929688 0.316406 0.928711 0.317383 0.927734 0.317383 0.923828 0.316406 0.922852 0.317383 0.921875 0.318359 0.921875 0.319336 0.920898
1 0.458984 0.565430 0.458008 0.566406 0.458984 0.566406
0 0.416992 0.541016 0.416016 0.541992 0.416016 0.542969 0.415039 0.543945 0.415039 0.544922 0.414062 0.545898 0.414062 0.546875 0.413086 0.547852 0.413086 0.548828 0.412109 0.549805 0.412109 0.550781 0.411133 0.551758 0.412109 0.550781 0.413086 0.551758 0.414062 0.551758 0.416016 0.553711 0.416016 0.555664 0.416992 0.556641 0.416992 0.558594 0.416016 0.559570 0.415039 0.559570 0.414062 0.558594 0.412109 0.558594 0.412109 0.559570 0.413086 0.559570 0.415039 0.561523 0.415039 0.564453 0.414062 0.565430 0.414062 0.566406 0.413086 0.567383 0.413086 0.569336 0.415039 0.571289 0.415039 0.572266 0.416016 0.573242 0.416016 0.575195 0.416992 0.576172 0.416992 0.577148 0.418945 0.577148 0.420898 0.579102 0.419922 0.580078 0.419922 0.581055 0.418945 0.582031 0.419922 0.583008 0.417969 0.584961 0.418945 0.583984 0.419922 0.584961 0.433594 0.584961 0.434570 0.585938 0.435547 0.585938 0.435547 0.584961 0.436523 0.583984 0.441406 0.583984 0.442383 0.584961 0.441406 0.585938 0.444336 0.583008 0.444336 0.582031 0.445312 0.581055 0.445312 0.580078 0.446289 0.579102 0.446289 0.578125 0.447266 0.577148 0.447266 0.576172 0.448242 0.575195 0.448242 0.574219 0.449219 0.573242 0.449219 0.572266 0.450195 0.571289 0.450195 0.569336 0.451172 0.568359 0.452148 0.568359 0.452148 0.567383 0.453125 0.566406 0.453125 0.565430 0.454102 0.564453 0.454102 0.563477 0.455078 0.562500 0.454102 0.561523 0.454102 0.560547 0.452148 0.558594 0.452148 0.557617 0.450195 0.555664 0.450195 0.554688 0.448242 0.552734 0.448242 0.551758 0.446289 0.549805 0.446289 0.548828 0.444336 0.546875 0.444336 0.545898 0.442383 0.543945 0.442383 0.542969 0.435547 0.542969 0.434570 0.541992 0.420898 0.541992 0.419922 0.541016
0 0.229492 0.429688 0.228516 0.430664 0.227539 0.433594 0.225586 0.435547 0.225586 0.436523 0.224609 0.437500 0.224609 0.438477 0.223633 0.439453 0.222656 0.442383 0.220703 0.444336 0.220703 0.445312 0.219727 0.446289 0.219727 0.447266 0.218750 0.448242 0.218750 0.449219 0.217773 0.450195 0.216797 0.453125 0.214844 0.455078 0.214844 0.456055 0.213867 0.457031 0.213867 0.458008 0.212891 0.458984 0.212891 0.459961 0.211914 0.460938 0.210938 0.463867 0.208984 0.465820 0.208984 0.466797 0.208008 0.467773 0.208008 0.468750 0.207031 0.469727 0.207031 0.470703 0.206055 0.471680 0.205078 0.474609 0.203125 0.476562 0.203125 0.477539 0.202148 0.478516 0.202148 0.479492 0.201172 0.480469 0.201172 0.481445 0.200195 0.482422 0.199219 0.485352 0.197266 0.487305 0.197266 0.488281 0.198242 0.488281 0.200195 0.490234 0.201172 0.490234 0.202148 0.491211 0.205078 0.492188 0.207031 0.494141 0.208008 0.494141 0.208984 0.495117 0.211914 0.496094 0.213867 0.498047 0.214844 0.498047 0.215820 0.499023 0.218750 0.500000 0.220703 0.501953 0.221680 0.501953 0.222656 0.502930 0.225586 0.503906 0.227539 0.505859 0.228516 0.505859 0.229492 0.506836 0.232422 0.507812 0.234375 0.509766 0.235352 0.508789 0.235352 0.507812 0.237305 0.505859 0.239258 0.505859 0.240234 0.506836 0.241211 0.506836 0.242188 0.507812 0.245117 0.508789 0.246094 0.509766 0.246094 0.510742 0.245117 0.511719 0.244141 0.514648 0.250000 0.518555 0.252930 0.518555 0.253906 0.519531 0.256836 0.519531 0.257812 0.520508 0.260742 0.520508 0.261719 0.521484 0.264648 0.521484 0.265625 0.522461 0.268555 0.522461 0.269531 0.523438 0.271484 0.523438 0.272461 0.524414 0.275391 0.524414 0.276367 0.525391 0.279297 0.525391 0.280273 0.526367 0.283203 0.526367 0.284180 0.527344 0.286133 0.527344 0.286133 0.526367 0.287109 0.525391 0.287109 0.524414 0.288086 0.523438 0.288086 0.522461 0.289062 0.521484 0.289062 0.520508 0.290039 0.519531 0.290039 0.518555 0.291016 0.517578 0.291016 0.516602 0.291992 0.515625 0.291992 0.514648 0.292969 0.513672 0.292969 0.512695 0.293945 0.511719 0.293945 0.510742 0.294922 0.509766 0.294922 0.508789 0.295898 0.507812 0.295898 0.506836 0.296875 0.505859 0.296875 0.504883 0.297852 0.503906 0.297852 0.502930 0.298828 0.501953 0.298828 0.500977 0.299805 0.500000 0.299805 0.499023 0.300781 0.498047 0.300781 0.497070 0.301758 0.496094 0.302734 0.493164 0.304688 0.491211 0.304688 0.490234 0.305664 0.489258 0.305664 0.488281 0.306641 0.487305 0.306641 0.486328 0.307617 0.485352 0.307617 0.484375 0.308594 0.483398 0.308594 0.482422 0.309570 0.481445 0.309570 0.480469 0.310547 0.479492 0.310547 0.478516 0.311523 0.477539 0.311523 0.476562 0.312500 0.475586 0.312500 0.474609 0.313477 0.473633 0.313477 0.472656 0.316406 0.467773 0.315430 0.467773 0.313477 0.465820 0.312500 0.465820 0.310547 0.463867 0.309570 0.463867 0.307617 0.461914 0.306641 0.461914 0.304688 0.459961 0.303711 0.459961 0.301758 0.458008 0.300781 0.458008 0.298828 0.456055 0.297852 0.456055 0.294922 0.453125 0.293945 0.453125 0.291992 0.451172 0.291016 0.451172 0.289062 0.449219 0.288086 0.449219 0.286133 0.447266 0.285156 0.447266 0.283203 0.445312 0.282227 0.445312 0.280273 0.443359 0.279297 0.443359 0.277344 0.441406 0.276367 0.441406 0.274414 0.439453 0.273438 0.439453 0.271484 0.437500 0.270508 0.437500 0.268555 0.435547 0.267578 0.435547 0.264648 0.433594 0.258789 0.433594 0.257812 0.432617 0.250977 0.432617 0.250000 0.431641 0.244141 0.431641 0.243164 0.430664 0.236328 0.430664 0.235352 0.429688
1 0.245117 0.509766 0.244141 0.509766 0.243164 0.508789 0.242188 0.508789 0.241211 0.507812 0.240234 0.507812 0.239258 0.506836 0.237305 0.506836 0.236328 0.507812 0.236328 0.508789 0.235352 0.509766 0.235352 0.510742 0.234375 0.511719 0.234375 0.512695 0.232422 0.514648 0.232422 0.515625 0.231445 0.516602 0.231445 0.517578 0.230469 0.518555 0.230469 0.519531 0.229492 0.520508 0.229492 0.521484 0.228516 0.522461 0.228516 0.523438 0.227539 0.524414 0.227539 0.525391 0.226562 0.526367 0.226562 0.527344 0.225586 0.528320 0.225586 0.529297 0.223633 0.531250 0.223633 0.532227 0.222656 0.533203 0.222656 0.534180 0.221680 0.535156 0.221680 0.536133 0.220703 0.537109 0.220703 0.538086 0.219727 0.539062 0.219727 0.540039 0.218750 0.541016 0.218750 0.541992 0.217773 0.542969 0.217773 0.543945 0.215820 0.545898 0.215820 0.547852 0.216797 0.547852 0.217773 0.548828 0.218750 0.548828 0.219727 0.549805 0.221680 0.549805 0.222656 0.550781 0.223633 0.550781 0.224609 0.549805 0.224609 0.548828 0.225586 0.547852 0.225586 0.546875 0.226562 0.545898 0.226562 0.544922 0.228516 0.542969 0.228516 0.541992 0.229492 0.541016 0.229492 0.540039 0.230469 0.539062 0.230469 0.538086 0.231445 0.537109 0.231445 0.536133 0.232422 0.535156 0.232422 0.534180 0.233398 0.533203 0.233398 0.532227 0.234375 0.531250 0.234375 0.530273 0.235352 0.529297 0.235352 0.528320 0.236328 0.527344 0.236328 0.526367 0.238281 0.524414 0.238281 0.523438 0.239258 0.522461 0.239258 0.521484 0.240234 0.520508 0.240234 0.519531 0.241211 0.518555 0.241211 0.517578 0.242188 0.516602 0.242188 0.515625 0.243164 0.514648 0.243164 0.513672 0.244141 0.512695 0.244141 0.511719 0.245117 0.510742
0 0.253906 0.520508 0.251953 0.520508 0.250977 0.519531 0.248047 0.519531 0.247070 0.518555 0.244141 0.518555 0.243164 0.517578 0.242188 0.517578 0.242188 0.518555 0.241211 0.519531 0.241211 0.520508 0.240234 0.521484 0.240234 0.522461 0.239258 0.523438 0.239258 0.524414 0.237305 0.526367 0.237305 0.527344 0.236328 0.528320 0.236328 0.529297 0.235352 0.530273 0.235352 0.531250 0.234375 0.532227 0.234375 0.533203 0.233398 0.534180 0.233398 0.535156 0.232422 0.536133 0.232422 0.537109 0.231445 0.538086 0.231445 0.539062 0.230469 0.540039 0.230469 0.541016 0.229492 0.541992 0.229492 0.542969 0.227539 0.544922 0.227539 0.545898 0.226562 0.546875 0.226562 0.547852 0.225586 0.548828 0.225586 0.549805 0.223633 0.551758 0.222656 0.551758 0.221680 0.550781 0.219727 0.550781 0.218750 0.549805 0.217773 0.549805 0.216797 0.548828 0.216797 0.549805 0.217773 0.550781 0.217773 0.553711 0.218750 0.554688 0.218750 0.556641 0.219727 0.556641 0.220703 0.557617 0.225586 0.557617 0.226562 0.558594 0.231445 0.558594 0.232422 0.559570 0.237305 0.559570 0.238281 0.560547 0.239258 0.560547 0.240234 0.559570 0.241211 0.559570 0.242188 0.558594 0.243164 0.558594 0.245117 0.556641 0.246094 0.556641 0.247070 0.555664 0.248047 0.555664 0.250000 0.553711 0.250977 0.553711 0.251953 0.552734 0.252930 0.552734 0.253906 0.551758 0.254883 0.551758 0.256836 0.549805 0.257812 0.549805 0.258789 0.548828 0.259766 0.548828 0.261719 0.546875 0.262695 0.546875 0.261719 0.545898 0.261719 0.543945 0.260742 0.542969 0.260742 0.541016 0.259766 0.540039 0.259766 0.538086 0.258789 0.537109 0.258789 0.535156 0.257812 0.534180 0.257812 0.531250 0.256836 0.530273 0.256836 0.528320 0.255859 0.527344 0.255859 0.525391 0.254883 0.524414 0.254883 0.522461 0.253906 0.521484
0 0.230469 0.517578 0.228516 0.519531 0.227539 0.519531 0.225586 0.521484 0.224609 0.521484 0.223633 0.522461 0.222656 0.522461 0.220703 0.524414 0.219727 0.524414 0.218750 0.525391 0.217773 0.525391 0.215820 0.527344 0.214844 0.527344 0.213867 0.528320 0.212891 0.528320 0.210938 0.530273 0.211914 0.531250 0.211914 0.534180 0.212891 0.535156 0.212891 0.537109 0.213867 0.538086 0.213867 0.540039 0.214844 0.541016 0.214844 0.543945 0.215820 0.544922 0.216797 0.543945 0.216797 0.542969 0.217773 0.541992 0.217773 0.541016 0.218750 0.540039 0.218750 0.539062 0.219727 0.538086 0.219727 0.537109 0.220703 0.536133 0.220703 0.535156 0.221680 0.534180 0.221680 0.533203 0.222656 0.532227 0.222656 0.531250 0.224609 0.529297 0.224609 0.528320 0.225586 0.527344 0.225586 0.526367 0.226562 0.525391 0.226562 0.524414 0.227539 0.523438 0.227539 0.522461 0.228516 0.521484 0.228516 0.520508 0.229492 0.519531 0.229492 0.518555
1 0.215820 0.548828 0.213867 0.550781 0.212891 0.550781 0.211914 0.551758 0.210938 0.551758 0.208984 0.553711 0.208984 0.554688 0.209961 0.555664 0.211914 0.555664 0.212891 0.554688 0.212891 0.553711 0.213867 0.552734 0.214844 0.553711 0.216797 0.551758 0.216797 0.550781 0.215820 0.549805
