0 0.442383 0.504883 0.438477 0.508789 0.439453 0.509766 0.439453 0.510742 0.441406 0.512695 0.441406 0.513672 0.442383 0.514648 0.442383 0.515625 0.440430 0.517578 0.436523 0.513672 0.436523 0.512695 0.435547 0.511719 0.428711 0.518555 0.427734 0.518555 0.425781 0.520508 0.425781 0.522461 0.426758 0.523438 0.426758 0.524414 0.428711 0.526367 0.428711 0.527344 0.430664 0.529297 0.430664 0.530273 0.432617 0.532227 0.432617 0.533203 0.434570 0.535156 0.434570 0.536133 0.436523 0.538086 0.436523 0.539062 0.437500 0.539062 0.438477 0.540039 0.440430 0.540039 0.441406 0.541016 0.442383 0.541016 0.443359 0.541992 0.444336 0.541992 0.445312 0.542969 0.447266 0.542969 0.448242 0.543945 0.449219 0.543945 0.450195 0.544922 0.451172 0.544922 0.467773 0.528320 0.466797 0.527344 0.466797 0.526367 0.464844 0.524414 0.464844 0.523438 0.463867 0.522461 0.463867 0.521484 0.461914 0.519531 0.461914 0.518555 0.459961 0.516602 0.459961 0.515625 0.458984 0.514648 0.458984 0.513672 0.457031 0.511719 0.457031 0.510742 0.456055 0.510742 0.455078 0.509766 0.454102 0.509766 0.453125 0.508789 0.451172 0.508789 0.450195 0.507812 0.448242 0.507812 0.447266 0.506836 0.446289 0.506836 0.445312 0.505859 0.443359 0.505859
1 0.432617 0.502930 0.431641 0.503906 0.432617 0.504883 0.432617 0.505859 0.433594 0.506836 0.433594 0.507812 0.435547 0.509766 0.435547 0.510742 0.437500 0.512695 0.437500 0.513672 0.440430 0.516602 0.441406 0.515625 0.441406 0.514648 0.440430 0.513672 0.440430 0.512695 0.438477 0.510742 0.438477 0.509766 0.437500 0.508789 0.437500 0.507812 0.435547 0.505859 0.435547 0.504883 0.433594 0.502930
0 0.568359 0.609375 0.564453 0.613281 0.563477 0.613281 0.558594 0.618164 0.557617 0.618164 0.553711 0.622070 0.552734 0.622070 0.549805 0.625000 0.549805 0.625977 0.550781 0.626953 0.550781 0.628906 0.551758 0.629883 0.551758 0.630859 0.552734 0.631836 0.552734 0.633789 0.553711 0.634766 0.553711 0.636719 0.554688 0.637695 0.554688 0.638672 0.555664 0.639648 0.555664 0.641602 0.558594 0.644531 0.559570 0.644531 0.562500 0.647461 0.563477 0.647461 0.566406 0.650391 0.567383 0.650391 0.570312 0.653320 0.571289 0.653320 0.572266 0.654297 0.573242 0.654297 0.574219 0.653320 0.575195 0.653320 0.580078 0.648438 0.581055 0.648438 0.585938 0.643555 0.586914 0.643555 0.591797 0.638672 0.591797 0.637695 0.590820 0.636719 0.590820 0.634766 0.589844 0.633789 0.589844 0.631836 0.588867 0.630859 0.588867 0.628906 0.587891 0.627930 0.587891 0.625977 0.586914 0.625000 0.586914 0.623047 0.585938 0.622070 0.585938 0.621094 0.583984 0.619141 0.583008 0.619141 0.581055 0.617188 0.580078 0.617188 0.578125 0.615234 0.577148 0.615234 0.575195 0.613281 0.574219 0.613281 0.572266 0.611328 0.571289 0.611328 0.569336 0.609375
1 0.592773 0.612305 0.591797 0.612305 0.586914 0.617188 0.585938 0.617188 0.584961 0.618164 0.584961 0.619141 0.586914 0.621094 0.591797 0.616211 0.592773 0.616211 0.593750 0.615234 0.593750 0.613281
0 0.640625 0.655273 0.634766 0.655273 0.633789 0.656250 0.628906 0.656250 0.627930 0.657227 0.623047 0.657227 0.622070 0.658203 0.618164 0.658203 0.618164 0.659180 0.616211 0.661133 0.616211 0.662109 0.614258 0.664062 0.614258 0.667969 0.615234 0.668945 0.615234 0.671875 0.616211 0.672852 0.616211 0.675781 0.617188 0.676758 0.617188 0.679688 0.618164 0.680664 0.618164 0.683594 0.619141 0.684570 0.619141 0.687500 0.622070 0.687500 0.623047 0.686523 0.628906 0.686523 0.629883 0.685547 0.635742 0.685547 0.636719 0.684570 0.641602 0.684570 0.642578 0.683594 0.642578 0.682617 0.644531 0.680664 0.644531 0.679688 0.645508 0.678711 0.645508 0.673828 0.644531 0.672852 0.644531 0.668945 0.643555 0.667969 0.643555 0.665039 0.642578 0.664062 0.642578 0.661133 0.641602 0.660156 0.641602 0.657227 0.640625 0.656250
1 0.632812 0.686523 0.632812 0.687500 0.633789 0.688477 0.633789 0.691406 0.634766 0.692383 0.634766 0.695312 0.635742 0.696289 0.635742 0.697266 0.637695 0.697266 0.637695 0.696289 0.636719 0.695312 0.636719 0.692383 0.635742 0.691406 0.635742 0.688477 0.634766 0.687500 0.634766 0.686523
0 0.455078 0.376953 0.453125 0.376953 0.452148 0.377930 0.451172 0.377930 0.450195 0.378906 0.449219 0.378906 0.448242 0.379883 0.447266 0.379883 0.446289 0.380859 0.445312 0.380859 0.444336 0.381836 0.443359 0.381836 0.442383 0.382812 0.441406 0.382812 0.440430 0.383789 0.439453 0.383789 0.438477 0.384766 0.437500 0.384766 0.431641 0.390625 0.431641 0.393555 0.432617 0.394531 0.432617 0.395508 0.433594 0.396484 0.433594 0.397461 0.435547 0.399414 0.435547 0.400391 0.436523 0.401367 0.436523 0.402344 0.437500 0.403320 0.437500 0.404297 0.439453 0.406250 0.439453 0.407227 0.440430 0.408203 0.440430 0.409180 0.441406 0.410156 0.441406 0.411133 0.442383 0.410156 0.443359 0.410156 0.444336 0.409180 0.445312 0.409180 0.446289 0.408203 0.447266 0.408203 0.448242 0.407227 0.449219 0.407227 0.450195 0.406250 0.451172 0.406250 0.453125 0.404297 0.454102 0.404297 0.455078 0.403320 0.456055 0.403320 0.457031 0.402344 0.458008 0.402344 0.458984 0.401367 0.459961 0.401367 0.465820 0.395508 0.464844 0.394531 0.464844 0.393555 0.462891 0.391602 0.462891 0.390625 0.461914 0.389648 0.461914 0.388672 0.460938 0.387695 0.460938 0.386719 0.458984 0.384766 0.458984 0.383789 0.458008 0.382812 0.458008 0.381836 0.457031 0.380859 0.457031 0.379883 0.455078 0.377930
0 0.500977 0.583008 0.500000 0.583984 0.499023 0.583984 0.497070 0.585938 0.496094 0.585938 0.493164 0.588867 0.492188 0.588867 0.479492 0.601562 0.479492 0.602539 0.489258 0.612305 0.489258 0.613281 0.493164 0.617188 0.494141 0.617188 0.496094 0.615234 0.497070 0.615234 0.501953 0.610352 0.502930 0.610352 0.514648 0.598633 0.514648 0.597656 0.507812 0.590820 0.507812 0.589844
1 0.508789 0.683594 0.505859 0.686523 0.505859 0.687500 0.504883 0.688477 0.505859 0.689453 0.506836 0.688477 0.507812 0.689453 0.507812 0.690430 0.507812 0.689453 0.509766 0.687500 0.509766 0.686523 0.510742 0.685547 0.508789 0.687500 0.506836 0.685547
1 0.510742 0.681641 0.511719 0.682617 0.510742 0.683594 0.511719 0.682617
0 0.515625 0.648438 0.511719 0.652344 0.511719 0.653320 0.502930 0.662109 0.502930 0.663086 0.498047 0.667969 0.498047 0.668945 0.500000 0.670898 0.500000 0.671875 0.500977 0.672852 0.500977 0.673828 0.501953 0.674805 0.501953 0.675781 0.502930 0.676758 0.502930 0.677734 0.503906 0.678711 0.503906 0.679688 0.504883 0.680664 0.504883 0.681641 0.506836 0.683594 0.506836 0.684570 0.510742 0.680664 0.511719 0.681641 0.512695 0.681641 0.513672 0.682617 0.513672 0.684570 0.511719 0.686523 0.511719 0.687500 0.512695 0.688477 0.513672 0.688477 0.514648 0.689453 0.515625 0.689453 0.517578 0.691406 0.518555 0.691406 0.519531 0.692383 0.520508 0.692383 0.522461 0.694336 0.523438 0.694336 0.525391 0.696289 0.527344 0.696289 0.527344 0.695312 0.534180 0.688477 0.534180 0.687500 0.540039 0.681641 0.540039 0.680664 0.543945 0.676758 0.543945 0.674805 0.542969 0.673828 0.542969 0.671875 0.541992 0.670898 0.541992 0.669922 0.541016 0.668945 0.541016 0.667969 0.540039 0.666992 0.540039 0.666016 0.539062 0.665039 0.539062 0.664062 0.538086 0.663086 0.538086 0.662109 0.537109 0.661133 0.537109 0.660156 0.535156 0.658203 0.534180 0.658203 0.533203 0.657227 0.532227 0.657227 0.531250 0.656250 0.530273 0.656250 0.528320 0.654297 0.527344 0.654297 0.526367 0.653320 0.525391 0.653320 0.524414 0.652344 0.523438 0.652344 0.521484 0.650391 0.520508 0.650391 0.519531 0.649414 0.518555 0.649414 0.517578 0.648438
1 0.506836 0.689453 0.505859 0.690430 0.504883 0.689453 0.503906 0.689453 0.498047 0.695312 0.500000 0.697266 0.500977 0.697266 0.506836 0.691406
1 0.512695 0.682617 0.511719 0.683594 0.510742 0.682617 0.509766 0.682617 0.509766 0.683594 0.507812 0.685547 0.508789 0.686523 0.509766 0.685547 0.510742 0.686523 0.512695 0.684570
0 0.491211 0.266602 0.491211 0.267578 0.489258 0.269531 0.489258 0.270508 0.488281 0.271484 0.488281 0.272461 0.486328 0.274414 0.486328 0.275391 0.484375 0.277344 0.484375 0.278320 0.483398 0.279297 0.483398 0.280273 0.481445 0.282227 0.481445 0.283203 0.479492 0.285156 0.479492 0.286133 0.478516 0.287109 0.478516 0.288086 0.479492 0.289062 0.479492 0.291016 0.480469 0.291992 0.480469 0.292969 0.481445 0.293945 0.481445 0.294922 0.482422 0.295898 0.482422 0.296875 0.483398 0.296875 0.485352 0.298828 0.486328 0.298828 0.487305 0.299805 0.488281 0.299805 0.489258 0.300781 0.490234 0.300781 0.491211 0.301758 0.492188 0.301758 0.493164 0.302734 0.494141 0.302734 0.496094 0.304688 0.497070 0.304688 0.498047 0.305664 0.499023 0.305664 0.500000 0.306641 0.500977 0.306641 0.501953 0.307617 0.502930 0.307617 0.502930 0.306641 0.504883 0.304688 0.504883 0.303711 0.505859 0.302734 0.505859 0.301758 0.507812 0.299805 0.507812 0.298828 0.509766 0.296875 0.509766 0.295898 0.510742 0.294922 0.510742 0.293945 0.512695 0.291992 0.512695 0.291016 0.514648 0.289062 0.514648 0.285156 0.513672 0.284180 0.513672 0.282227 0.512695 0.281250 0.512695 0.279297 0.509766 0.276367 0.508789 0.276367 0.507812 0.275391 0.506836 0.275391 0.505859 0.274414 0.504883 0.274414 0.503906 0.273438 0.502930 0.273438 0.501953 0.272461 0.500977 0.272461 0.500000 0.271484 0.499023 0.271484 0.498047 0.270508 0.497070 0.270508 0.495117 0.268555 0.494141 0.268555 0.493164 0.267578 0.492188 0.267578
0 0.679688 0.638672 0.679688 0.640625 0.678711 0.641602 0.678711 0.646484 0.677734 0.647461 0.677734 0.651367 0.676758 0.652344 0.676758 0.656250 0.675781 0.657227 0.675781 0.661133 0.674805 0.662109 0.674805 0.665039 0.675781 0.665039 0.676758 0.666016 0.677734 0.666016 0.678711 0.666992 0.679688 0.666992 0.680664 0.667969 0.681641 0.667969 0.682617 0.668945 0.683594 0.668945 0.684570 0.669922 0.685547 0.669922 0.686523 0.670898 0.687500 0.670898 0.688477 0.671875 0.690430 0.671875 0.691406 0.672852 0.696289 0.672852 0.697266 0.673828 0.713867 0.673828 0.713867 0.671875 0.714844 0.670898 0.714844 0.666016 0.715820 0.665039 0.715820 0.660156 0.716797 0.659180 0.716797 0.655273 0.717773 0.654297 0.717773 0.649414 0.718750 0.648438 0.718750 0.647461 0.717773 0.647461 0.716797 0.646484 0.715820 0.646484 0.714844 0.645508 0.713867 0.645508 0.712891 0.644531 0.711914 0.644531 0.710938 0.643555 0.709961 0.643555 0.708984 0.642578 0.708008 0.642578 0.707031 0.641602 0.706055 0.641602 0.705078 0.640625 0.704102 0.640625 0.703125 0.639648 0.702148 0.639648 0.701172 0.638672
