0 0.582983 0.308824 0.581933 0.309874 0.579832 0.309874 0.578782 0.310924 0.576681 0.310924 0.575630 0.311975 0.573529 0.311975 0.572479 0.313025 0.569328 0.313025 0.568277 0.314076 0.566176 0.314076 0.565126 0.315126 0.563025 0.315126 0.563025 0.316176 0.571429 0.324580 0.571429 0.326681 0.570378 0.327731 0.567227 0.327731 0.556723 0.317227 0.556723 0.343487 0.561975 0.348739 0.563025 0.348739 0.570378 0.356092 0.573529 0.356092 0.574580 0.355042 0.576681 0.355042 0.577731 0.353992 0.580882 0.353992 0.581933 0.352941 0.584034 0.352941 0.585084 0.351891 0.588235 0.351891 0.589286 0.350840 0.591387 0.350840 0.592437 0.349790 0.595588 0.349790 0.596639 0.348739 0.596639 0.332983 0.597689 0.331933 0.597689 0.323529
1 0.557773 0.316176 0.557773 0.317227 0.567227 0.326681 0.570378 0.326681 0.570378 0.324580 0.560924 0.315126 0.558824 0.315126
0 0.649160 0.504202 0.648109 0.503151 0.647059 0.503151 0.644958 0.501050 0.643908 0.501050 0.640756 0.497899 0.639706 0.497899 0.638655 0.496849 0.637605 0.497899 0.617647 0.497899 0.616597 0.498950 0.612395 0.498950 0.612395 0.501050 0.611345 0.502101 0.611345 0.522059 0.610294 0.523109 0.610294 0.526261 0.611345 0.527311 0.612395 0.527311 0.613445 0.528361 0.614496 0.528361 0.616597 0.530462 0.617647 0.530462 0.618697 0.531513 0.619748 0.531513 0.620798 0.532563 0.637605 0.532563 0.638655 0.531513 0.648109 0.531513 0.648109 0.516807 0.643908 0.516807 0.642857 0.515756 0.642857 0.513655 0.643908 0.512605 0.648109 0.512605 0.648109 0.511555 0.649160 0.510504
1 0.643908 0.513655 0.643908 0.515756 0.661765 0.515756 0.662815 0.514706 0.662815 0.512605 0.651261 0.512605 0.650210 0.513655
0 0.737395 0.505252 0.735294 0.507353 0.734244 0.507353 0.733193 0.508403 0.732143 0.508403 0.731092 0.509454 0.730042 0.509454 0.728992 0.510504 0.727941 0.510504 0.726891 0.511555 0.725840 0.511555 0.724790 0.512605 0.723739 0.512605 0.721639 0.514706 0.720588 0.514706 0.719538 0.515756 0.718487 0.515756 0.717437 0.516807 0.717437 0.517857 0.716387 0.518908 0.716387 0.524160 0.715336 0.525210 0.715336 0.530462 0.714286 0.531513 0.714286 0.532563 0.722689 0.540966 0.722689 0.542017 0.730042 0.549370 0.732143 0.549370 0.733193 0.548319 0.734244 0.548319 0.735294 0.547269 0.736345 0.547269 0.737395 0.546218 0.738445 0.546218 0.740546 0.544118 0.741597 0.544118 0.742647 0.543067 0.743697 0.543067 0.744748 0.542017 0.745798 0.542017 0.746849 0.540966 0.747899 0.540966 0.750000 0.538866 0.751050 0.538866 0.751050 0.537815 0.752101 0.536765 0.752101 0.533613 0.753151 0.532563 0.753151 0.528361 0.754202 0.527311 0.754202 0.524160 0.755252 0.523109
0 0.703782 0.100840 0.700630 0.100840 0.699580 0.101891 0.694328 0.101891 0.693277 0.102941 0.688025 0.102941 0.685924 0.105042 0.685924 0.106092 0.684874 0.107143 0.684874 0.108193 0.683824 0.109244 0.683824 0.110294 0.682773 0.111345 0.682773 0.112395 0.681723 0.113445 0.681723 0.120798 0.682773 0.121849 0.682773 0.128151 0.683824 0.129202 0.683824 0.134454 0.684874 0.135504 0.684874 0.141807 0.685924 0.142857 0.685924 0.147059 0.690126 0.147059 0.691176 0.146008 0.696429 0.146008 0.697479 0.144958 0.703782 0.144958 0.704832 0.143908 0.711134 0.143908 0.712185 0.142857 0.718487 0.142857 0.718487 0.140756 0.719538 0.139706 0.719538 0.138655 0.720588 0.137605 0.720588 0.135504 0.721639 0.134454 0.721639 0.132353 0.722689 0.131303 0.721639 0.132353 0.719538 0.132353 0.718487 0.133403 0.717437 0.132353 0.717437 0.131303 0.716387 0.130252 0.716387 0.129202 0.715336 0.128151 0.715336 0.127101 0.714286 0.126050 0.714286 0.123950 0.713235 0.122899 0.713235 0.121849 0.712185 0.120798 0.712185 0.119748 0.711134 0.118697 0.711134 0.117647 0.710084 0.116597 0.710084 0.115546 0.709034 0.114496 0.709034 0.112395 0.707983 0.111345 0.707983 0.110294 0.706933 0.109244 0.706933 0.108193 0.705882 0.107143 0.705882 0.106092 0.704832 0.105042 0.704832 0.102941 0.703782 0.101891
0 0.559874 0.545168 0.558824 0.546218 0.558824 0.547269 0.557773 0.548319 0.557773 0.550420 0.558824 0.550420 0.559874 0.549370 0.560924 0.550420 0.559874 0.549370 0.560924 0.548319 0.560924 0.546218
0 0.546218 0.526261 0.546218 0.532563 0.550420 0.532563 0.551471 0.531513 0.551471 0.530462 0.552521 0.529412 0.552521 0.528361 0.551471 0.528361 0.550420 0.527311 0.548319 0.527311 0.547269 0.526261
0 0.554622 0.525210 0.557773 0.525210 0.558824 0.524160 0.557773 0.523109 0.555672 0.523109 0.554622 0.524160
0 0.702731 0.332983 0.700630 0.332983 0.699580 0.331933 0.696429 0.331933 0.695378 0.330882 0.688025 0.330882 0.686975 0.331933 0.685924 0.331933 0.684874 0.332983 0.683824 0.332983 0.682773 0.334034 0.680672 0.334034 0.679622 0.335084 0.678571 0.335084 0.677521 0.336134 0.676471 0.336134 0.675420 0.337185 0.673319 0.337185 0.672269 0.338235 0.671218 0.338235 0.670168 0.339286 0.669118 0.339286 0.669118 0.341387 0.670168 0.342437 0.670168 0.345588 0.671218 0.346639 0.671218 0.349790 0.672269 0.350840 0.672269 0.352941 0.673319 0.353992 0.673319 0.357143 0.674370 0.358193 0.674370 0.360294 0.675420 0.361345 0.675420 0.362395 0.676471 0.363445 0.679622 0.363445 0.680672 0.364496 0.682773 0.364496 0.683824 0.365546 0.689076 0.365546 0.690126 0.364496 0.691176 0.364496 0.692227 0.363445 0.693277 0.363445 0.694328 0.362395 0.696429 0.362395 0.697479 0.361345 0.698529 0.361345 0.699580 0.360294 0.700630 0.360294 0.701681 0.359244 0.702731 0.359244 0.703782 0.358193 0.705882 0.358193 0.706933 0.357143 0.707983 0.357143 0.709034 0.356092 0.707983 0.355042 0.707983 0.351891 0.706933 0.350840 0.706933 0.347689 0.705882 0.346639 0.705882 0.344538 0.704832 0.343487 0.704832 0.340336 0.703782 0.339286 0.703782 0.336134 0.702731 0.335084
1 0.714286 0.336134 0.712185 0.336134 0.711134 0.337185 0.710084 0.337185 0.709034 0.338235 0.707983 0.338235 0.706933 0.339286 0.704832 0.339286 0.705882 0.340336 0.705882 0.341387 0.706933 0.341387 0.707983 0.340336 0.710084 0.340336 0.711134 0.339286 0.712185 0.339286 0.713235 0.338235 0.714286 0.338235
0 0.558824 0.525210 0.557773 0.526261 0.554622 0.526261 0.553571 0.525210 0.553571 0.524160 0.554622 0.523109 0.554622 0.522059 0.552521 0.522059 0.551471 0.521008 0.549370 0.521008 0.548319 0.519958 0.547269 0.519958 0.546218 0.521008 0.544118 0.518908 0.543067 0.518908 0.542017 0.519958 0.537815 0.519958 0.536765 0.521008 0.533613 0.521008 0.532563 0.522059 0.528361 0.522059 0.527311 0.523109 0.523109 0.523109 0.522059 0.524160 0.519958 0.524160 0.519958 0.527311 0.521008 0.528361 0.521008 0.543067 0.522059 0.544118 0.522059 0.551471 0.523109 0.552521 0.526261 0.552521 0.527311 0.553571 0.529412 0.553571 0.530462 0.554622 0.533613 0.554622 0.534664 0.555672 0.539916 0.555672 0.540966 0.554622 0.545168 0.554622 0.546218 0.553571 0.550420 0.553571 0.551471 0.552521 0.556723 0.552521 0.557773 0.551471 0.560924 0.551471 0.559874 0.550420 0.560924 0.549370 0.558824 0.551471 0.557773 0.551471 0.556723 0.550420 0.556723 0.548319 0.557773 0.547269 0.557773 0.546218 0.559874 0.544118 0.559874 0.532563 0.558824 0.531513
1 0.519958 0.540966 0.515756 0.540966 0.514706 0.542017 0.511555 0.542017 0.511555 0.544118 0.513655 0.544118 0.514706 0.543067 0.519958 0.543067
0 0.755252 0.066176 0.753151 0.066176 0.752101 0.067227 0.750000 0.067227 0.748950 0.068277 0.745798 0.068277 0.744748 0.069328 0.741597 0.069328 0.740546 0.070378 0.738445 0.070378 0.737395 0.071429 0.734244 0.071429 0.733193 0.072479 0.732143 0.072479 0.731092 0.073529 0.730042 0.073529 0.726891 0.076681 0.725840 0.076681 0.723739 0.078782 0.722689 0.078782 0.719538 0.081933 0.718487 0.081933 0.715336 0.085084 0.714286 0.085084 0.712185 0.087185 0.711134 0.087185 0.707983 0.090336 0.706933 0.090336 0.703782 0.093487 0.702731 0.093487 0.701681 0.094538 0.701681 0.095588 0.702731 0.096639 0.702731 0.097689 0.703782 0.098739 0.703782 0.099790 0.704832 0.100840 0.704832 0.101891 0.705882 0.102941 0.705882 0.105042 0.706933 0.106092 0.706933 0.107143 0.707983 0.108193 0.707983 0.109244 0.709034 0.110294 0.709034 0.111345 0.710084 0.112395 0.710084 0.114496 0.711134 0.115546 0.711134 0.116597 0.712185 0.117647 0.712185 0.118697 0.713235 0.119748 0.713235 0.120798 0.714286 0.121849 0.714286 0.122899 0.715336 0.123950 0.715336 0.126050 0.716387 0.127101 0.716387 0.128151 0.717437 0.129202 0.717437 0.130252 0.718487 0.131303 0.718487 0.132353 0.719538 0.131303 0.721639 0.131303 0.722689 0.130252 0.724790 0.130252 0.725840 0.129202 0.727941 0.129202 0.728992 0.128151 0.731092 0.128151 0.732143 0.127101 0.734244 0.127101 0.735294 0.126050 0.737395 0.126050 0.738445 0.125000 0.740546 0.125000 0.741597 0.123950 0.742647 0.123950 0.744748 0.121849 0.745798 0.121849 0.747899 0.119748 0.748950 0.119748 0.751050 0.117647 0.752101 0.117647 0.754202 0.115546 0.755252 0.115546 0.757353 0.113445 0.758403 0.113445 0.760504 0.111345 0.761555 0.111345 0.763655 0.109244 0.764706 0.109244 0.766807 0.107143 0.767857 0.107143 0.769958 0.105042 0.771008 0.105042 0.772059 0.103992 0.771008 0.102941 0.771008 0.100840 0.769958 0.099790 0.769958 0.098739 0.768908 0.097689 0.768908 0.096639 0.767857 0.095588 0.767857 0.094538 0.766807 0.093487 0.766807 0.091387 0.765756 0.090336 0.765756 0.089286 0.764706 0.088235 0.764706 0.087185 0.763655 0.086134 0.763655 0.085084 0.762605 0.084034 0.762605 0.081933 0.761555 0.080882 0.761555 0.079832 0.760504 0.078782 0.760504 0.077731 0.759454 0.076681 0.759454 0.075630 0.758403 0.074580 0.758403 0.072479 0.757353 0.071429 0.757353 0.070378 0.756303 0.069328 0.756303 0.068277 0.755252 0.067227
0 0.702731 0.608193 0.701681 0.609244 0.700630 0.609244 0.697479 0.612395 0.696429 0.612395 0.694328 0.614496 0.693277 0.614496 0.691176 0.616597 0.690126 0.616597 0.688025 0.618697 0.686975 0.618697 0.684874 0.620798 0.683824 0.620798 0.682773 0.621849 0.682773 0.623950 0.683824 0.625000 0.683824 0.632353 0.684874 0.633403 0.684874 0.640756 0.685924 0.641807 0.685924 0.647059 0.686975 0.648109 0.689076 0.648109 0.690126 0.649160 0.691176 0.649160 0.692227 0.650210 0.694328 0.650210 0.695378 0.651261 0.697479 0.651261 0.698529 0.652311 0.699580 0.652311 0.700630 0.653361 0.702731 0.653361 0.703782 0.654412 0.704832 0.654412 0.705882 0.655462 0.707983 0.655462 0.709034 0.656513 0.711134 0.654412 0.712185 0.654412 0.714286 0.652311 0.715336 0.652311 0.716387 0.651261 0.717437 0.651261 0.719538 0.649160 0.720588 0.649160 0.722689 0.647059 0.723739 0.647059 0.724790 0.646008 0.725840 0.646008 0.727941 0.643908 0.728992 0.643908 0.728992 0.638655 0.727941 0.637605 0.727941 0.631303 0.726891 0.630252 0.726891 0.625000 0.725840 0.623950 0.725840 0.617647 0.724790 0.617647 0.723739 0.616597 0.721639 0.616597 0.720588 0.615546 0.719538 0.615546 0.718487 0.614496 0.717437 0.614496 0.716387 0.613445 0.714286 0.613445 0.713235 0.612395 0.712185 0.612395 0.711134 0.611345 0.709034 0.611345 0.707983 0.610294 0.706933 0.610294 0.705882 0.609244 0.704832 0.609244 0.703782 0.608193
