0 0.289389 0.643087 0.287245 0.645230 0.287245 0.646302 0.286174 0.647374 0.286174 0.648446 0.284030 0.650589 0.284030 0.651661 0.282958 0.652733 0.282958 0.653805 0.281886 0.654877 0.281886 0.657020 0.286174 0.657020 0.288317 0.659164 0.288317 0.660236 0.287245 0.661308 0.282958 0.661308 0.282958 0.665595 0.284030 0.666667 0.284030 0.672026 0.285102 0.673098 0.285102 0.676313 0.292605 0.676313 0.291533 0.675241 0.291533 0.674169 0.293676 0.672026 0.294748 0.672026 0.296892 0.674169 0.296892 0.675241 0.297964 0.676313 0.308682 0.676313 0.308682 0.675241 0.310825 0.673098 0.310825 0.672026 0.312969 0.669882 0.312969 0.668810 0.315113 0.666667 0.315113 0.665595 0.316184 0.664523 0.316184 0.659164 0.315113 0.658092 0.315113 0.653805 0.314041 0.652733 0.314041 0.648446 0.312969 0.647374 0.312969 0.643087
1 0.271168 0.658092 0.271168 0.660236 0.287245 0.660236 0.287245 0.659164 0.286174 0.658092
0 0.438371 0.711683 0.438371 0.712755 0.436227 0.714898 0.436227 0.715970 0.435155 0.717042 0.435155 0.718114 0.433012 0.720257 0.433012 0.721329 0.430868 0.723473 0.430868 0.724544 0.428725 0.726688 0.428725 0.727760 0.426581 0.729904 0.426581 0.730975 0.425509 0.732047 0.431940 0.738478 0.433012 0.738478 0.435155 0.740622 0.436227 0.740622 0.438371 0.742765 0.439443 0.742765 0.440514 0.743837 0.441586 0.743837 0.443730 0.745981 0.444802 0.745981 0.446945 0.748124 0.448017 0.748124 0.449089 0.749196 0.450161 0.749196 0.451233 0.750268 0.452304 0.749196 0.452304 0.748124 0.454448 0.745981 0.454448 0.744909 0.456592 0.742765 0.456592 0.741693 0.457663 0.740622 0.457663 0.739550 0.459807 0.737406 0.459807 0.736334 0.461951 0.734191 0.461951 0.733119 0.464094 0.730975 0.464094 0.729904 0.456592 0.722401 0.455520 0.722401 0.453376 0.720257 0.452304 0.720257 0.451233 0.719185 0.450161 0.719185 0.448017 0.717042 0.446945 0.717042 0.445874 0.715970 0.444802 0.715970 0.442658 0.713826 0.441586 0.713826 0.440514 0.712755 0.439443 0.712755
1 0.422294 0.718114 0.423365 0.719185 0.424437 0.719185 0.426581 0.721329 0.427653 0.721329 0.428725 0.722401 0.430868 0.722401 0.430868 0.721329 0.429796 0.721329 0.427653 0.719185 0.426581 0.719185 0.425509 0.718114 0.424437 0.718114 0.423365 0.717042
0 0.409432 0.438371 0.408360 0.439443 0.408360 0.440514 0.405145 0.443730 0.405145 0.444802 0.400857 0.449089 0.400857 0.450161 0.397642 0.453376 0.397642 0.454448 0.394427 0.457663 0.394427 0.458735 0.393355 0.459807 0.394427 0.460879 0.394427 0.466238 0.395498 0.467310 0.395498 0.472669 0.396570 0.473741 0.396570 0.478028 0.397642 0.479100 0.397642 0.483387 0.399786 0.483387 0.400857 0.484459 0.404073 0.484459 0.405145 0.485531 0.408360 0.485531 0.409432 0.486602 0.411576 0.486602 0.412647 0.487674 0.415863 0.487674 0.416935 0.488746 0.420150 0.488746 0.421222 0.489818 0.423365 0.489818 0.424437 0.490890 0.425509 0.490890 0.427653 0.488746 0.427653 0.487674 0.433012 0.482315 0.433012 0.481243 0.438371 0.475884 0.438371 0.474812 0.441586 0.471597 0.441586 0.467310 0.440514 0.466238 0.440514 0.461951 0.439443 0.460879 0.439443 0.456592 0.438371 0.455520 0.438371 0.452304 0.437299 0.451233 0.437299 0.446945 0.435155 0.446945 0.434084 0.445874 0.430868 0.445874 0.429796 0.444802 0.427653 0.444802 0.426581 0.443730 0.424437 0.443730 0.423365 0.442658 0.421222 0.442658 0.420150 0.441586 0.416935 0.441586 0.415863 0.440514 0.413719 0.440514 0.412647 0.439443 0.410504 0.439443
1 0.410504 0.437299 0.410504 0.438371 0.412647 0.438371 0.413719 0.439443 0.414791 0.439443 0.413719 0.438371 0.413719 0.437299 0.412647 0.436227 0.411576 0.436227
0 0.317256 0.745981 0.317256 0.744909 0.312969 0.740622 0.311897 0.740622 0.305466 0.734191 0.304394 0.734191 0.303323 0.733119 0.302251 0.734191 0.301179 0.734191 0.300107 0.735263 0.297964 0.735263 0.296892 0.736334 0.294748 0.736334 0.293676 0.737406 0.291533 0.737406 0.290461 0.738478 0.288317 0.738478 0.287245 0.739550 0.286174 0.739550 0.285102 0.740622 0.282958 0.740622 0.281886 0.741693 0.280815 0.741693 0.281886 0.742765 0.282958 0.742765 0.290461 0.750268 0.291533 0.750268 0.294748 0.753483 0.297964 0.750268 0.301179 0.750268 0.302251 0.751340 0.303323 0.751340 0.304394 0.750268 0.306538 0.750268 0.307610 0.749196 0.308682 0.749196 0.309753 0.748124 0.311897 0.748124 0.312969 0.747053 0.315113 0.747053 0.316184 0.745981
0 0.449089 0.364416 0.448017 0.364416 0.446945 0.365488 0.440514 0.365488 0.439443 0.366559 0.435155 0.366559 0.435155 0.370847 0.434084 0.371919 0.431940 0.371919 0.430868 0.370847 0.430868 0.368703 0.429796 0.367631 0.423365 0.367631 0.423365 0.368703 0.422294 0.369775 0.422294 0.370847 0.420150 0.372990 0.420150 0.374062 0.419078 0.375134 0.419078 0.376206 0.418006 0.377278 0.418006 0.381565 0.419078 0.382637 0.419078 0.385852 0.420150 0.386924 0.420150 0.390139 0.421222 0.391211 0.421222 0.394427 0.422294 0.395498 0.422294 0.398714 0.423365 0.399786 0.423365 0.403001 0.431940 0.403001 0.433012 0.401929 0.440514 0.401929 0.441586 0.400857 0.449089 0.400857 0.450161 0.399786 0.450161 0.398714 0.451233 0.397642 0.451233 0.396570 0.452304 0.395498 0.452304 0.394427 0.453376 0.393355 0.453376 0.392283 0.454448 0.391211 0.454448 0.385852 0.453376 0.384780 0.453376 0.381565 0.452304 0.380493 0.452304 0.377278 0.451233 0.376206 0.451233 0.371919 0.450161 0.370847 0.450161 0.367631 0.449089 0.366559
1 0.284030 0.759914 0.281886 0.759914 0.279743 0.762058 0.278671 0.760986 0.277599 0.762058 0.278671 0.760986 0.279743 0.762058 0.280815 0.762058 0.281886 0.763130 0.280815 0.764202 0.278671 0.764202 0.280815 0.764202 0.281886 0.763130 0.281886 0.760986 0.282958 0.759914
1 0.428725 0.353698 0.428725 0.359057 0.429796 0.360129 0.429796 0.363344 0.430868 0.364416 0.430868 0.367631 0.431940 0.368703 0.431940 0.370847 0.434084 0.370847 0.434084 0.366559 0.433012 0.365488 0.433012 0.362272 0.431940 0.361200 0.431940 0.357985 0.430868 0.356913 0.430868 0.353698
0 0.280815 0.742765 0.280815 0.751340 0.279743 0.752412 0.279743 0.759914 0.280815 0.759914 0.281886 0.758842 0.282958 0.758842 0.284030 0.757771 0.287245 0.757771 0.288317 0.758842 0.288317 0.760986 0.286174 0.763130 0.284030 0.763130 0.282958 0.764202 0.281886 0.764202 0.280815 0.765273 0.279743 0.765273 0.280815 0.765273 0.291533 0.775991 0.292605 0.775991 0.293676 0.777063 0.296892 0.777063 0.297964 0.775991 0.299035 0.775991 0.300107 0.774920 0.302251 0.774920 0.303323 0.773848 0.305466 0.773848 0.306538 0.772776 0.307610 0.772776 0.308682 0.771704 0.310825 0.771704 0.311897 0.770632 0.312969 0.770632 0.314041 0.769561 0.316184 0.769561 0.317256 0.768489 0.317256 0.759914 0.318328 0.758842 0.318328 0.745981 0.317256 0.747053 0.316184 0.747053 0.315113 0.748124 0.312969 0.748124 0.311897 0.749196 0.309753 0.749196 0.308682 0.750268 0.307610 0.750268 0.306538 0.751340 0.304394 0.751340 0.303323 0.752412 0.302251 0.752412 0.301179 0.751340 0.297964 0.751340 0.294748 0.754555 0.291533 0.751340 0.290461 0.751340 0.282958 0.743837 0.281886 0.743837
1 0.280815 0.763130 0.279743 0.763130 0.278671 0.762058 0.279743 0.760986 0.277599 0.763130 0.276527 0.762058 0.275456 0.762058 0.273312 0.764202 0.270096 0.764202 0.270096 0.766345 0.271168 0.767417 0.272240 0.766345 0.274384 0.766345 0.275456 0.765273 0.277599 0.765273 0.277599 0.764202 0.278671 0.763130
1 0.287245 0.758842 0.284030 0.758842 0.285102 0.759914 0.284030 0.760986 0.282958 0.760986 0.282958 0.763130 0.284030 0.762058 0.286174 0.762058 0.287245 0.760986
1 0.485531 0.323687 0.485531 0.324759 0.486602 0.325831 0.486602 0.326902 0.487674 0.327974 0.488746 0.327974 0.489818 0.326902 0.490890 0.327974 0.486602 0.323687
1 0.482315 0.318328 0.481243 0.319400 0.483387 0.321543 0.482315 0.320472 0.483387 0.319400
0 0.499464 0.322615 0.497320 0.324759 0.496249 0.324759 0.489818 0.331190 0.488746 0.331190 0.483387 0.336549 0.482315 0.336549 0.480171 0.338692 0.480171 0.339764 0.482315 0.341908 0.482315 0.342980 0.485531 0.346195 0.485531 0.347267 0.488746 0.350482 0.488746 0.351554 0.493033 0.355841 0.493033 0.356913 0.496249 0.360129 0.497320 0.360129 0.498392 0.361200 0.501608 0.361200 0.503751 0.359057 0.504823 0.359057 0.510182 0.353698 0.511254 0.353698 0.516613 0.348339 0.517685 0.348339 0.520900 0.345123 0.516613 0.340836 0.516613 0.339764 0.513398 0.336549 0.513398 0.335477 0.509110 0.331190 0.509110 0.330118 0.505895 0.326902 0.505895 0.325831 0.504823 0.324759 0.503751 0.324759 0.502680 0.323687 0.501608 0.323687 0.500536 0.322615
1 0.489818 0.327974 0.488746 0.329046 0.489818 0.330118 0.490890 0.329046
1 0.482315 0.317256 0.481243 0.318328 0.484459 0.321543 0.483387 0.322615 0.484459 0.323687 0.485531 0.322615 0.486602 0.322615 0.487674 0.323687 0.484459 0.320472 0.483387 0.320472 0.482315 0.319400 0.483387 0.318328
0 0.299035 0.718114 0.301179 0.720257 0.302251 0.720257 0.303323 0.719185 0.304394 0.719185 0.305466 0.718114 0.307610 0.718114 0.308682 0.717042 0.310825 0.717042 0.311897 0.715970 0.314041 0.715970 0.315113 0.714898 0.316184 0.714898 0.317256 0.713826 0.319400 0.713826 0.320472 0.712755 0.322615 0.712755 0.322615 0.711683 0.323687 0.710611 0.323687 0.709539 0.324759 0.708467 0.324759 0.707395 0.325831 0.706324 0.324759 0.707395 0.323687 0.707395 0.322615 0.708467 0.321543 0.708467 0.320472 0.709539 0.311897 0.709539 0.309753 0.707395 0.310825 0.706324 0.309753 0.705252 0.308682 0.705252 0.307610 0.706324 0.307610 0.707395 0.306538 0.708467 0.306538 0.709539 0.305466 0.710611 0.305466 0.711683 0.304394 0.712755 0.304394 0.713826 0.303323 0.714898 0.303323 0.715970 0.300107 0.719185
0 0.224009 0.532690 0.222937 0.533762 0.222937 0.534834 0.221865 0.535906 0.221865 0.536977 0.219721 0.539121 0.219721 0.540193 0.218650 0.541265 0.218650 0.542337 0.216506 0.544480 0.216506 0.545552 0.215434 0.546624 0.215434 0.547696 0.213290 0.549839 0.213290 0.550911 0.212219 0.551983 0.212219 0.553055 0.210075 0.555198 0.210075 0.556270 0.209003 0.557342 0.209003 0.558414 0.206860 0.560557 0.207931 0.560557 0.209003 0.561629 0.210075 0.561629 0.211147 0.562701 0.212219 0.562701 0.214362 0.564845 0.215434 0.564845 0.216506 0.565916 0.217578 0.565916 0.218650 0.566988 0.219721 0.566988 0.220793 0.568060 0.221865 0.568060 0.222937 0.569132 0.224009 0.569132 0.226152 0.571275 0.227224 0.571275 0.228296 0.572347 0.229368 0.572347 0.230439 0.573419 0.231511 0.573419 0.232583 0.574491 0.233655 0.574491 0.234727 0.575563 0.235798 0.575563 0.236870 0.576635 0.237942 0.576635 0.240086 0.574491 0.240086 0.573419 0.241158 0.572347 0.241158 0.571275 0.243301 0.569132 0.243301 0.568060 0.244373 0.566988 0.244373 0.565916 0.246517 0.563773 0.246517 0.562701 0.247588 0.561629 0.247588 0.560557 0.249732 0.558414 0.249732 0.557342 0.250804 0.556270 0.250804 0.555198 0.252947 0.553055 0.252947 0.551983 0.254019 0.550911 0.254019 0.549839 0.255091 0.548767 0.254019 0.547696 0.252947 0.547696 0.251876 0.546624 0.250804 0.546624 0.249732 0.545552 0.248660 0.545552 0.246517 0.543408 0.245445 0.543408 0.244373 0.542337 0.243301 0.542337 0.242229 0.541265 0.241158 0.541265 0.240086 0.540193 0.239014 0.540193 0.236870 0.538049 0.235798 0.538049 0.234727 0.536977 0.233655 0.536977 0.232583 0.535906 0.231511 0.535906 0.230439 0.534834 0.229368 0.534834 0.227224 0.532690
0 0.317256 0.676313 0.316184 0.676313 0.315113 0.677385 0.312969 0.677385 0.311897 0.678457 0.309753 0.678457 0.308682 0.679528 0.307610 0.679528 0.306538 0.680600 0.304394 0.680600 0.303323 0.681672 0.301179 0.681672 0.300107 0.682744 0.297964 0.682744 0.296892 0.683816 0.294748 0.683816 0.294748 0.684887 0.293676 0.685959 0.293676 0.687031 0.292605 0.688103 0.292605 0.689175 0.291533 0.690247 0.291533 0.691318 0.290461 0.692390 0.290461 0.693462 0.289389 0.694534 0.289389 0.695606 0.288317 0.696677 0.288317 0.697749 0.287245 0.698821 0.287245 0.699893 0.288317 0.700965 0.288317 0.702036 0.290461 0.704180 0.290461 0.705252 0.291533 0.706324 0.291533 0.707395 0.293676 0.709539 0.293676 0.710611 0.295820 0.712755 0.295820 0.713826 0.296892 0.714898 0.296892 0.715970 0.297964 0.717042 0.299035 0.717042 0.300107 0.718114 0.299035 0.719185 0.300107 0.720257 0.299035 0.719185 0.302251 0.715970 0.302251 0.714898 0.303323 0.713826 0.303323 0.712755 0.304394 0.711683 0.304394 0.710611 0.305466 0.709539 0.305466 0.708467 0.306538 0.707395 0.306538 0.706324 0.308682 0.704180 0.309753 0.704180 0.310825 0.705252 0.309753 0.706324 0.311897 0.708467 0.320472 0.708467 0.321543 0.707395 0.322615 0.707395 0.323687 0.706324 0.324759 0.706324 0.327974 0.703108 0.327974 0.702036 0.329046 0.700965 0.329046 0.699893 0.330118 0.698821 0.330118 0.695606 0.327974 0.693462 0.327974 0.692390 0.325831 0.690247 0.325831 0.689175 0.324759 0.688103 0.324759 0.687031 0.322615 0.684887 0.322615 0.683816 0.320472 0.681672 0.320472 0.680600 0.318328 0.678457 0.318328 0.677385
1 0.293676 0.673098 0.292605 0.674169 0.294748 0.676313 0.293676 0.677385 0.294748 0.676313 0.295820 0.677385 0.295820 0.680600 0.296892 0.681672 0.296892 0.682744 0.297964 0.681672 0.300107 0.681672 0.299035 0.680600 0.299035 0.679528 0.297964 0.678457 0.297964 0.677385 0.295820 0.675241 0.295820 0.674169 0.294748 0.673098
