0 0.363281 0.662109 0.362305 0.662109 0.361328 0.663086 0.356445 0.663086 0.355469 0.664062 0.349609 0.664062 0.348633 0.665039 0.343750 0.665039 0.342773 0.666016 0.337891 0.666016 0.336914 0.666992 0.336914 0.672852 0.335938 0.673828 0.335938 0.679688 0.334961 0.680664 0.334961 0.683594 0.338867 0.683594 0.339844 0.684570 0.339844 0.686523 0.337891 0.688477 0.335938 0.688477 0.336914 0.689453 0.336914 0.691406 0.337891 0.692383 0.337891 0.694336 0.338867 0.695312 0.338867 0.698242 0.339844 0.699219 0.339844 0.701172 0.340820 0.702148 0.340820 0.704102 0.345703 0.704102 0.346680 0.703125 0.351562 0.703125 0.352539 0.702148 0.357422 0.702148 0.358398 0.701172 0.362305 0.701172 0.363281 0.700195 0.367188 0.700195 0.367188 0.697266 0.368164 0.696289 0.368164 0.691406 0.369141 0.690430 0.369141 0.686523 0.370117 0.685547 0.370117 0.681641 0.369141 0.680664 0.369141 0.678711 0.368164 0.677734 0.368164 0.675781 0.367188 0.674805 0.367188 0.672852 0.366211 0.671875 0.366211 0.669922 0.365234 0.668945 0.365234 0.666992 0.364258 0.666016 0.364258 0.664062 0.363281 0.663086
1 0.338867 0.684570 0.333008 0.684570 0.332031 0.685547 0.327148 0.685547 0.326172 0.686523 0.321289 0.686523 0.321289 0.689453 0.326172 0.689453 0.327148 0.688477 0.332031 0.688477 0.333008 0.687500 0.337891 0.687500 0.338867 0.686523
0 0.447266 0.198242 0.447266 0.201172 0.446289 0.202148 0.446289 0.205078 0.445312 0.206055 0.445312 0.208984 0.444336 0.209961 0.444336 0.212891 0.443359 0.213867 0.443359 0.216797 0.442383 0.217773 0.442383 0.220703 0.441406 0.221680 0.441406 0.224609 0.440430 0.225586 0.440430 0.226562 0.453125 0.239258 0.463867 0.239258 0.464844 0.240234 0.476562 0.240234 0.477539 0.241211 0.478516 0.241211 0.478516 0.238281 0.479492 0.237305 0.479492 0.234375 0.480469 0.233398 0.480469 0.231445 0.481445 0.230469 0.481445 0.227539 0.482422 0.226562 0.482422 0.224609 0.483398 0.223633 0.483398 0.220703 0.484375 0.219727 0.484375 0.216797 0.485352 0.215820 0.485352 0.213867 0.486328 0.212891 0.485352 0.212891 0.478516 0.206055 0.477539 0.206055 0.472656 0.201172 0.467773 0.201172 0.466797 0.200195 0.458984 0.200195 0.458008 0.199219 0.449219 0.199219 0.448242 0.198242
0 0.448242 0.468750 0.420898 0.496094 0.420898 0.497070 0.417969 0.500000 0.417969 0.500977 0.416992 0.501953 0.443359 0.528320 0.458008 0.513672 0.458984 0.513672 0.469727 0.502930 0.469727 0.501953 0.470703 0.500977 0.470703 0.500000 0.471680 0.499023 0.471680 0.498047 0.472656 0.497070 0.472656 0.496094 0.473633 0.495117 0.473633 0.493164 0.471680 0.491211 0.470703 0.491211
1 0.461914 0.511719 0.459961 0.513672 0.459961 0.514648 0.474609 0.529297 0.475586 0.529297 0.477539 0.527344 0.477539 0.526367 0.462891 0.511719
0 0.483398 0.682617 0.481445 0.682617 0.480469 0.683594 0.475586 0.683594 0.474609 0.684570 0.470703 0.684570 0.469727 0.685547 0.465820 0.685547 0.464844 0.686523 0.459961 0.686523 0.459961 0.694336 0.460938 0.695312 0.460938 0.709961 0.464844 0.713867 0.464844 0.714844 0.468750 0.718750 0.469727 0.717773 0.474609 0.717773 0.475586 0.716797 0.479492 0.716797 0.480469 0.715820 0.485352 0.715820 0.486328 0.714844 0.490234 0.714844 0.491211 0.713867 0.491211 0.706055 0.490234 0.705078 0.490234 0.692383 0.489258 0.691406 0.489258 0.690430 0.486328 0.687500 0.486328 0.686523 0.483398 0.683594
0 0.365234 0.383789 0.365234 0.384766 0.364258 0.385742 0.364258 0.388672 0.363281 0.389648 0.363281 0.393555 0.362305 0.394531 0.362305 0.396484 0.363281 0.397461 0.362305 0.398438 0.363281 0.399414 0.362305 0.400391 0.361328 0.400391 0.362305 0.400391 0.363281 0.401367 0.364258 0.401367 0.365234 0.402344 0.366211 0.402344 0.367188 0.403320 0.368164 0.403320 0.369141 0.404297 0.370117 0.404297 0.371094 0.405273 0.372070 0.405273 0.373047 0.406250 0.377930 0.406250 0.378906 0.407227 0.387695 0.407227 0.388672 0.408203 0.389648 0.407227 0.390625 0.408203 0.392578 0.408203 0.391602 0.408203 0.390625 0.407227 0.389648 0.407227 0.388672 0.406250 0.387695 0.406250 0.386719 0.405273 0.385742 0.405273 0.384766 0.404297 0.383789 0.404297 0.382812 0.403320 0.381836 0.403320 0.380859 0.402344 0.380859 0.400391 0.381836 0.399414 0.381836 0.396484 0.382812 0.395508 0.382812 0.391602 0.383789 0.390625 0.383789 0.387695 0.382812 0.386719 0.383789 0.385742 0.384766 0.385742 0.384766 0.383789 0.383789 0.383789 0.382812 0.382812 0.379883 0.382812 0.378906 0.383789 0.378906 0.384766 0.377930 0.385742 0.376953 0.385742 0.375977 0.386719 0.372070 0.386719 0.369141 0.383789 0.367188 0.383789 0.366211 0.382812
0 0.368164 0.376953 0.369141 0.377930 0.369141 0.378906 0.371094 0.378906 0.371094 0.377930 0.370117 0.377930 0.369141 0.376953
1 0.459961 0.702148 0.458984 0.702148 0.458008 0.703125 0.454102 0.703125 0.453125 0.704102 0.448242 0.704102 0.448242 0.706055 0.449219 0.707031 0.450195 0.707031 0.451172 0.706055 0.455078 0.706055 0.456055 0.705078 0.459961 0.705078
0 0.378906 0.399414 0.378906 0.400391 0.377930 0.401367 0.378906 0.401367
0 0.362305 0.397461 0.361328 0.398438 0.361328 0.399414 0.362305 0.399414 0.361328 0.398438
0 0.372070 0.389648 0.371094 0.389648 0.370117 0.390625 0.370117 0.392578 0.372070 0.392578
0 0.366211 0.376953 0.366211 0.379883 0.365234 0.380859 0.365234 0.382812 0.366211 0.381836 0.367188 0.382812 0.369141 0.382812 0.372070 0.385742 0.375977 0.385742 0.376953 0.384766 0.377930 0.384766 0.377930 0.383789 0.379883 0.381836 0.382812 0.381836 0.383789 0.382812 0.384766 0.382812 0.385742 0.383789 0.385742 0.385742 0.384766 0.386719 0.383789 0.386719 0.384766 0.387695 0.384766 0.390625 0.383789 0.391602 0.383789 0.395508 0.382812 0.396484 0.382812 0.399414 0.381836 0.400391 0.381836 0.402344 0.382812 0.402344 0.383789 0.403320 0.384766 0.403320 0.385742 0.404297 0.386719 0.404297 0.387695 0.405273 0.388672 0.405273 0.389648 0.406250 0.387695 0.408203 0.388672 0.407227 0.389648 0.408203 0.388672 0.407227 0.389648 0.406250 0.390625 0.406250 0.391602 0.407227 0.392578 0.407227 0.393555 0.408203 0.393555 0.407227 0.394531 0.406250 0.394531 0.403320 0.395508 0.402344 0.395508 0.398438 0.396484 0.397461 0.396484 0.393555 0.397461 0.392578 0.397461 0.389648 0.398438 0.388672 0.398438 0.385742 0.397461 0.384766 0.396484 0.384766 0.395508 0.383789 0.394531 0.383789 0.393555 0.382812 0.392578 0.382812 0.390625 0.380859 0.389648 0.380859 0.388672 0.379883 0.387695 0.379883 0.386719 0.378906 0.385742 0.379883 0.384766 0.378906 0.383789 0.378906 0.382812 0.379883 0.381836 0.378906 0.380859 0.378906 0.379883 0.377930 0.372070 0.377930 0.372070 0.378906 0.371094 0.379883 0.369141 0.379883 0.368164 0.378906 0.368164 0.377930 0.367188 0.376953
1 0.384766 0.365234 0.384766 0.367188 0.383789 0.368164 0.383789 0.372070 0.382812 0.373047 0.382812 0.376953 0.381836 0.377930 0.383789 0.377930 0.384766 0.376953 0.384766 0.375977 0.385742 0.375000 0.385742 0.371094 0.386719 0.370117 0.386719 0.366211 0.385742 0.366211
0 0.545898 0.505859 0.543945 0.505859 0.542969 0.506836 0.541016 0.506836 0.540039 0.507812 0.538086 0.507812 0.537109 0.508789 0.535156 0.508789 0.534180 0.509766 0.532227 0.509766 0.531250 0.510742 0.530273 0.510742 0.529297 0.511719 0.529297 0.512695 0.528320 0.513672 0.528320 0.514648 0.527344 0.515625 0.527344 0.516602 0.526367 0.517578 0.526367 0.519531 0.525391 0.520508 0.525391 0.521484 0.524414 0.522461 0.524414 0.523438 0.523438 0.524414 0.523438 0.526367 0.525391 0.528320 0.525391 0.529297 0.536133 0.540039 0.537109 0.540039 0.538086 0.539062 0.540039 0.539062 0.541016 0.538086 0.543945 0.538086 0.544922 0.537109 0.546875 0.537109 0.547852 0.536133 0.549805 0.536133 0.550781 0.535156 0.551758 0.535156 0.552734 0.534180 0.552734 0.532227 0.553711 0.531250 0.553711 0.530273 0.554688 0.529297 0.554688 0.527344 0.555664 0.526367 0.555664 0.525391 0.556641 0.524414 0.556641 0.523438 0.557617 0.522461 0.557617 0.519531 0.556641 0.518555 0.556641 0.517578 0.548828 0.509766 0.548828 0.508789
0 0.318359 0.583008 0.312500 0.588867 0.311523 0.588867 0.307617 0.592773 0.307617 0.596680 0.306641 0.597656 0.306641 0.606445 0.305664 0.607422 0.305664 0.615234 0.304688 0.616211 0.304688 0.621094 0.305664 0.621094 0.306641 0.622070 0.310547 0.622070 0.311523 0.623047 0.316406 0.623047 0.317383 0.624023 0.321289 0.624023 0.322266 0.625000 0.326172 0.625000 0.327148 0.625977 0.332031 0.625977 0.333008 0.626953 0.335938 0.624023 0.336914 0.624023 0.339844 0.621094 0.340820 0.621094 0.344727 0.617188 0.344727 0.611328 0.345703 0.610352 0.345703 0.599609 0.346680 0.598633 0.346680 0.588867 0.343750 0.588867 0.342773 0.587891 0.339844 0.587891 0.338867 0.586914 0.334961 0.586914 0.333984 0.585938 0.330078 0.585938 0.329102 0.584961 0.326172 0.584961 0.325195 0.583984 0.321289 0.583984 0.320312 0.583008
0 0.356445 0.399414 0.356445 0.407227 0.357422 0.408203 0.357422 0.415039 0.358398 0.416016 0.358398 0.416992 0.359375 0.417969 0.359375 0.418945 0.360352 0.419922 0.360352 0.420898 0.361328 0.421875 0.361328 0.422852 0.362305 0.423828 0.362305 0.425781 0.363281 0.426758 0.363281 0.427734 0.364258 0.428711 0.364258 0.429688 0.364258 0.426758 0.363281 0.425781 0.363281 0.416992 0.362305 0.416016 0.362305 0.412109 0.361328 0.411133 0.361328 0.410156 0.360352 0.409180 0.360352 0.408203 0.359375 0.407227 0.359375 0.405273 0.358398 0.404297 0.358398 0.403320 0.357422 0.402344 0.357422 0.401367 0.356445 0.400391
1 0.346680 0.607422 0.346680 0.611328 0.350586 0.611328 0.351562 0.612305 0.355469 0.612305 0.356445 0.613281 0.358398 0.613281 0.359375 0.612305 0.359375 0.610352 0.357422 0.610352 0.356445 0.609375 0.352539 0.609375 0.351562 0.608398 0.347656 0.608398
1 0.339844 0.396484 0.339844 0.397461 0.340820 0.398438 0.340820 0.399414 0.341797 0.400391 0.341797 0.401367 0.342773 0.402344 0.342773 0.403320 0.342773 0.402344 0.341797 0.401367 0.341797 0.400391 0.340820 0.399414 0.340820 0.398438 0.339844 0.397461
0 0.355469 0.396484 0.354492 0.397461 0.351562 0.397461 0.350586 0.398438 0.347656 0.398438 0.346680 0.399414 0.343750 0.399414 0.342773 0.400391 0.342773 0.401367 0.343750 0.402344 0.343750 0.404297 0.344727 0.405273 0.344727 0.406250 0.345703 0.407227 0.345703 0.409180 0.344727 0.410156 0.342773 0.410156 0.341797 0.409180 0.341797 0.408203 0.340820 0.407227 0.340820 0.406250 0.339844 0.405273 0.339844 0.404297 0.338867 0.403320 0.338867 0.402344 0.337891 0.401367 0.335938 0.401367 0.334961 0.402344 0.332031 0.402344 0.331055 0.403320 0.332031 0.404297 0.332031 0.417969 0.333008 0.418945 0.333008 0.421875 0.333984 0.422852 0.333984 0.423828 0.334961 0.424805 0.334961 0.425781 0.335938 0.426758 0.335938 0.427734 0.336914 0.428711 0.336914 0.429688 0.337891 0.430664 0.337891 0.431641 0.338867 0.432617 0.338867 0.433594 0.339844 0.434570 0.339844 0.435547 0.340820 0.436523 0.342773 0.436523 0.343750 0.435547 0.346680 0.435547 0.347656 0.434570 0.350586 0.434570 0.351562 0.433594 0.354492 0.433594 0.355469 0.432617 0.358398 0.432617 0.359375 0.431641 0.362305 0.431641 0.363281 0.430664 0.364258 0.430664 0.363281 0.429688 0.363281 0.428711 0.362305 0.427734 0.362305 0.426758 0.361328 0.425781 0.361328 0.423828 0.360352 0.422852 0.360352 0.421875 0.359375 0.420898 0.359375 0.419922 0.358398 0.418945 0.358398 0.417969 0.357422 0.416992 0.357422 0.416016 0.356445 0.415039 0.356445 0.408203 0.355469 0.407227
1 0.337891 0.396484 0.337891 0.398438 0.338867 0.399414 0.338867 0.401367 0.339844 0.402344 0.339844 0.403320 0.340820 0.404297 0.340820 0.405273 0.341797 0.406250 0.341797 0.407227 0.342773 0.408203 0.342773 0.409180 0.344727 0.409180 0.343750 0.408203 0.343750 0.405273 0.341797 0.403320 0.341797 0.402344 0.340820 0.401367 0.340820 0.400391 0.339844 0.399414 0.339844 0.398438 0.338867 0.397461 0.338867 0.396484
0 0.421875 0.440430 0.414062 0.440430 0.413086 0.441406 0.406250 0.441406 0.405273 0.442383 0.404297 0.442383 0.403320 0.443359 0.402344 0.443359 0.399414 0.446289 0.398438 0.446289 0.396484 0.448242 0.395508 0.448242 0.394531 0.449219 0.394531 0.452148 0.395508 0.453125 0.395508 0.455078 0.396484 0.456055 0.396484 0.458008 0.397461 0.458984 0.397461 0.460938 0.398438 0.461914 0.398438 0.463867 0.399414 0.464844 0.399414 0.466797 0.400391 0.467773 0.400391 0.468750 0.404297 0.468750 0.405273 0.467773 0.416016 0.467773 0.417969 0.465820 0.418945 0.465820 0.420898 0.463867 0.421875 0.463867 0.423828 0.461914 0.424805 0.461914 0.426758 0.459961 0.427734 0.459961 0.427734 0.457031 0.426758 0.456055 0.426758 0.454102 0.425781 0.453125 0.425781 0.451172 0.424805 0.450195 0.424805 0.448242 0.423828 0.447266 0.423828 0.445312 0.422852 0.444336 0.422852 0.442383 0.421875 0.441406
0 0.630859 0.502930 0.627930 0.502930 0.626953 0.503906 0.621094 0.503906 0.620117 0.504883 0.613281 0.504883 0.612305 0.505859 0.606445 0.505859 0.605469 0.506836 0.602539 0.506836 0.602539 0.510742 0.603516 0.511719 0.603516 0.518555 0.604492 0.519531 0.604492 0.525391 0.605469 0.526367 0.605469 0.532227 0.606445 0.533203 0.606445 0.540039 0.607422 0.541016 0.607422 0.545898 0.613281 0.545898 0.614258 0.544922 0.620117 0.544922 0.621094 0.543945 0.627930 0.543945 0.628906 0.542969 0.635742 0.542969 0.635742 0.535156 0.634766 0.534180 0.634766 0.524414 0.633789 0.523438 0.633789 0.518555 0.632812 0.517578 0.632812 0.512695 0.631836 0.511719 0.631836 0.506836 0.630859 0.505859
1 0.614258 0.498047 0.614258 0.500977 0.615234 0.501953 0.615234 0.503906 0.617188 0.503906 0.617188 0.501953 0.616211 0.500977 0.616211 0.498047
