0 0.482759 0.657262 0.482759 0.659352 0.483804 0.660397 0.483804 0.662487 0.482759 0.663532 0.481714 0.663532 0.480669 0.664577 0.478579 0.664577 0.477534 0.665622 0.476489 0.665622 0.475444 0.666667 0.474399 0.666667 0.473354 0.667712 0.471264 0.667712 0.470219 0.668757 0.469175 0.668757 0.468130 0.669801 0.466040 0.669801 0.466040 0.673981 0.464995 0.675026 0.464995 0.678161 0.468130 0.681296 0.469175 0.681296 0.470219 0.680251 0.471264 0.680251 0.473354 0.682341 0.471264 0.684431 0.471264 0.685475 0.477534 0.691745 0.477534 0.692790 0.479624 0.692790 0.482759 0.689655 0.483804 0.689655 0.487983 0.685475 0.489028 0.685475 0.492163 0.682341 0.493208 0.682341 0.494253 0.681296 0.494253 0.680251 0.495298 0.679206 0.495298 0.671891 0.493208 0.669801 0.493208 0.668757 0.485893 0.661442 0.485893 0.660397
1 0.472309 0.682341 0.471264 0.681296 0.470219 0.681296 0.467085 0.684431 0.466040 0.684431 0.462905 0.687565 0.461860 0.687565 0.460815 0.688610 0.460815 0.690700 0.461860 0.690700 0.463950 0.688610 0.464995 0.688610 0.469175 0.684431 0.470219 0.684431
0 0.464995 0.298851 0.463950 0.298851 0.462905 0.299896 0.461860 0.299896 0.459770 0.301985 0.458725 0.301985 0.456635 0.304075 0.455590 0.304075 0.453501 0.306165 0.452456 0.306165 0.451411 0.307210 0.450366 0.307210 0.448276 0.309300 0.447231 0.309300 0.446186 0.310345 0.446186 0.318704 0.445141 0.319749 0.445141 0.330199 0.446186 0.331243 0.447231 0.331243 0.449321 0.333333 0.450366 0.333333 0.453501 0.336468 0.454545 0.336468 0.457680 0.339603 0.458725 0.339603 0.460815 0.341693 0.461860 0.341693 0.462905 0.342738 0.463950 0.342738 0.464995 0.341693 0.466040 0.341693 0.468130 0.339603 0.469175 0.339603 0.471264 0.337513 0.472309 0.337513 0.474399 0.335423 0.475444 0.335423 0.477534 0.333333 0.478579 0.333333 0.480669 0.331243 0.480669 0.329154 0.481714 0.328109 0.481714 0.321839 0.482759 0.320794 0.482759 0.314525 0.483804 0.313480 0.483804 0.312435 0.481714 0.310345 0.480669 0.310345 0.478579 0.308255 0.477534 0.308255 0.475444 0.306165 0.474399 0.306165 0.471264 0.303030 0.470219 0.303030 0.468130 0.300940 0.467085 0.300940
1 0.440961 0.305120 0.440961 0.306165 0.442006 0.307210 0.443051 0.307210 0.445141 0.309300 0.446186 0.309300 0.447231 0.308255 0.448276 0.308255 0.445141 0.305120 0.444096 0.305120 0.443051 0.304075 0.442006 0.304075
0 0.556949 0.579937 0.556949 0.580982 0.553814 0.584117 0.553814 0.585162 0.550679 0.588297 0.550679 0.589342 0.548589 0.591432 0.548589 0.592476 0.545455 0.595611 0.545455 0.596656 0.543365 0.598746 0.543365 0.600836 0.544410 0.601881 0.544410 0.603971 0.545455 0.605016 0.545455 0.608150 0.546499 0.609195 0.546499 0.612330 0.547544 0.613375 0.547544 0.615465 0.548589 0.616510 0.548589 0.617555 0.549634 0.618600 0.551724 0.618600 0.552769 0.619645 0.554859 0.619645 0.555904 0.620690 0.557994 0.620690 0.559039 0.621735 0.561129 0.621735 0.562173 0.622780 0.564263 0.622780 0.565308 0.623824 0.567398 0.623824 0.568443 0.624869 0.570533 0.624869 0.571578 0.625914 0.573668 0.623824 0.573668 0.622780 0.576803 0.619645 0.576803 0.618600 0.579937 0.615465 0.579937 0.614420 0.583072 0.611285 0.583072 0.610240 0.586207 0.607106 0.586207 0.603971 0.585162 0.602926 0.585162 0.600836 0.584117 0.599791 0.584117 0.597701 0.583072 0.596656 0.583072 0.594566 0.582027 0.593521 0.582027 0.591432 0.580982 0.590387 0.580982 0.588297 0.579937 0.587252 0.577847 0.587252 0.576803 0.586207 0.574713 0.586207 0.573668 0.585162 0.572623 0.585162 0.571578 0.584117 0.569488 0.584117 0.568443 0.583072 0.566353 0.583072 0.565308 0.582027 0.563218 0.582027 0.562173 0.580982 0.561129 0.580982 0.560084 0.579937
1 0.584117 0.610240 0.584117 0.611285 0.586207 0.611285 0.587252 0.612330 0.588297 0.612330 0.589342 0.613375 0.591432 0.613375 0.592476 0.612330 0.592476 0.611285 0.591432 0.610240 0.589342 0.610240 0.588297 0.609195 0.587252 0.609195 0.586207 0.608150
0 0.547544 0.628004 0.547544 0.629049 0.548589 0.630094 0.548589 0.631139 0.549634 0.632184 0.549634 0.633229 0.550679 0.634274 0.550679 0.635319 0.551724 0.636364 0.551724 0.638454 0.552769 0.639498 0.552769 0.640543 0.553814 0.641588 0.553814 0.642633 0.554859 0.643678 0.554859 0.644723 0.555904 0.645768 0.560084 0.645768 0.561129 0.644723 0.562173 0.644723 0.563218 0.643678 0.564263 0.643678 0.565308 0.642633 0.567398 0.642633 0.568443 0.641588 0.569488 0.641588 0.570533 0.640543 0.571578 0.640543 0.572623 0.639498 0.573668 0.639498 0.574713 0.638454 0.575758 0.638454 0.576803 0.637409 0.575758 0.636364 0.575758 0.635319 0.574713 0.634274 0.574713 0.632184 0.573668 0.631139 0.573668 0.630094 0.572623 0.629049 0.572623 0.628004 0.570533 0.625914 0.568443 0.625914 0.567398 0.624869 0.565308 0.624869 0.564263 0.623824 0.562173 0.623824 0.561129 0.622780 0.557994 0.622780 0.556949 0.623824 0.555904 0.623824 0.554859 0.624869 0.553814 0.624869 0.552769 0.625914 0.551724 0.625914 0.550679 0.626959 0.549634 0.626959 0.548589 0.628004
0 0.389760 0.433647 0.389760 0.436782 0.390805 0.437827 0.390805 0.443051 0.394984 0.443051 0.396029 0.442006 0.397074 0.443051 0.400209 0.443051 0.401254 0.442006 0.410658 0.442006 0.410658 0.439916 0.409613 0.438871 0.409613 0.435737 0.408568 0.435737 0.407524 0.434692 0.407524 0.433647 0.406479 0.433647 0.405434 0.432602 0.401254 0.432602 0.400209 0.433647 0.398119 0.431557 0.398119 0.430512 0.396029 0.428422 0.393939 0.428422 0.393939 0.429467 0.391850 0.431557 0.391850 0.432602 0.390805 0.433647
0 0.389760 0.422153 0.387670 0.422153 0.387670 0.424242 0.388715 0.425287 0.388715 0.426332 0.388715 0.425287 0.389760 0.424242 0.388715 0.423197
1 0.550679 0.638454 0.549634 0.638454 0.548589 0.639498 0.546499 0.639498 0.545455 0.640543 0.544410 0.640543 0.543365 0.641588 0.542320 0.641588 0.542320 0.643678 0.543365 0.642633 0.544410 0.642633 0.545455 0.641588 0.546499 0.641588 0.547544 0.640543 0.548589 0.640543 0.549634 0.639498 0.550679 0.639498
1 0.401254 0.411703 0.400209 0.412748 0.400209 0.417973 0.401254 0.419018
0 0.389760 0.421108 0.390805 0.422153 0.389760 0.423197 0.390805 0.424242 0.389760 0.425287 0.389760 0.426332 0.388715 0.427377 0.388715 0.430512 0.389760 0.431557 0.389760 0.432602 0.390805 0.432602 0.390805 0.431557 0.392894 0.429467 0.392894 0.428422 0.393939 0.427377 0.396029 0.427377 0.399164 0.430512 0.399164 0.431557 0.400209 0.432602 0.401254 0.431557 0.405434 0.431557 0.406479 0.432602 0.407524 0.432602 0.408568 0.433647 0.408568 0.434692 0.409613 0.434692 0.410658 0.435737 0.410658 0.438871 0.411703 0.439916 0.411703 0.442006 0.413793 0.439916 0.414838 0.439916 0.416928 0.437827 0.417973 0.437827 0.417973 0.430512 0.416928 0.429467 0.416928 0.423197 0.415883 0.422153 0.415883 0.416928 0.406479 0.416928 0.405434 0.417973 0.403344 0.417973 0.403344 0.419018 0.402299 0.420063 0.401254 0.420063 0.399164 0.417973 0.396029 0.417973 0.394984 0.419018 0.393939 0.419018 0.392894 0.420063 0.391850 0.420063 0.390805 0.421108
1 0.399164 0.405434 0.400209 0.406479 0.399164 0.407524 0.399164 0.411703 0.400209 0.411703 0.401254 0.410658 0.401254 0.406479 0.400209 0.406479
0 0.557994 0.449321 0.555904 0.449321 0.554859 0.450366 0.552769 0.450366 0.551724 0.451411 0.550679 0.451411 0.549634 0.452456 0.547544 0.452456 0.546499 0.453501 0.545455 0.453501 0.544410 0.454545 0.543365 0.454545 0.543365 0.468130 0.544410 0.469175 0.544410 0.471264 0.545455 0.472309 0.546499 0.472309 0.547544 0.473354 0.549634 0.473354 0.550679 0.474399 0.551724 0.474399 0.552769 0.475444 0.554859 0.475444 0.555904 0.476489 0.556949 0.476489 0.557994 0.475444 0.560084 0.475444 0.561129 0.474399 0.563218 0.474399 0.564263 0.473354 0.565308 0.473354 0.566353 0.472309 0.568443 0.472309 0.569488 0.471264 0.570533 0.471264 0.570533 0.468130 0.569488 0.467085 0.569488 0.454545 0.568443 0.453501 0.566353 0.453501 0.565308 0.452456 0.564263 0.452456 0.563218 0.451411 0.562173 0.451411 0.561129 0.450366 0.559039 0.450366
1 0.555904 0.443051 0.555904 0.448276 0.556949 0.448276 0.556949 0.443051
0 0.474399 0.639498 0.473354 0.640543 0.472309 0.640543 0.471264 0.641588 0.469175 0.641588 0.468130 0.642633 0.466040 0.642633 0.464995 0.643678 0.462905 0.643678 0.461860 0.644723 0.460815 0.644723 0.459770 0.645768 0.457680 0.645768 0.456635 0.646813 0.455590 0.646813 0.454545 0.647858 0.452456 0.647858 0.451411 0.648903 0.450366 0.648903 0.449321 0.649948 0.447231 0.649948 0.446186 0.650993 0.444096 0.650993 0.445141 0.652038 0.445141 0.654127 0.446186 0.655172 0.446186 0.657262 0.447231 0.658307 0.447231 0.659352 0.448276 0.660397 0.448276 0.662487 0.449321 0.663532 0.449321 0.665622 0.450366 0.666667 0.450366 0.668757 0.451411 0.669801 0.451411 0.671891 0.452456 0.672936 0.452456 0.673981 0.453501 0.672936 0.455590 0.672936 0.456635 0.671891 0.458725 0.671891 0.459770 0.670846 0.462905 0.670846 0.463950 0.669801 0.464995 0.669801 0.466040 0.668757 0.468130 0.668757 0.469175 0.667712 0.470219 0.667712 0.471264 0.666667 0.473354 0.666667 0.474399 0.665622 0.475444 0.665622 0.476489 0.664577 0.477534 0.664577 0.478579 0.663532 0.480669 0.663532 0.481714 0.662487 0.482759 0.662487 0.482759 0.660397 0.481714 0.659352 0.481714 0.657262 0.480669 0.656217 0.480669 0.655172 0.479624 0.654127 0.479624 0.652038 0.478579 0.650993 0.478579 0.648903 0.477534 0.647858 0.477534 0.645768 0.476489 0.644723 0.476489 0.643678 0.475444 0.642633 0.475444 0.640543
0 0.392894 0.452456 0.393939 0.453501 0.393939 0.454545 0.394984 0.455590 0.394984 0.456635 0.396029 0.457680 0.396029 0.458725 0.398119 0.460815 0.398119 0.461860 0.399164 0.462905 0.399164 0.463950 0.400209 0.464995 0.400209 0.466040 0.401254 0.467085 0.403344 0.464995 0.401254 0.462905 0.401254 0.461860 0.400209 0.460815 0.400209 0.459770 0.399164 0.458725 0.399164 0.457680 0.396029 0.454545 0.394984 0.454545
1 0.486938 0.647858 0.485893 0.646813 0.484848 0.647858 0.482759 0.647858 0.481714 0.648903 0.480669 0.648903 0.479624 0.649948 0.479624 0.650993 0.480669 0.650993 0.481714 0.649948 0.483804 0.649948 0.484848 0.648903 0.485893 0.648903
1 0.386625 0.463950 0.386625 0.464995 0.387670 0.464995
0 0.391850 0.451411 0.390805 0.451411 0.388715 0.453501 0.387670 0.453501 0.385580 0.455590 0.384535 0.455590 0.383490 0.456635 0.382445 0.456635 0.380355 0.458725 0.379310 0.458725 0.377220 0.460815 0.376176 0.460815 0.375131 0.461860 0.374086 0.461860 0.373041 0.462905 0.374086 0.463950 0.374086 0.464995 0.375131 0.466040 0.375131 0.467085 0.376176 0.468130 0.376176 0.469175 0.377220 0.470219 0.377220 0.471264 0.379310 0.473354 0.379310 0.474399 0.380355 0.475444 0.380355 0.476489 0.381400 0.477534 0.381400 0.478579 0.382445 0.479624 0.382445 0.480669 0.383490 0.481714 0.384535 0.481714 0.386625 0.483804 0.387670 0.483804 0.389760 0.485893 0.390805 0.484848 0.391850 0.484848 0.393939 0.482759 0.394984 0.482759 0.397074 0.480669 0.398119 0.480669 0.399164 0.479624 0.400209 0.479624 0.402299 0.477534 0.403344 0.477534 0.405434 0.475444 0.406479 0.475444 0.407524 0.474399 0.408568 0.474399 0.404389 0.470219 0.405434 0.469175 0.404389 0.468130 0.404389 0.467085 0.403344 0.466040 0.401254 0.468130 0.399164 0.466040 0.399164 0.464995 0.398119 0.463950 0.398119 0.462905 0.397074 0.461860 0.397074 0.460815 0.394984 0.458725 0.394984 0.457680 0.393939 0.456635 0.393939 0.455590 0.392894 0.454545 0.392894 0.453501 0.391850 0.452456
0 0.419018 0.434692 0.419018 0.437827 0.416928 0.439916 0.415883 0.439916 0.414838 0.440961 0.413793 0.440961 0.411703 0.443051 0.413793 0.445141 0.413793 0.447231 0.417973 0.451411 0.417973 0.452456 0.419018 0.452456 0.421108 0.454545 0.422153 0.453501 0.423197 0.453501 0.425287 0.451411 0.426332 0.451411 0.427377 0.450366 0.427377 0.449321 0.428422 0.448276 0.429467 0.448276 0.428422 0.448276 0.427377 0.447231 0.428422 0.446186 0.426332 0.444096 0.426332 0.443051 0.423197 0.439916 0.423197 0.438871
1 0.381400 0.462905 0.384535 0.466040 0.387670 0.466040 0.386625 0.466040 0.385580 0.464995 0.385580 0.463950 0.383490 0.461860 0.382445 0.461860
0 0.419018 0.453501 0.420063 0.454545 0.421108 0.453501 0.420063 0.454545
0 0.410658 0.443051 0.412748 0.445141 0.411703 0.444096 0.412748 0.443051 0.411703 0.444096
0 0.429467 0.424242 0.428422 0.425287 0.427377 0.425287 0.425287 0.427377 0.424242 0.427377 0.422153 0.429467 0.421108 0.429467 0.419018 0.431557 0.419018 0.433647 0.424242 0.438871 0.424242 0.439916 0.427377 0.443051 0.427377 0.444096 0.429467 0.446186 0.428422 0.447231 0.429467 0.447231 0.430512 0.448276 0.429467 0.449321 0.428422 0.449321 0.429467 0.449321 0.433647 0.445141 0.434692 0.445141 0.440961 0.438871 0.440961 0.437827 0.437827 0.434692 0.437827 0.433647 0.433647 0.429467 0.433647 0.428422
0 0.660397 0.489028 0.659352 0.490073 0.658307 0.490073 0.657262 0.491118 0.656217 0.491118 0.655172 0.492163 0.654127 0.492163 0.653083 0.493208 0.650993 0.493208 0.649948 0.494253 0.648903 0.494253 0.647858 0.495298 0.646813 0.495298 0.645768 0.496343 0.644723 0.496343 0.643678 0.497388 0.642633 0.497388 0.641588 0.498433 0.639498 0.498433 0.639498 0.499478 0.640543 0.500522 0.640543 0.503657 0.641588 0.504702 0.641588 0.505747 0.642633 0.506792 0.642633 0.507837 0.643678 0.508882 0.643678 0.509927 0.644723 0.510972 0.644723 0.512017 0.645768 0.513062 0.645768 0.514107 0.647858 0.516196 0.647858 0.519331 0.648903 0.520376 0.648903 0.521421 0.649948 0.522466 0.649948 0.523511 0.652038 0.523511 0.653083 0.522466 0.654127 0.522466 0.655172 0.521421 0.657262 0.521421 0.658307 0.520376 0.659352 0.520376 0.660397 0.519331 0.661442 0.519331 0.662487 0.518286 0.663532 0.518286 0.664577 0.517241 0.665622 0.517241 0.666667 0.516196 0.668757 0.516196 0.669801 0.515152 0.670846 0.515152 0.670846 0.510972 0.669801 0.509927 0.669801 0.507837 0.668757 0.506792 0.668757 0.505747 0.667712 0.504702 0.667712 0.503657 0.666667 0.502612 0.666667 0.501567 0.665622 0.500522 0.665622 0.499478 0.664577 0.498433 0.664577 0.497388 0.663532 0.496343 0.663532 0.495298 0.662487 0.494253 0.662487 0.493208 0.661442 0.492163 0.661442 0.491118 0.660397 0.490073
1 0.643678 0.482759 0.643678 0.484848 0.644723 0.485893 0.644723 0.486938 0.645768 0.487983 0.645768 0.489028 0.646813 0.490073 0.646813 0.491118 0.647858 0.492163 0.647858 0.493208 0.649948 0.493208 0.648903 0.492163 0.648903 0.491118 0.647858 0.490073 0.647858 0.489028 0.646813 0.487983 0.646813 0.486938 0.645768 0.485893 0.645768 0.484848 0.644723 0.483804 0.644723 0.482759
