0 0.557617 0.494141 0.557617 0.496094 0.556641 0.497070 0.556641 0.499023 0.555664 0.500000 0.555664 0.500977 0.554688 0.501953 0.554688 0.503906 0.553711 0.504883 0.553711 0.505859 0.552734 0.506836 0.552734 0.508789 0.551758 0.509766 0.551758 0.510742 0.550781 0.511719 0.550781 0.514648 0.551758 0.515625 0.551758 0.519531 0.552734 0.520508 0.552734 0.523438 0.553711 0.524414 0.553711 0.528320 0.554688 0.529297 0.554688 0.533203 0.555664 0.534180 0.555664 0.536133 0.556641 0.536133 0.557617 0.537109 0.584961 0.537109 0.584961 0.536133 0.585938 0.535156 0.585938 0.533203 0.586914 0.532227 0.586914 0.531250 0.587891 0.530273 0.587891 0.529297 0.588867 0.528320 0.588867 0.527344 0.589844 0.526367 0.589844 0.525391 0.590820 0.524414 0.590820 0.522461 0.591797 0.521484 0.591797 0.520508 0.592773 0.519531 0.592773 0.516602 0.591797 0.515625 0.591797 0.512695 0.590820 0.511719 0.590820 0.508789 0.589844 0.507812 0.589844 0.504883 0.588867 0.503906 0.588867 0.500977 0.587891 0.500000 0.587891 0.497070 0.586914 0.496094 0.586914 0.495117 0.583984 0.495117 0.583008 0.494141 0.583008 0.496094 0.582031 0.497070 0.582031 0.498047 0.581055 0.499023 0.581055 0.500000 0.580078 0.500977 0.580078 0.502930 0.579102 0.503906 0.579102 0.504883 0.578125 0.505859 0.578125 0.506836 0.577148 0.507812 0.575195 0.507812 0.573242 0.505859 0.573242 0.503906 0.574219 0.502930 0.574219 0.501953 0.575195 0.500977 0.575195 0.500000 0.576172 0.499023 0.576172 0.497070 0.577148 0.496094 0.577148 0.495117 0.578125 0.494141
1 0.582031 0.492188 0.580078 0.492188 0.579102 0.493164 0.579102 0.494141 0.578125 0.495117 0.578125 0.496094 0.577148 0.497070 0.577148 0.499023 0.576172 0.500000 0.576172 0.500977 0.575195 0.501953 0.575195 0.502930 0.574219 0.503906 0.574219 0.505859 0.575195 0.506836 0.577148 0.506836 0.577148 0.505859 0.578125 0.504883 0.578125 0.503906 0.579102 0.502930 0.579102 0.500977 0.580078 0.500000 0.580078 0.499023 0.581055 0.498047 0.581055 0.497070 0.582031 0.496094
0 0.316406 0.498047 0.315430 0.497070 0.309570 0.497070 0.308594 0.498047 0.300781 0.498047 0.299805 0.499023 0.297852 0.499023 0.296875 0.500000 0.294922 0.500000 0.293945 0.500977 0.291016 0.500977 0.290039 0.501953 0.288086 0.501953 0.287109 0.502930 0.286133 0.502930 0.286133 0.503906 0.287109 0.504883 0.287109 0.507812 0.288086 0.508789 0.288086 0.512695 0.289062 0.513672 0.289062 0.516602 0.290039 0.517578 0.290039 0.521484 0.291016 0.522461 0.298828 0.522461 0.299805 0.521484 0.306641 0.521484 0.307617 0.520508 0.309570 0.520508 0.310547 0.519531 0.312500 0.519531 0.313477 0.518555 0.315430 0.518555 0.316406 0.517578 0.317383 0.517578 0.318359 0.516602 0.320312 0.516602 0.319336 0.515625 0.319336 0.511719 0.318359 0.510742 0.318359 0.509766 0.314453 0.509766 0.313477 0.510742 0.310547 0.510742 0.309570 0.509766 0.309570 0.508789 0.311523 0.506836 0.317383 0.506836 0.317383 0.502930 0.316406 0.501953
1 0.322266 0.507812 0.321289 0.506836 0.319336 0.506836 0.318359 0.507812 0.311523 0.507812 0.310547 0.508789 0.310547 0.509766 0.313477 0.509766 0.314453 0.508789 0.321289 0.508789
0 0.633789 0.589844 0.632812 0.590820 0.632812 0.591797 0.628906 0.595703 0.628906 0.596680 0.625000 0.600586 0.625000 0.601562 0.621094 0.605469 0.630859 0.615234 0.631836 0.615234 0.634766 0.618164 0.635742 0.618164 0.637695 0.620117 0.638672 0.620117 0.640625 0.622070 0.641602 0.622070 0.644531 0.625000 0.646484 0.623047 0.646484 0.622070 0.650391 0.618164 0.650391 0.616211 0.649414 0.615234 0.648438 0.615234 0.645508 0.612305 0.647461 0.610352 0.648438 0.611328 0.649414 0.611328 0.651367 0.613281 0.652344 0.613281 0.653320 0.614258 0.654297 0.613281 0.654297 0.612305 0.658203 0.608398 0.647461 0.597656 0.646484 0.597656 0.644531 0.595703 0.643555 0.595703 0.641602 0.593750 0.640625 0.593750 0.638672 0.591797 0.637695 0.591797 0.635742 0.589844
1 0.646484 0.612305 0.648438 0.614258 0.649414 0.614258 0.651367 0.616211 0.652344 0.616211 0.655273 0.619141 0.656250 0.619141 0.657227 0.620117 0.657227 0.618164 0.655273 0.616211 0.654297 0.616211 0.652344 0.614258 0.651367 0.614258 0.649414 0.612305 0.648438 0.612305 0.647461 0.611328
0 0.422852 0.361328 0.422852 0.364258 0.421875 0.365234 0.421875 0.368164 0.420898 0.369141 0.420898 0.373047 0.419922 0.374023 0.419922 0.379883 0.418945 0.380859 0.418945 0.386719 0.419922 0.387695 0.423828 0.387695 0.424805 0.388672 0.425781 0.388672 0.425781 0.385742 0.426758 0.384766 0.426758 0.382812 0.427734 0.381836 0.428711 0.381836 0.429688 0.382812 0.429688 0.385742 0.428711 0.386719 0.428711 0.388672 0.429688 0.389648 0.434570 0.389648 0.435547 0.390625 0.436523 0.390625 0.436523 0.387695 0.437500 0.386719 0.437500 0.382812 0.438477 0.381836 0.438477 0.376953 0.439453 0.375977 0.439453 0.371094 0.440430 0.370117 0.440430 0.364258 0.436523 0.364258 0.435547 0.363281 0.430664 0.363281 0.429688 0.362305 0.425781 0.362305 0.424805 0.361328
1 0.428711 0.382812 0.427734 0.382812 0.427734 0.384766 0.426758 0.385742 0.426758 0.389648 0.425781 0.390625 0.425781 0.392578 0.426758 0.392578 0.426758 0.391602 0.427734 0.390625 0.427734 0.386719 0.428711 0.385742
0 0.647461 0.389648 0.647461 0.397461 0.646484 0.398438 0.646484 0.406250 0.645508 0.407227 0.645508 0.421875 0.648438 0.421875 0.649414 0.422852 0.661133 0.422852 0.662109 0.423828 0.667969 0.423828 0.667969 0.416016 0.668945 0.415039 0.668945 0.405273 0.669922 0.404297 0.669922 0.394531 0.670898 0.393555 0.670898 0.391602 0.663086 0.391602 0.662109 0.390625 0.648438 0.390625
1 0.656250 0.423828 0.656250 0.424805 0.657227 0.424805 0.657227 0.423828
1 0.434570 0.243164 0.436523 0.245117 0.437500 0.245117 0.438477 0.246094 0.437500 0.245117 0.436523 0.245117
0 0.436523 0.237305 0.436523 0.238281 0.435547 0.239258 0.440430 0.244141 0.440430 0.246094 0.439453 0.247070 0.437500 0.247070 0.433594 0.243164 0.433594 0.244141 0.432617 0.245117 0.432617 0.246094 0.431641 0.247070 0.431641 0.248047 0.429688 0.250000 0.429688 0.250977 0.428711 0.251953 0.428711 0.252930 0.427734 0.253906 0.427734 0.255859 0.428711 0.256836 0.428711 0.257812 0.440430 0.269531 0.455078 0.269531 0.457031 0.267578 0.457031 0.266602 0.458008 0.265625 0.458008 0.264648 0.458984 0.263672 0.458984 0.262695 0.459961 0.261719 0.459961 0.260742 0.460938 0.259766 0.460938 0.258789 0.461914 0.257812 0.461914 0.256836 0.462891 0.255859 0.462891 0.254883 0.463867 0.253906 0.463867 0.252930 0.464844 0.251953 0.464844 0.250000 0.455078 0.240234 0.455078 0.239258 0.452148 0.236328 0.446289 0.236328 0.445312 0.237305
1 0.429688 0.235352 0.428711 0.236328 0.429688 0.236328 0.433594 0.240234 0.433594 0.241211 0.436523 0.244141 0.437500 0.244141 0.438477 0.245117 0.437500 0.246094 0.438477 0.245117 0.439453 0.246094 0.439453 0.244141 0.432617 0.237305 0.431641 0.237305 0.430664 0.236328 0.431641 0.235352 0.430664 0.236328
0 0.376953 0.448242 0.376953 0.449219 0.375977 0.450195 0.375977 0.452148 0.375000 0.453125 0.375000 0.455078 0.374023 0.456055 0.374023 0.458008 0.373047 0.458984 0.373047 0.460938 0.372070 0.461914 0.372070 0.463867 0.371094 0.464844 0.371094 0.465820 0.372070 0.465820 0.373047 0.466797 0.374023 0.466797 0.375000 0.467773 0.375977 0.467773 0.376953 0.468750 0.377930 0.468750 0.378906 0.469727 0.379883 0.469727 0.380859 0.470703 0.381836 0.470703 0.382812 0.471680 0.383789 0.471680 0.384766 0.472656 0.386719 0.472656 0.387695 0.473633 0.388672 0.473633 0.389648 0.472656 0.396484 0.472656 0.396484 0.470703 0.397461 0.469727 0.397461 0.467773 0.398438 0.466797 0.398438 0.465820 0.399414 0.464844 0.399414 0.462891 0.400391 0.461914 0.400391 0.459961 0.401367 0.458984 0.401367 0.457031 0.402344 0.456055 0.402344 0.455078 0.401367 0.454102 0.400391 0.454102 0.399414 0.453125 0.398438 0.453125 0.397461 0.452148 0.396484 0.452148 0.395508 0.451172 0.394531 0.451172 0.393555 0.450195 0.392578 0.450195 0.391602 0.449219 0.390625 0.449219 0.389648 0.448242 0.387695 0.448242 0.386719 0.447266 0.378906 0.447266 0.377930 0.448242
