0 0.682617 0.325195 0.680664 0.325195 0.679688 0.326172 0.672852 0.326172 0.671875 0.327148 0.665039 0.327148 0.664062 0.328125 0.659180 0.328125 0.659180 0.333008 0.660156 0.333984 0.660156 0.346680 0.661133 0.347656 0.661133 0.352539 0.662109 0.353516 0.662109 0.354492 0.663086 0.355469 0.665039 0.355469 0.666016 0.354492 0.673828 0.354492 0.674805 0.353516 0.682617 0.353516 0.683594 0.352539 0.685547 0.352539 0.685547 0.341797 0.684570 0.340820 0.684570 0.330078 0.683594 0.329102 0.683594 0.326172
1 0.669922 0.313477 0.669922 0.319336 0.670898 0.320312 0.670898 0.326172 0.671875 0.326172 0.672852 0.325195 0.671875 0.324219 0.671875 0.313477
0 0.412109 0.637695 0.403320 0.646484 0.403320 0.647461 0.399414 0.651367 0.399414 0.652344 0.396484 0.655273 0.396484 0.656250 0.392578 0.660156 0.392578 0.661133 0.389648 0.664062 0.389648 0.665039 0.387695 0.666992 0.388672 0.666992 0.392578 0.670898 0.393555 0.670898 0.398438 0.675781 0.399414 0.675781 0.403320 0.679688 0.404297 0.679688 0.408203 0.683594 0.410156 0.683594 0.419922 0.673828 0.419922 0.672852 0.422852 0.669922 0.422852 0.668945 0.425781 0.666016 0.425781 0.665039 0.428711 0.662109 0.428711 0.661133 0.431641 0.658203 0.431641 0.657227 0.433594 0.655273 0.431641 0.653320 0.430664 0.653320 0.426758 0.649414 0.425781 0.649414 0.420898 0.644531 0.419922 0.644531 0.416016 0.640625 0.415039 0.640625
1 0.428711 0.636719 0.427734 0.636719 0.425781 0.638672 0.425781 0.639648 0.422852 0.642578 0.422852 0.643555 0.421875 0.644531 0.422852 0.645508 0.423828 0.645508 0.424805 0.644531 0.424805 0.643555 0.427734 0.640625 0.427734 0.639648 0.429688 0.637695
0 0.632812 0.572266 0.631836 0.573242 0.630859 0.573242 0.629883 0.574219 0.628906 0.574219 0.627930 0.575195 0.626953 0.575195 0.625000 0.577148 0.624023 0.577148 0.623047 0.578125 0.622070 0.578125 0.620117 0.580078 0.619141 0.580078 0.618164 0.581055 0.617188 0.581055 0.617188 0.583984 0.618164 0.584961 0.618164 0.586914 0.619141 0.587891 0.619141 0.589844 0.620117 0.590820 0.620117 0.592773 0.621094 0.593750 0.621094 0.594727 0.625977 0.599609 0.625977 0.600586 0.630859 0.605469 0.631836 0.604492 0.632812 0.604492 0.633789 0.603516 0.634766 0.603516 0.636719 0.601562 0.637695 0.601562 0.638672 0.600586 0.639648 0.600586 0.641602 0.598633 0.642578 0.598633 0.643555 0.597656 0.644531 0.597656 0.646484 0.595703 0.646484 0.592773 0.645508 0.591797 0.645508 0.588867 0.644531 0.587891 0.644531 0.585938 0.643555 0.584961 0.643555 0.583008
1 0.651367 0.577148 0.650391 0.576172 0.648438 0.578125 0.647461 0.578125 0.646484 0.579102 0.645508 0.579102 0.643555 0.581055 0.642578 0.581055 0.643555 0.582031 0.645508 0.582031 0.646484 0.581055 0.647461 0.581055 0.649414 0.579102 0.650391 0.579102 0.651367 0.578125
0 0.284180 0.589844 0.284180 0.611328 0.286133 0.611328 0.287109 0.612305 0.292969 0.612305 0.293945 0.613281 0.304688 0.613281 0.305664 0.612305 0.308594 0.612305 0.309570 0.611328 0.313477 0.611328 0.314453 0.610352 0.315430 0.610352 0.315430 0.604492 0.314453 0.604492 0.313477 0.603516 0.308594 0.603516 0.307617 0.602539 0.307617 0.600586 0.308594 0.599609 0.311523 0.599609 0.312500 0.600586 0.315430 0.600586 0.315430 0.588867 0.307617 0.588867 0.306641 0.587891 0.299805 0.587891 0.298828 0.586914 0.297852 0.587891 0.292969 0.587891 0.291992 0.588867 0.288086 0.588867 0.287109 0.589844
1 0.308594 0.600586 0.308594 0.602539 0.313477 0.602539 0.314453 0.603516 0.320312 0.603516 0.320312 0.602539 0.319336 0.601562 0.312500 0.601562 0.311523 0.600586
0 0.504883 0.437500 0.505859 0.438477 0.505859 0.448242 0.506836 0.449219 0.506836 0.456055 0.524414 0.456055 0.525391 0.455078 0.526367 0.455078 0.527344 0.454102 0.528320 0.454102 0.529297 0.453125 0.530273 0.453125 0.531250 0.452148 0.532227 0.452148 0.532227 0.444336 0.531250 0.443359 0.531250 0.433594 0.513672 0.433594 0.512695 0.434570 0.510742 0.434570 0.509766 0.435547 0.508789 0.435547 0.507812 0.436523 0.506836 0.436523 0.505859 0.437500
1 0.519531 0.457031 0.519531 0.465820 0.520508 0.466797 0.521484 0.465820 0.521484 0.458984
1 0.304688 0.382812 0.307617 0.385742 0.307617 0.386719 0.308594 0.387695 0.307617 0.388672 0.309570 0.390625 0.310547 0.390625 0.310547 0.388672 0.309570 0.387695 0.309570 0.386719 0.308594 0.385742 0.308594 0.384766 0.307617 0.383789 0.306641 0.384766
0 0.313477 0.381836 0.312500 0.382812 0.311523 0.382812 0.309570 0.384766 0.309570 0.385742 0.310547 0.386719 0.310547 0.387695 0.311523 0.388672 0.311523 0.389648 0.312500 0.390625 0.310547 0.392578 0.309570 0.392578 0.307617 0.390625 0.307617 0.389648 0.306641 0.388672 0.306641 0.387695 0.304688 0.387695 0.302734 0.389648 0.301758 0.389648 0.298828 0.392578 0.297852 0.392578 0.295898 0.394531 0.296875 0.395508 0.296875 0.396484 0.297852 0.397461 0.297852 0.398438 0.298828 0.399414 0.298828 0.400391 0.300781 0.402344 0.300781 0.403320 0.301758 0.404297 0.301758 0.405273 0.302734 0.406250 0.302734 0.407227 0.303711 0.408203 0.303711 0.409180 0.304688 0.410156 0.304688 0.411133 0.305664 0.412109 0.306641 0.412109 0.307617 0.413086 0.308594 0.413086 0.310547 0.415039 0.311523 0.415039 0.313477 0.416992 0.314453 0.416992 0.315430 0.417969 0.317383 0.417969 0.319336 0.416016 0.320312 0.416016 0.323242 0.413086 0.324219 0.413086 0.327148 0.410156 0.328125 0.410156 0.330078 0.408203 0.331055 0.408203 0.333008 0.406250 0.333008 0.404297 0.332031 0.403320 0.332031 0.402344 0.331055 0.401367 0.331055 0.400391 0.330078 0.399414 0.330078 0.398438 0.329102 0.397461 0.329102 0.396484 0.328125 0.395508 0.328125 0.393555 0.327148 0.392578 0.327148 0.391602 0.326172 0.390625 0.326172 0.389648 0.324219 0.387695 0.323242 0.387695 0.322266 0.386719 0.321289 0.386719 0.319336 0.384766 0.318359 0.384766 0.317383 0.383789 0.316406 0.383789 0.315430 0.382812 0.314453 0.382812
1 0.308594 0.390625 0.309570 0.391602 0.310547 0.391602 0.311523 0.390625 0.310547 0.391602 0.309570 0.391602
1 0.303711 0.378906 0.303711 0.380859 0.306641 0.383789 0.305664 0.384766 0.306641 0.385742 0.306641 0.386719 0.307617 0.387695 0.306641 0.386719 0.306641 0.385742 0.305664 0.384766 0.307617 0.382812 0.306641 0.381836 0.306641 0.380859 0.305664 0.379883 0.305664 0.378906
0 0.385742 0.619141 0.384766 0.619141 0.383789 0.620117 0.381836 0.620117 0.380859 0.621094 0.378906 0.621094 0.377930 0.622070 0.375000 0.622070 0.374023 0.623047 0.372070 0.623047 0.371094 0.624023 0.369141 0.624023 0.368164 0.625000 0.365234 0.625000 0.364258 0.625977 0.364258 0.626953 0.363281 0.627930 0.363281 0.628906 0.362305 0.629883 0.362305 0.630859 0.361328 0.631836 0.361328 0.632812 0.360352 0.633789 0.360352 0.634766 0.359375 0.635742 0.359375 0.636719 0.358398 0.637695 0.358398 0.638672 0.359375 0.639648 0.359375 0.640625 0.360352 0.641602 0.360352 0.642578 0.361328 0.643555 0.361328 0.644531 0.362305 0.645508 0.362305 0.646484 0.364258 0.648438 0.364258 0.649414 0.365234 0.650391 0.365234 0.651367 0.366211 0.652344 0.366211 0.653320 0.367188 0.654297 0.367188 0.655273 0.368164 0.656250 0.368164 0.657227 0.371094 0.657227 0.372070 0.656250 0.374023 0.656250 0.375000 0.655273 0.377930 0.655273 0.378906 0.654297 0.380859 0.654297 0.381836 0.653320 0.383789 0.653320 0.384766 0.652344 0.386719 0.652344 0.387695 0.651367 0.389648 0.651367 0.389648 0.650391 0.390625 0.649414 0.390625 0.648438 0.391602 0.647461 0.391602 0.646484 0.393555 0.644531 0.393555 0.643555 0.394531 0.642578 0.394531 0.640625 0.396484 0.638672 0.395508 0.637695 0.395508 0.636719 0.394531 0.635742 0.394531 0.634766 0.392578 0.632812 0.392578 0.631836 0.391602 0.630859 0.391602 0.629883 0.390625 0.628906 0.390625 0.627930 0.389648 0.626953 0.389648 0.625977 0.388672 0.625000 0.388672 0.624023 0.387695 0.623047 0.387695 0.622070 0.386719 0.621094 0.386719 0.620117
