0 0.348633 0.303711 0.333008 0.319336 0.333008 0.322266 0.333984 0.323242 0.333984 0.324219 0.334961 0.325195 0.334961 0.327148 0.335938 0.328125 0.335938 0.329102 0.336914 0.330078 0.336914 0.332031 0.337891 0.333008 0.337891 0.333984 0.338867 0.333984 0.341797 0.336914 0.342773 0.336914 0.344727 0.338867 0.345703 0.338867 0.348633 0.341797 0.349609 0.341797 0.352539 0.344727 0.353516 0.344727 0.354492 0.345703 0.355469 0.345703 0.371094 0.330078 0.371094 0.327148 0.370117 0.326172 0.370117 0.324219 0.369141 0.323242 0.369141 0.321289 0.368164 0.320312 0.368164 0.318359 0.367188 0.317383 0.367188 0.316406 0.365234 0.314453 0.364258 0.314453 0.362305 0.312500 0.361328 0.312500 0.358398 0.309570 0.357422 0.309570 0.355469 0.307617 0.354492 0.307617 0.351562 0.304688 0.350586 0.304688 0.349609 0.303711
1 0.345703 0.307617 0.344727 0.308594 0.345703 0.309570 0.345703 0.310547 0.346680 0.311523 0.346680 0.313477 0.347656 0.314453 0.347656 0.316406 0.348633 0.317383 0.348633 0.318359 0.350586 0.318359 0.350586 0.315430 0.349609 0.314453 0.349609 0.312500 0.348633 0.311523 0.348633 0.309570 0.347656 0.308594 0.347656 0.307617
0 0.645508 0.430664 0.634766 0.430664 0.633789 0.431641 0.625977 0.431641 0.625000 0.432617 0.619141 0.432617 0.619141 0.435547 0.620117 0.436523 0.620117 0.439453 0.626953 0.439453 0.627930 0.440430 0.627930 0.441406 0.626953 0.442383 0.620117 0.442383 0.620117 0.451172 0.625977 0.451172 0.626953 0.450195 0.639648 0.450195 0.640625 0.449219 0.646484 0.449219 0.646484 0.437500 0.645508 0.436523
1 0.618164 0.442383 0.619141 0.442383 0.620117 0.441406 0.626953 0.441406 0.626953 0.440430 0.619141 0.440430 0.618164 0.441406
0 0.344727 0.565430 0.344727 0.566406 0.343750 0.567383 0.343750 0.568359 0.342773 0.569336 0.342773 0.570312 0.341797 0.571289 0.341797 0.572266 0.339844 0.574219 0.339844 0.575195 0.338867 0.576172 0.338867 0.577148 0.339844 0.577148 0.340820 0.578125 0.339844 0.579102 0.339844 0.580078 0.338867 0.581055 0.337891 0.580078 0.336914 0.581055 0.336914 0.584961 0.335938 0.585938 0.335938 0.589844 0.334961 0.590820 0.334961 0.592773 0.335938 0.592773 0.336914 0.593750 0.338867 0.593750 0.339844 0.594727 0.341797 0.594727 0.342773 0.595703 0.344727 0.595703 0.345703 0.596680 0.347656 0.596680 0.348633 0.597656 0.350586 0.597656 0.351562 0.598633 0.353516 0.598633 0.355469 0.596680 0.355469 0.595703 0.356445 0.594727 0.356445 0.593750 0.357422 0.592773 0.357422 0.591797 0.358398 0.590820 0.358398 0.589844 0.359375 0.588867 0.359375 0.587891 0.361328 0.585938 0.361328 0.581055 0.362305 0.580078 0.362305 0.575195 0.363281 0.574219 0.363281 0.572266 0.362305 0.572266 0.361328 0.571289 0.359375 0.571289 0.358398 0.570312 0.356445 0.570312 0.355469 0.569336 0.353516 0.569336 0.352539 0.568359 0.350586 0.568359 0.349609 0.567383 0.348633 0.567383 0.347656 0.566406 0.345703 0.566406
1 0.326172 0.575195 0.327148 0.576172 0.329102 0.576172 0.330078 0.577148 0.332031 0.577148 0.333008 0.578125 0.334961 0.578125 0.335938 0.579102 0.337891 0.579102 0.338867 0.580078 0.338867 0.579102 0.339844 0.578125 0.338867 0.578125 0.337891 0.577148 0.335938 0.577148 0.334961 0.576172 0.333008 0.576172 0.332031 0.575195 0.331055 0.575195 0.330078 0.574219 0.328125 0.574219 0.327148 0.573242 0.327148 0.574219
0 0.693359 0.596680 0.692383 0.596680 0.691406 0.597656 0.690430 0.597656 0.686523 0.601562 0.685547 0.601562 0.680664 0.606445 0.679688 0.606445 0.676758 0.609375 0.676758 0.612305 0.675781 0.613281 0.675781 0.617188 0.688477 0.629883 0.688477 0.630859 0.689453 0.631836 0.690430 0.631836 0.695312 0.626953 0.696289 0.626953 0.701172 0.622070 0.702148 0.622070 0.706055 0.618164 0.706055 0.616211 0.707031 0.615234 0.707031 0.612305 0.708008 0.611328
1 0.673828 0.595703 0.672852 0.596680 0.680664 0.604492 0.681641 0.604492 0.682617 0.603516 0.674805 0.595703
0 0.421875 0.574219 0.419922 0.574219 0.418945 0.575195 0.416992 0.575195 0.416016 0.576172 0.415039 0.576172 0.414062 0.577148 0.413086 0.577148 0.412109 0.578125 0.411133 0.578125 0.410156 0.579102 0.409180 0.579102 0.408203 0.580078 0.407227 0.580078 0.406250 0.581055 0.405273 0.581055 0.404297 0.582031 0.403320 0.582031 0.402344 0.583008 0.400391 0.583008 0.399414 0.583984 0.399414 0.588867 0.398438 0.589844 0.398438 0.597656 0.400391 0.599609 0.400391 0.600586 0.401367 0.601562 0.401367 0.602539 0.403320 0.604492 0.403320 0.605469 0.405273 0.607422 0.405273 0.608398 0.407227 0.610352 0.407227 0.611328 0.409180 0.613281 0.409180 0.614258 0.411133 0.616211 0.412109 0.615234 0.413086 0.615234 0.414062 0.614258 0.415039 0.614258 0.416016 0.613281 0.416992 0.613281 0.417969 0.612305 0.418945 0.612305 0.419922 0.611328 0.420898 0.611328 0.421875 0.610352 0.423828 0.610352 0.424805 0.609375 0.425781 0.609375 0.426758 0.608398 0.427734 0.608398 0.428711 0.607422 0.429688 0.607422 0.430664 0.606445 0.431641 0.606445 0.432617 0.605469 0.432617 0.600586 0.433594 0.599609 0.433594 0.591797 0.432617 0.590820 0.432617 0.589844 0.430664 0.587891 0.430664 0.586914 0.427734 0.583984 0.427734 0.583008 0.425781 0.581055 0.425781 0.580078 0.423828 0.578125 0.423828 0.577148 0.421875 0.575195
1 0.718750 0.489258 0.717773 0.489258 0.716797 0.490234 0.716797 0.491211 0.717773 0.492188 0.717773 0.493164 0.718750 0.492188 0.719727 0.492188 0.719727 0.491211 0.718750 0.490234
0 0.693359 0.493164 0.693359 0.494141 0.691406 0.496094 0.691406 0.497070 0.689453 0.499023 0.689453 0.500000 0.687500 0.501953 0.687500 0.502930 0.685547 0.504883 0.685547 0.505859 0.683594 0.507812 0.683594 0.508789 0.681641 0.510742 0.681641 0.511719 0.680664 0.512695 0.680664 0.514648 0.683594 0.517578 0.683594 0.518555 0.686523 0.521484 0.686523 0.522461 0.689453 0.525391 0.689453 0.526367 0.692383 0.529297 0.693359 0.529297 0.694336 0.530273 0.698242 0.530273 0.699219 0.531250 0.702148 0.531250 0.703125 0.532227 0.706055 0.532227 0.707031 0.533203 0.709961 0.533203 0.710938 0.534180 0.712891 0.532227 0.712891 0.531250 0.715820 0.528320 0.715820 0.527344 0.717773 0.525391 0.717773 0.524414 0.720703 0.521484 0.720703 0.520508 0.722656 0.518555 0.722656 0.517578 0.725586 0.514648 0.725586 0.513672 0.724609 0.512695 0.724609 0.511719 0.719727 0.506836 0.719727 0.505859 0.714844 0.500977 0.714844 0.500000 0.713867 0.500977 0.713867 0.501953 0.710938 0.504883 0.708008 0.501953 0.708984 0.500977 0.708984 0.500000 0.710938 0.498047 0.709961 0.497070 0.707031 0.497070 0.706055 0.496094 0.704102 0.496094 0.703125 0.495117 0.700195 0.495117 0.699219 0.494141 0.696289 0.494141 0.695312 0.493164
1 0.718750 0.493164 0.717773 0.494141 0.716797 0.493164 0.716797 0.492188 0.715820 0.492188 0.714844 0.493164 0.714844 0.494141 0.711914 0.497070 0.711914 0.498047 0.709961 0.500000 0.709961 0.500977 0.708984 0.501953 0.709961 0.502930 0.710938 0.502930 0.711914 0.501953 0.712891 0.501953 0.712891 0.500977 0.715820 0.498047 0.715820 0.497070 0.717773 0.495117 0.717773 0.494141
1 0.718750 0.488281 0.719727 0.489258 0.719727 0.490234 0.718750 0.491211 0.719727 0.490234 0.720703 0.490234 0.720703 0.489258 0.719727 0.489258
0 0.622070 0.519531 0.622070 0.528320 0.623047 0.529297 0.623047 0.538086 0.624023 0.538086 0.625977 0.540039 0.626953 0.540039 0.628906 0.541992 0.633789 0.541992 0.634766 0.541016 0.639648 0.541016 0.640625 0.540039 0.644531 0.540039 0.645508 0.539062 0.648438 0.539062 0.648438 0.533203 0.647461 0.532227 0.647461 0.521484 0.646484 0.520508 0.646484 0.519531 0.645508 0.519531 0.644531 0.518555 0.643555 0.518555 0.642578 0.517578 0.641602 0.517578 0.640625 0.516602 0.634766 0.516602 0.633789 0.517578 0.629883 0.517578 0.628906 0.518555 0.624023 0.518555 0.623047 0.519531
1 0.635742 0.541992 0.635742 0.550781 0.636719 0.551758 0.637695 0.550781 0.637695 0.544922 0.636719 0.543945 0.636719 0.541992
