0 0.714844 0.328125 0.708984 0.328125 0.708008 0.329102 0.703125 0.329102 0.687500 0.344727 0.688477 0.345703 0.688477 0.346680 0.691406 0.349609 0.691406 0.350586 0.693359 0.352539 0.693359 0.353516 0.696289 0.356445 0.696289 0.357422 0.699219 0.360352 0.699219 0.361328 0.701172 0.363281 0.702148 0.363281 0.703125 0.362305 0.711914 0.362305 0.715820 0.358398 0.716797 0.358398 0.728516 0.346680 0.728516 0.345703 0.727539 0.344727 0.727539 0.343750 0.723633 0.339844 0.723633 0.338867 0.720703 0.335938 0.720703 0.334961 0.717773 0.332031 0.717773 0.331055
1 0.691406 0.324219 0.691406 0.325195 0.692383 0.326172 0.692383 0.327148 0.695312 0.330078 0.695312 0.331055 0.697266 0.333008 0.698242 0.333008 0.699219 0.332031 0.699219 0.331055 0.696289 0.328125 0.696289 0.327148 0.693359 0.324219
0 0.409180 0.515625 0.406250 0.518555 0.406250 0.519531 0.400391 0.525391 0.400391 0.526367 0.394531 0.532227 0.394531 0.533203 0.393555 0.534180 0.397461 0.538086 0.398438 0.538086 0.411133 0.550781 0.415039 0.550781 0.416016 0.549805 0.418945 0.549805 0.422852 0.545898 0.422852 0.544922 0.423828 0.543945 0.421875 0.541992 0.423828 0.540039 0.424805 0.540039 0.425781 0.541016 0.426758 0.541016 0.428711 0.539062 0.428711 0.538086 0.434570 0.532227 0.422852 0.520508 0.421875 0.520508 0.416992 0.515625
1 0.422852 0.541992 0.433594 0.552734 0.435547 0.552734 0.436523 0.551758 0.432617 0.547852 0.431641 0.547852 0.424805 0.541016 0.423828 0.541016
0 0.711914 0.735352 0.711914 0.740234 0.710938 0.741211 0.710938 0.750000 0.709961 0.750977 0.709961 0.758789 0.708984 0.759766 0.711914 0.759766 0.712891 0.760742 0.715820 0.760742 0.716797 0.761719 0.719727 0.761719 0.720703 0.762695 0.723633 0.762695 0.724609 0.763672 0.729492 0.763672 0.730469 0.764648 0.740234 0.764648 0.741211 0.765625 0.744141 0.765625 0.744141 0.758789 0.745117 0.757812 0.745117 0.749023 0.746094 0.748047 0.746094 0.741211 0.744141 0.741211 0.743164 0.740234 0.739258 0.740234 0.738281 0.739258 0.735352 0.739258 0.734375 0.738281 0.727539 0.738281 0.726562 0.737305 0.722656 0.737305 0.721680 0.736328 0.714844 0.736328 0.713867 0.735352
1 0.731445 0.721680 0.729492 0.721680 0.729492 0.725586 0.728516 0.726562 0.728516 0.735352 0.727539 0.736328 0.727539 0.737305 0.730469 0.737305 0.730469 0.732422 0.731445 0.731445
0 0.472656 0.587891 0.472656 0.613281 0.471680 0.614258 0.471680 0.616211 0.473633 0.616211 0.474609 0.617188 0.486328 0.617188 0.487305 0.618164 0.501953 0.618164 0.502930 0.617188 0.505859 0.617188 0.506836 0.616211 0.508789 0.616211 0.509766 0.615234 0.509766 0.607422 0.510742 0.606445 0.510742 0.585938 0.503906 0.585938 0.502930 0.584961 0.493164 0.584961 0.492188 0.583984 0.481445 0.583984 0.480469 0.584961 0.479492 0.584961 0.478516 0.585938 0.476562 0.585938 0.475586 0.586914 0.474609 0.586914 0.473633 0.587891
0 0.595703 0.514648 0.594727 0.515625 0.594727 0.516602 0.591797 0.519531 0.591797 0.520508 0.588867 0.523438 0.588867 0.524414 0.585938 0.527344 0.585938 0.528320 0.584961 0.529297 0.584961 0.533203 0.585938 0.534180 0.585938 0.550781 0.586914 0.551758 0.586914 0.556641 0.587891 0.556641 0.588867 0.557617 0.595703 0.557617 0.596680 0.558594 0.603516 0.558594 0.604492 0.559570 0.604492 0.552734 0.606445 0.550781 0.607422 0.550781 0.610352 0.553711 0.610352 0.559570 0.612305 0.559570 0.613281 0.560547 0.616211 0.560547 0.620117 0.556641 0.620117 0.555664 0.626953 0.548828 0.626953 0.547852 0.627930 0.546875 0.627930 0.541016 0.626953 0.540039 0.626953 0.529297 0.625977 0.528320 0.625977 0.518555 0.621094 0.518555 0.620117 0.517578 0.614258 0.517578 0.613281 0.516602 0.606445 0.516602 0.605469 0.515625 0.598633 0.515625 0.597656 0.514648
1 0.636719 0.616211 0.636719 0.617188 0.638672 0.619141 0.639648 0.618164 0.638672 0.617188 0.637695 0.618164 0.636719 0.617188
1 0.631836 0.614258 0.630859 0.614258 0.630859 0.615234
1 0.607422 0.551758 0.606445 0.551758 0.605469 0.552734 0.605469 0.558594 0.606445 0.559570 0.606445 0.562500 0.607422 0.563477 0.607422 0.565430 0.606445 0.566406 0.606445 0.572266 0.607422 0.571289 0.607422 0.570312 0.608398 0.569336 0.609375 0.570312 0.609375 0.571289 0.609375 0.569336 0.610352 0.568359 0.610352 0.567383 0.609375 0.566406 0.609375 0.553711
0 0.659180 0.607422 0.659180 0.608398 0.657227 0.610352 0.657227 0.611328 0.654297 0.614258 0.654297 0.615234 0.652344 0.617188 0.653320 0.618164 0.651367 0.620117 0.650391 0.620117 0.650391 0.621094 0.648438 0.623047 0.649414 0.624023 0.644531 0.628906 0.644531 0.631836 0.643555 0.632812 0.642578 0.632812 0.642578 0.633789 0.640625 0.635742 0.640625 0.636719 0.638672 0.638672 0.638672 0.639648 0.637695 0.640625 0.637695 0.641602 0.635742 0.643555 0.635742 0.644531 0.636719 0.644531 0.638672 0.646484 0.639648 0.646484 0.641602 0.648438 0.642578 0.648438 0.644531 0.650391 0.645508 0.650391 0.647461 0.652344 0.648438 0.652344 0.650391 0.654297 0.651367 0.654297 0.653320 0.656250 0.654297 0.656250 0.656250 0.658203 0.657227 0.658203 0.659180 0.660156 0.660156 0.660156 0.662109 0.662109 0.665039 0.659180 0.665039 0.658203 0.667969 0.655273 0.667969 0.654297 0.669922 0.652344 0.669922 0.651367 0.672852 0.648438 0.672852 0.647461 0.674805 0.645508 0.674805 0.644531 0.677734 0.641602 0.677734 0.640625 0.678711 0.639648 0.678711 0.638672 0.679688 0.637695 0.679688 0.636719 0.680664 0.635742 0.680664 0.634766 0.681641 0.633789 0.681641 0.632812 0.682617 0.631836 0.682617 0.630859 0.683594 0.629883 0.683594 0.628906 0.685547 0.626953 0.685547 0.625977 0.686523 0.625000 0.686523 0.624023 0.685547 0.624023 0.684570 0.623047 0.683594 0.623047 0.681641 0.621094 0.680664 0.621094 0.678711 0.619141 0.677734 0.619141 0.675781 0.617188 0.674805 0.617188 0.672852 0.615234 0.671875 0.615234 0.669922 0.613281 0.668945 0.613281 0.667969 0.612305 0.666992 0.612305 0.665039 0.610352 0.664062 0.610352 0.662109 0.608398 0.661133 0.608398 0.660156 0.607422
1 0.628906 0.614258 0.628906 0.615234 0.629883 0.616211 0.630859 0.616211 0.633789 0.619141 0.634766 0.619141 0.635742 0.620117 0.636719 0.620117 0.638672 0.622070 0.639648 0.622070 0.641602 0.624023 0.642578 0.624023 0.644531 0.625977 0.646484 0.625977 0.647461 0.625000 0.647461 0.623047 0.646484 0.623047 0.644531 0.621094 0.643555 0.621094 0.641602 0.619141 0.639648 0.619141 0.637695 0.617188 0.636719 0.618164 0.635742 0.617188 0.635742 0.615234 0.633789 0.615234 0.632812 0.614258 0.632812 0.613281 0.629883 0.613281
0 0.637695 0.374023 0.636719 0.374023 0.635742 0.375000 0.632812 0.375000 0.628906 0.378906 0.627930 0.378906 0.622070 0.384766 0.621094 0.384766 0.615234 0.390625 0.615234 0.391602 0.619141 0.395508 0.619141 0.396484 0.624023 0.401367 0.624023 0.402344 0.628906 0.407227 0.628906 0.408203 0.634766 0.408203 0.638672 0.404297 0.639648 0.404297 0.645508 0.398438 0.646484 0.398438 0.652344 0.392578 0.652344 0.391602 0.647461 0.386719 0.647461 0.385742 0.642578 0.380859 0.642578 0.379883 0.637695 0.375000
1 0.642578 0.402344 0.642578 0.403320 0.643555 0.404297 0.643555 0.405273 0.645508 0.407227 0.645508 0.408203 0.650391 0.413086 0.651367 0.413086 0.652344 0.412109 0.647461 0.407227 0.647461 0.406250 0.643555 0.402344
