0 0.233708 0.368539 0.232584 0.369663 0.230337 0.369663 0.229213 0.370787 0.225843 0.370787 0.224719 0.371910 0.222472 0.371910 0.221348 0.373034 0.219101 0.373034 0.217978 0.374157 0.215730 0.374157 0.214607 0.375281 0.213483 0.375281 0.212360 0.376404 0.210112 0.376404 0.208989 0.377528 0.207865 0.377528 0.206742 0.378652 0.205618 0.378652 0.204494 0.379775 0.203371 0.379775 0.202247 0.380899 0.200000 0.380899 0.200000 0.382022 0.201124 0.383146 0.201124 0.384270 0.202247 0.385393 0.202247 0.387640 0.203371 0.388764 0.203371 0.389888 0.204494 0.391011 0.204494 0.392135 0.205618 0.392135 0.206742 0.391011 0.207865 0.391011 0.208989 0.389888 0.210112 0.389888 0.211236 0.388764 0.213483 0.388764 0.214607 0.389888 0.214607 0.391011 0.212360 0.393258 0.211236 0.393258 0.210112 0.394382 0.208989 0.394382 0.207865 0.395506 0.205618 0.395506 0.206742 0.396629 0.206742 0.397753 0.207865 0.398876 0.207865 0.401124 0.208989 0.402247 0.208989 0.403371 0.210112 0.404494 0.211236 0.403371 0.214607 0.403371 0.215730 0.402247 0.217978 0.402247 0.219101 0.401124 0.222472 0.401124 0.223596 0.400000 0.225843 0.400000 0.226966 0.398876 0.228090 0.398876 0.229213 0.397753 0.231461 0.397753 0.232584 0.396629 0.233708 0.396629 0.234831 0.395506 0.235955 0.395506 0.237079 0.394382 0.238202 0.394382 0.239326 0.393258 0.240449 0.393258 0.241573 0.392135 0.242697 0.392135 0.242697 0.391011 0.241573 0.389888 0.241573 0.387640 0.240449 0.386517 0.240449 0.385393 0.239326 0.384270 0.239326 0.382022 0.238202 0.380899 0.238202 0.379775 0.237079 0.378652 0.237079 0.376404 0.235955 0.375281 0.235955 0.374157 0.234831 0.373034 0.234831 0.370787 0.233708 0.369663
1 0.213483 0.389888 0.211236 0.389888 0.210112 0.391011 0.208989 0.391011 0.207865 0.392135 0.206742 0.392135 0.205618 0.393258 0.204494 0.393258 0.203371 0.394382 0.201124 0.394382 0.201124 0.395506 0.202247 0.396629 0.203371 0.395506 0.204494 0.395506 0.205618 0.394382 0.207865 0.394382 0.208989 0.393258 0.210112 0.393258 0.211236 0.392135 0.212360 0.392135 0.213483 0.391011
0 0.531461 0.552809 0.514607 0.569663 0.514607 0.573034 0.513483 0.574157 0.513483 0.577528 0.512360 0.578652 0.512360 0.582022 0.511236 0.583146 0.513483 0.585393 0.514607 0.585393 0.519101 0.589888 0.520225 0.589888 0.523596 0.593258 0.524719 0.593258 0.528090 0.596629 0.529213 0.596629 0.531461 0.598876 0.532584 0.598876 0.544944 0.586517 0.546067 0.586517 0.549438 0.583146 0.549438 0.577528 0.550562 0.576404 0.550562 0.571910 0.551685 0.570787 0.551685 0.568539 0.550562 0.568539 0.546067 0.564045 0.544944 0.564045 0.541573 0.560674 0.540449 0.560674 0.537079 0.557303 0.535955 0.557303
0 0.477528 0.448315 0.477528 0.449438 0.476404 0.450562 0.476404 0.455056 0.477528 0.456180 0.480899 0.456180 0.482022 0.457303 0.482022 0.458427 0.480899 0.459551 0.478652 0.459551 0.477528 0.458427 0.475281 0.458427 0.475281 0.465169 0.474157 0.466292 0.476404 0.466292 0.477528 0.467416 0.483146 0.467416 0.484270 0.468539 0.491011 0.468539 0.492135 0.469663 0.500000 0.469663 0.500000 0.467416 0.501124 0.466292 0.501124 0.459551 0.502247 0.458427 0.502247 0.451685 0.498876 0.451685 0.497753 0.450562 0.492135 0.450562 0.491011 0.449438 0.483146 0.449438 0.482022 0.448315
1 0.469663 0.456180 0.470787 0.456180 0.471910 0.457303 0.477528 0.457303 0.478652 0.458427 0.480899 0.458427 0.480899 0.457303 0.477528 0.457303 0.476404 0.456180
0 0.580899 0.414607 0.580899 0.416854 0.579775 0.417978 0.579775 0.423596 0.578652 0.424719 0.578652 0.430337 0.577528 0.431461 0.577528 0.437079 0.576404 0.438202 0.577528 0.439326 0.579775 0.439326 0.580899 0.440449 0.583146 0.440449 0.584270 0.441573 0.586517 0.441573 0.587640 0.442697 0.589888 0.442697 0.591011 0.443820 0.600000 0.443820 0.601124 0.444944 0.612360 0.444944 0.612360 0.439326 0.613483 0.438202 0.613483 0.433708 0.614607 0.432584 0.614607 0.426966 0.615730 0.425843 0.615730 0.420225 0.614607 0.420225 0.613483 0.419101 0.611236 0.419101 0.610112 0.417978 0.607865 0.417978 0.606742 0.416854 0.603371 0.416854 0.602247 0.415730 0.600000 0.415730 0.598876 0.414607
1 0.595506 0.444944 0.592135 0.444944 0.592135 0.449438 0.591011 0.450562 0.591011 0.456180 0.589888 0.457303 0.589888 0.458427 0.593258 0.458427 0.593258 0.452809 0.594382 0.451685 0.594382 0.446067
0 0.521348 0.311236 0.521348 0.334831 0.522472 0.335955 0.523596 0.335955 0.524719 0.337079 0.525843 0.337079 0.526966 0.338202 0.528090 0.338202 0.529213 0.339326 0.531461 0.339326 0.532584 0.340449 0.533708 0.340449 0.534831 0.341573 0.537079 0.341573 0.538202 0.340449 0.542697 0.340449 0.543820 0.339326 0.548315 0.339326 0.550562 0.341573 0.550562 0.343820 0.551685 0.344944 0.551685 0.346067 0.552809 0.344944 0.555056 0.344944 0.556180 0.343820 0.557303 0.343820 0.558427 0.342697 0.557303 0.342697 0.556180 0.341573 0.556180 0.340449 0.555056 0.340449 0.553933 0.339326 0.553933 0.338202 0.555056 0.337079 0.556180 0.337079 0.556180 0.331461 0.557303 0.330337 0.558427 0.331461 0.559551 0.330337 0.560674 0.331461 0.560674 0.333708 0.561798 0.334831 0.561798 0.335955 0.562921 0.337079 0.564045 0.335955 0.565169 0.337079 0.565169 0.341573 0.567416 0.341573 0.568539 0.340449 0.570787 0.340449 0.571910 0.339326 0.573034 0.339326 0.573034 0.337079 0.571910 0.335955 0.571910 0.333708 0.570787 0.332584 0.570787 0.330337 0.569663 0.329213 0.569663 0.325843 0.568539 0.324719 0.568539 0.322472 0.567416 0.321348 0.567416 0.320225 0.566292 0.319101 0.565169 0.320225 0.564045 0.320225 0.561798 0.322472 0.557303 0.322472 0.556180 0.321348 0.556180 0.313483 0.555056 0.312360 0.553933 0.312360 0.552809 0.311236 0.551685 0.311236 0.550562 0.310112 0.548315 0.310112 0.547191 0.308989 0.546067 0.308989 0.544944 0.307865 0.542697 0.307865 0.541573 0.306742 0.540449 0.307865 0.534831 0.307865 0.533708 0.308989 0.529213 0.308989 0.528090 0.310112 0.522472 0.310112
1 0.559551 0.332584 0.558427 0.332584 0.558427 0.338202 0.559551 0.337079
1 0.557303 0.321348 0.561798 0.321348 0.561798 0.320225 0.562921 0.319101 0.557303 0.319101
0 0.557303 0.331461 0.557303 0.337079 0.556180 0.338202 0.555056 0.338202 0.555056 0.339326 0.556180 0.339326 0.557303 0.340449 0.557303 0.341573 0.558427 0.341573 0.559551 0.342697 0.558427 0.343820 0.559551 0.343820 0.560674 0.342697 0.562921 0.342697 0.564045 0.341573 0.564045 0.337079 0.562921 0.338202 0.561798 0.337079 0.561798 0.339326 0.559551 0.341573 0.557303 0.339326
0 0.556180 0.312360 0.557303 0.313483 0.557303 0.317978 0.562921 0.317978 0.564045 0.319101 0.565169 0.319101 0.566292 0.317978 0.568539 0.320225 0.568539 0.321348 0.569663 0.322472 0.569663 0.324719 0.570787 0.325843 0.570787 0.329213 0.571910 0.330337 0.571910 0.332584 0.573034 0.333708 0.573034 0.335955 0.573034 0.331461 0.571910 0.330337 0.571910 0.326966 0.570787 0.325843 0.570787 0.323596 0.569663 0.322472 0.569663 0.320225 0.568539 0.319101 0.568539 0.316854 0.567416 0.315730 0.567416 0.312360 0.566292 0.311236 0.566292 0.308989 0.565169 0.310112 0.562921 0.310112 0.561798 0.311236 0.559551 0.311236 0.558427 0.312360
0 0.293258 0.417978 0.292135 0.419101 0.289888 0.419101 0.286517 0.422472 0.286517 0.423596 0.284270 0.425843 0.284270 0.426966 0.282022 0.429213 0.282022 0.430337 0.278652 0.433708 0.278652 0.434831 0.276404 0.437079 0.276404 0.438202 0.274157 0.440449 0.275281 0.440449 0.278652 0.443820 0.279775 0.443820 0.283146 0.447191 0.284270 0.447191 0.287640 0.450562 0.288764 0.450562 0.291011 0.452809 0.292135 0.452809 0.294382 0.455056 0.296629 0.455056 0.297753 0.453933 0.298876 0.453933 0.300000 0.452809 0.301124 0.452809 0.303371 0.450562 0.303371 0.449438 0.305618 0.447191 0.305618 0.446067 0.308989 0.442697 0.308989 0.441573 0.311236 0.439326 0.311236 0.438202 0.313483 0.435955 0.313483 0.434831 0.315730 0.432584 0.312360 0.429213 0.311236 0.429213 0.307865 0.425843 0.306742 0.425843 0.303371 0.422472 0.302247 0.422472 0.300000 0.420225 0.298876 0.420225 0.296629 0.417978
