0 0.347656 0.603516 0.346680 0.604492 0.342773 0.604492 0.341797 0.605469 0.338867 0.605469 0.337891 0.606445 0.334961 0.606445 0.333984 0.607422 0.330078 0.607422 0.329102 0.608398 0.326172 0.608398 0.325195 0.609375 0.322266 0.609375 0.321289 0.610352 0.320312 0.610352 0.319336 0.611328 0.318359 0.611328 0.317383 0.612305 0.316406 0.612305 0.315430 0.613281 0.314453 0.613281 0.313477 0.614258 0.313477 0.616211 0.314453 0.617188 0.314453 0.620117 0.315430 0.621094 0.315430 0.624023 0.316406 0.625000 0.316406 0.627930 0.317383 0.628906 0.317383 0.631836 0.318359 0.632812 0.318359 0.636719 0.319336 0.637695 0.319336 0.640625 0.320312 0.641602 0.323242 0.641602 0.324219 0.640625 0.327148 0.640625 0.328125 0.639648 0.332031 0.639648 0.333008 0.638672 0.335938 0.638672 0.336914 0.637695 0.339844 0.637695 0.340820 0.636719 0.344727 0.636719 0.345703 0.635742 0.347656 0.635742 0.348633 0.634766 0.349609 0.634766 0.352539 0.631836 0.353516 0.631836 0.354492 0.630859 0.354492 0.628906 0.353516 0.627930 0.353516 0.624023 0.352539 0.623047 0.352539 0.620117 0.351562 0.619141 0.351562 0.616211 0.350586 0.615234 0.350586 0.612305 0.349609 0.611328 0.349609 0.608398 0.348633 0.607422 0.348633 0.604492
1 0.315430 0.625977 0.312500 0.625977 0.311523 0.626953 0.308594 0.626953 0.307617 0.627930 0.303711 0.627930 0.302734 0.628906 0.301758 0.628906 0.301758 0.629883 0.302734 0.630859 0.304688 0.630859 0.305664 0.629883 0.308594 0.629883 0.309570 0.628906 0.313477 0.628906 0.314453 0.627930 0.315430 0.627930
0 0.331055 0.516602 0.328125 0.516602 0.327148 0.517578 0.324219 0.517578 0.323242 0.518555 0.320312 0.518555 0.318359 0.520508 0.318359 0.521484 0.316406 0.523438 0.316406 0.524414 0.314453 0.526367 0.314453 0.527344 0.313477 0.528320 0.313477 0.529297 0.311523 0.531250 0.311523 0.532227 0.309570 0.534180 0.309570 0.535156 0.308594 0.536133 0.309570 0.537109 0.310547 0.537109 0.314453 0.541016 0.315430 0.541016 0.319336 0.544922 0.320312 0.544922 0.324219 0.548828 0.327148 0.548828 0.328125 0.547852 0.332031 0.547852 0.333008 0.546875 0.335938 0.546875 0.335938 0.545898 0.336914 0.544922 0.336914 0.543945 0.338867 0.541992 0.338867 0.541016 0.339844 0.540039 0.339844 0.539062 0.341797 0.537109 0.341797 0.536133 0.343750 0.534180 0.343750 0.533203 0.344727 0.532227 0.344727 0.531250 0.346680 0.529297 0.345703 0.529297 0.340820 0.524414 0.339844 0.524414 0.334961 0.519531 0.333984 0.519531
1 0.339844 0.511719 0.337891 0.513672 0.337891 0.514648 0.336914 0.515625 0.336914 0.516602 0.334961 0.518555 0.336914 0.520508 0.336914 0.519531 0.337891 0.518555 0.337891 0.517578 0.339844 0.515625 0.339844 0.514648 0.340820 0.513672 0.340820 0.512695
0 0.407227 0.681641 0.407227 0.687500 0.406250 0.688477 0.406250 0.700195 0.405273 0.701172 0.405273 0.708984 0.409180 0.708984 0.410156 0.709961 0.416016 0.709961 0.416992 0.710938 0.443359 0.710938 0.443359 0.700195 0.444336 0.699219 0.444336 0.686523 0.445312 0.685547 0.445312 0.683594 0.438477 0.683594 0.437500 0.682617 0.428711 0.682617 0.427734 0.681641
1 0.425781 0.711914 0.422852 0.711914 0.422852 0.712891 0.421875 0.713867 0.421875 0.725586 0.420898 0.726562 0.420898 0.728516 0.421875 0.729492 0.423828 0.729492 0.423828 0.727539 0.424805 0.726562 0.424805 0.713867 0.425781 0.712891
0 0.574219 0.550781 0.570312 0.550781 0.569336 0.551758 0.567383 0.551758 0.566406 0.552734 0.564453 0.552734 0.563477 0.553711 0.561523 0.553711 0.560547 0.554688 0.558594 0.554688 0.557617 0.555664 0.555664 0.555664 0.554688 0.556641 0.551758 0.556641 0.550781 0.557617 0.549805 0.557617 0.549805 0.558594 0.550781 0.559570 0.550781 0.562500 0.551758 0.563477 0.551758 0.565430 0.552734 0.566406 0.552734 0.568359 0.553711 0.569336 0.553711 0.572266 0.554688 0.573242 0.554688 0.575195 0.555664 0.576172 0.555664 0.578125 0.556641 0.579102 0.556641 0.581055 0.557617 0.582031 0.557617 0.583984 0.561523 0.583984 0.562500 0.583008 0.564453 0.583008 0.565430 0.582031 0.567383 0.582031 0.568359 0.581055 0.570312 0.581055 0.571289 0.580078 0.573242 0.580078 0.574219 0.579102 0.577148 0.579102 0.578125 0.578125 0.580078 0.578125 0.581055 0.577148 0.582031 0.577148 0.582031 0.575195 0.581055 0.574219 0.581055 0.572266 0.580078 0.571289 0.580078 0.569336 0.579102 0.568359 0.579102 0.566406 0.578125 0.565430 0.578125 0.563477 0.577148 0.562500 0.577148 0.559570 0.576172 0.558594 0.576172 0.556641 0.575195 0.555664 0.575195 0.553711 0.574219 0.552734
1 0.571289 0.581055 0.570312 0.582031 0.570312 0.583984 0.571289 0.584961 0.571289 0.586914 0.572266 0.587891 0.572266 0.589844 0.573242 0.590820 0.573242 0.593750 0.574219 0.594727 0.574219 0.595703 0.575195 0.595703 0.576172 0.594727 0.575195 0.593750 0.575195 0.591797 0.574219 0.590820 0.574219 0.588867 0.573242 0.587891 0.573242 0.585938 0.572266 0.584961 0.572266 0.583008 0.571289 0.582031
1 0.666992 0.451172 0.669922 0.454102 0.670898 0.454102 0.669922 0.453125 0.668945 0.453125
1 0.665039 0.445312 0.664062 0.446289 0.666016 0.448242 0.666992 0.448242 0.667969 0.447266 0.666016 0.445312
0 0.652344 0.406250 0.649414 0.409180 0.648438 0.409180 0.644531 0.413086 0.643555 0.413086 0.640625 0.416016 0.639648 0.416016 0.635742 0.419922 0.634766 0.419922 0.631836 0.422852 0.630859 0.422852 0.629883 0.423828 0.629883 0.432617 0.628906 0.433594 0.628906 0.436523 0.648438 0.456055 0.649414 0.456055 0.652344 0.453125 0.653320 0.453125 0.657227 0.449219 0.658203 0.449219 0.661133 0.446289 0.661133 0.445312 0.659180 0.443359 0.659180 0.442383 0.661133 0.440430 0.662109 0.440430 0.665039 0.443359 0.666992 0.441406 0.667969 0.441406 0.670898 0.438477 0.670898 0.434570 0.671875 0.433594 0.671875 0.429688 0.672852 0.428711 0.672852 0.426758
1 0.661133 0.441406 0.660156 0.442383 0.661133 0.443359 0.661133 0.444336 0.668945 0.452148 0.669922 0.452148 0.671875 0.454102 0.670898 0.455078 0.672852 0.457031 0.673828 0.456055 0.674805 0.456055 0.674805 0.454102 0.668945 0.448242 0.667969 0.448242 0.666992 0.449219 0.666016 0.449219 0.663086 0.446289 0.665039 0.444336 0.662109 0.441406
