0 0.387695 0.570312 0.380859 0.570312 0.379883 0.571289 0.363281 0.571289 0.362305 0.572266 0.360352 0.572266 0.359375 0.573242 0.356445 0.573242 0.355469 0.574219 0.353516 0.574219 0.352539 0.575195 0.352539 0.577148 0.353516 0.578125 0.353516 0.589844 0.354492 0.590820 0.354492 0.600586 0.367188 0.600586 0.368164 0.599609 0.379883 0.599609 0.380859 0.598633 0.382812 0.598633 0.383789 0.597656 0.385742 0.597656 0.386719 0.596680 0.387695 0.596680 0.388672 0.595703 0.389648 0.595703 0.389648 0.592773 0.388672 0.591797 0.388672 0.580078 0.387695 0.579102
1 0.342773 0.585938 0.342773 0.587891 0.346680 0.587891 0.347656 0.586914 0.352539 0.586914 0.352539 0.584961 0.346680 0.584961 0.345703 0.585938
0 0.400391 0.483398 0.397461 0.486328 0.397461 0.487305 0.387695 0.497070 0.387695 0.498047 0.394531 0.504883 0.394531 0.505859 0.400391 0.511719 0.409180 0.511719 0.413086 0.507812 0.413086 0.506836 0.421875 0.498047 0.421875 0.497070 0.413086 0.488281 0.413086 0.487305 0.409180 0.483398
1 0.419922 0.480469 0.418945 0.480469 0.414062 0.485352 0.414062 0.488281 0.420898 0.481445
0 0.433594 0.650391 0.432617 0.651367 0.432617 0.654297 0.431641 0.655273 0.431641 0.658203 0.430664 0.659180 0.430664 0.662109 0.429688 0.663086 0.429688 0.666016 0.428711 0.666992 0.428711 0.669922 0.427734 0.670898 0.427734 0.672852 0.426758 0.673828 0.426758 0.674805 0.427734 0.675781 0.428711 0.675781 0.429688 0.676758 0.431641 0.676758 0.432617 0.677734 0.433594 0.677734 0.434570 0.678711 0.435547 0.678711 0.436523 0.679688 0.437500 0.679688 0.438477 0.680664 0.442383 0.680664 0.443359 0.681641 0.447266 0.681641 0.448242 0.682617 0.453125 0.682617 0.454102 0.683594 0.458008 0.683594 0.458984 0.684570 0.459961 0.684570 0.459961 0.683594 0.460938 0.682617 0.460938 0.679688 0.461914 0.678711 0.461914 0.675781 0.462891 0.674805 0.462891 0.671875 0.463867 0.670898 0.463867 0.667969 0.464844 0.666992 0.464844 0.664062 0.465820 0.663086 0.465820 0.659180 0.464844 0.659180 0.463867 0.658203 0.461914 0.658203 0.460938 0.657227 0.459961 0.657227 0.458984 0.656250 0.457031 0.656250 0.456055 0.655273 0.455078 0.655273 0.454102 0.654297 0.450195 0.654297 0.449219 0.653320 0.445312 0.653320 0.444336 0.652344 0.440430 0.652344 0.439453 0.651367 0.435547 0.651367 0.434570 0.650391
1 0.442383 0.681641 0.441406 0.681641 0.441406 0.683594 0.440430 0.684570 0.440430 0.687500 0.439453 0.688477 0.439453 0.691406 0.438477 0.692383 0.438477 0.695312 0.437500 0.696289 0.439453 0.696289 0.440430 0.697266 0.440430 0.695312 0.441406 0.694336 0.441406 0.691406 0.442383 0.690430 0.442383 0.687500 0.443359 0.686523 0.443359 0.683594 0.444336 0.682617 0.443359 0.682617
0 0.616211 0.556641 0.611328 0.556641 0.610352 0.557617 0.603516 0.557617 0.602539 0.558594 0.595703 0.558594 0.594727 0.559570 0.591797 0.559570 0.588867 0.562500 0.588867 0.564453 0.589844 0.565430 0.589844 0.571289 0.590820 0.572266 0.590820 0.577148 0.591797 0.578125 0.591797 0.583008 0.592773 0.583984 0.592773 0.586914 0.595703 0.586914 0.596680 0.585938 0.604492 0.585938 0.605469 0.584961 0.612305 0.584961 0.613281 0.583984 0.617188 0.583984 0.619141 0.582031 0.619141 0.581055 0.620117 0.580078 0.620117 0.578125 0.619141 0.577148 0.619141 0.572266 0.618164 0.571289 0.618164 0.565430 0.617188 0.564453 0.617188 0.559570 0.616211 0.558594
1 0.606445 0.585938 0.606445 0.591797 0.607422 0.592773 0.607422 0.597656 0.608398 0.598633 0.608398 0.599609 0.610352 0.599609 0.610352 0.598633 0.609375 0.597656 0.609375 0.592773 0.608398 0.591797 0.608398 0.585938
1 0.705078 0.481445 0.703125 0.483398 0.705078 0.485352 0.705078 0.486328 0.707031 0.484375 0.707031 0.483398
1 0.703125 0.479492 0.702148 0.480469 0.703125 0.480469
1 0.696289 0.469727 0.696289 0.470703 0.697266 0.471680 0.697266 0.472656 0.698242 0.473633 0.698242 0.474609 0.699219 0.475586 0.700195 0.475586 0.700195 0.472656 0.699219 0.471680 0.699219 0.470703 0.698242 0.469727
0 0.694336 0.433594 0.693359 0.433594 0.692383 0.434570 0.691406 0.434570 0.689453 0.436523 0.688477 0.436523 0.687500 0.437500 0.686523 0.437500 0.685547 0.438477 0.684570 0.438477 0.683594 0.439453 0.682617 0.439453 0.681641 0.440430 0.680664 0.440430 0.679688 0.441406 0.678711 0.441406 0.676758 0.443359 0.675781 0.443359 0.674805 0.444336 0.673828 0.444336 0.672852 0.445312 0.671875 0.445312 0.670898 0.446289 0.669922 0.446289 0.668945 0.447266 0.667969 0.447266 0.667969 0.450195 0.668945 0.451172 0.668945 0.457031 0.669922 0.458008 0.669922 0.458984 0.670898 0.459961 0.670898 0.460938 0.671875 0.461914 0.671875 0.462891 0.673828 0.464844 0.673828 0.465820 0.675781 0.467773 0.675781 0.468750 0.676758 0.469727 0.676758 0.470703 0.678711 0.472656 0.678711 0.473633 0.680664 0.475586 0.680664 0.476562 0.681641 0.477539 0.681641 0.478516 0.683594 0.480469 0.683594 0.481445 0.684570 0.481445 0.685547 0.480469 0.686523 0.480469 0.687500 0.479492 0.688477 0.479492 0.689453 0.478516 0.690430 0.478516 0.691406 0.477539 0.692383 0.477539 0.694336 0.475586 0.695312 0.475586 0.696289 0.474609 0.697266 0.474609 0.696289 0.473633 0.696289 0.472656 0.694336 0.470703 0.696289 0.468750 0.698242 0.468750 0.700195 0.470703 0.700195 0.471680 0.701172 0.472656 0.702148 0.471680 0.703125 0.471680 0.704102 0.470703 0.705078 0.470703 0.706055 0.469727 0.707031 0.469727 0.708984 0.467773 0.709961 0.467773 0.709961 0.464844 0.708984 0.463867 0.708984 0.456055 0.707031 0.454102 0.707031 0.453125 0.705078 0.451172 0.705078 0.450195 0.704102 0.449219 0.704102 0.448242 0.702148 0.446289 0.702148 0.445312 0.700195 0.443359 0.700195 0.442383 0.698242 0.440430 0.698242 0.439453 0.696289 0.437500 0.696289 0.436523 0.694336 0.434570
1 0.708008 0.485352 0.707031 0.485352 0.706055 0.486328 0.707031 0.485352
1 0.698242 0.475586 0.700195 0.477539 0.700195 0.478516 0.701172 0.479492 0.702148 0.479492 0.703125 0.478516 0.704102 0.479492 0.704102 0.480469 0.703125 0.481445 0.702148 0.481445 0.703125 0.482422 0.705078 0.480469 0.706055 0.481445 0.704102 0.479492 0.704102 0.478516 0.702148 0.476562 0.702148 0.475586 0.701172 0.474609 0.701172 0.475586 0.700195 0.476562 0.699219 0.476562
