0 0.241546 0.594203 0.241546 0.595813 0.239936 0.597424 0.239936 0.599034 0.238325 0.600644 0.238325 0.603865 0.236715 0.605475 0.236715 0.607085 0.235105 0.608696 0.235105 0.611916 0.233494 0.613527 0.233494 0.615137 0.231884 0.616747 0.231884 0.619968 0.230274 0.621578 0.230274 0.623188 0.228663 0.624799 0.241546 0.637681 0.243156 0.637681 0.244767 0.639291 0.249597 0.639291 0.251208 0.640902 0.256039 0.640902 0.257649 0.642512 0.264090 0.642512 0.265700 0.644122 0.270531 0.644122 0.272142 0.645733 0.273752 0.644122 0.273752 0.642512 0.275362 0.640902 0.275362 0.637681 0.276973 0.636071 0.276973 0.634461 0.278583 0.632850 0.278583 0.629630 0.280193 0.628019 0.280193 0.626409 0.281804 0.624799 0.281804 0.621578 0.283414 0.619968 0.283414 0.618357 0.285024 0.616747 0.285024 0.613527 0.276973 0.605475 0.275362 0.605475 0.270531 0.600644 0.265700 0.600644 0.264090 0.599034 0.259259 0.599034 0.257649 0.597424 0.252818 0.597424 0.251208 0.595813 0.247987 0.595813 0.246377 0.594203
0 0.513688 0.549114 0.508857 0.549114 0.507246 0.550725 0.502415 0.550725 0.500805 0.552335 0.497585 0.552335 0.495974 0.553945 0.492754 0.553945 0.491143 0.555556 0.486312 0.555556 0.484702 0.557166 0.483092 0.557166 0.481481 0.558776 0.481481 0.561997 0.483092 0.563607 0.483092 0.566828 0.484702 0.568438 0.484702 0.571659 0.486312 0.573269 0.486312 0.576490 0.487923 0.578100 0.487923 0.582931 0.489533 0.584541 0.489533 0.587762 0.491143 0.586151 0.495974 0.586151 0.497585 0.584541 0.500805 0.584541 0.502415 0.582931 0.505636 0.582931 0.507246 0.581320 0.512077 0.581320 0.513688 0.579710 0.516908 0.579710 0.518519 0.578100 0.520129 0.578100 0.521739 0.576490 0.521739 0.574879 0.520129 0.573269 0.520129 0.570048 0.518519 0.568438 0.518519 0.565217 0.516908 0.565217 0.515298 0.563607 0.515298 0.561997 0.516908 0.560386 0.516908 0.558776 0.515298 0.557166 0.515298 0.553945 0.513688 0.552335
1 0.534622 0.557166 0.531401 0.557166 0.529791 0.558776 0.526570 0.558776 0.524960 0.560386 0.520129 0.560386 0.518519 0.561997 0.516908 0.561997 0.516908 0.563607 0.520129 0.563607 0.521739 0.561997 0.524960 0.561997 0.526570 0.560386 0.529791 0.560386 0.531401 0.558776 0.534622 0.558776
0 0.297907 0.745572 0.296296 0.745572 0.283414 0.758454 0.283414 0.760064 0.265700 0.777778 0.265700 0.779388 0.280193 0.793881 0.281804 0.793881 0.289855 0.801932 0.291465 0.801932 0.302738 0.790660 0.302738 0.789050 0.318841 0.772947 0.318841 0.771337 0.322061 0.768116 0.314010 0.760064 0.312399 0.760064
1 0.276973 0.792271 0.275362 0.792271 0.267311 0.800322 0.267311 0.801932 0.268921 0.801932 0.276973 0.793881
0 0.508857 0.760064 0.508857 0.761675 0.507246 0.763285 0.507246 0.764895 0.505636 0.766506 0.505636 0.769726 0.504026 0.771337 0.504026 0.774557 0.502415 0.776167 0.502415 0.779388 0.500805 0.780998 0.500805 0.784219 0.499195 0.785829 0.499195 0.787440 0.497585 0.789050 0.497585 0.792271 0.495974 0.793881 0.495974 0.795491 0.497585 0.795491 0.500805 0.798712 0.502415 0.798712 0.507246 0.803543 0.508857 0.803543 0.512077 0.806763 0.513688 0.806763 0.516908 0.809984 0.521739 0.809984 0.523349 0.811594 0.534622 0.811594 0.536232 0.813205 0.545894 0.813205 0.547504 0.811594 0.547504 0.808374 0.549114 0.806763 0.549114 0.803543 0.550725 0.801932 0.550725 0.798712 0.552335 0.797101 0.552335 0.795491 0.553945 0.793881 0.553945 0.790660 0.555556 0.789050 0.555556 0.785829 0.557166 0.784219 0.557166 0.780998 0.558776 0.779388 0.557166 0.777778 0.555556 0.777778 0.552335 0.774557 0.550725 0.774557 0.547504 0.771337 0.545894 0.771337 0.542673 0.768116 0.541063 0.768116 0.537842 0.764895 0.534622 0.764895 0.533011 0.763285 0.523349 0.763285 0.521739 0.761675 0.512077 0.761675 0.510467 0.760064
1 0.520129 0.811594 0.516908 0.811594 0.515298 0.813205 0.515298 0.816425 0.513688 0.818035 0.513688 0.821256 0.512077 0.822866 0.512077 0.824477 0.510467 0.826087 0.510467 0.827697 0.515298 0.827697 0.515298 0.824477 0.516908 0.822866 0.516908 0.821256 0.518519 0.819646 0.518519 0.816425 0.520129 0.814815
1 0.531401 0.713366 0.531401 0.716586 0.533011 0.716586 0.533011 0.714976
0 0.526570 0.637681 0.526570 0.640902 0.524960 0.642512 0.524960 0.644122 0.523349 0.645733 0.523349 0.648953 0.521739 0.650564 0.521739 0.653784 0.520129 0.655395 0.520129 0.658615 0.518519 0.660225 0.518519 0.661836 0.516908 0.663446 0.516908 0.666667 0.515298 0.668277 0.515298 0.671498 0.513688 0.673108 0.513688 0.676329 0.512077 0.677939 0.513688 0.677939 0.534622 0.698873 0.536232 0.697262 0.536232 0.694042 0.537842 0.692432 0.537842 0.690821 0.541063 0.687601 0.542673 0.687601 0.545894 0.690821 0.545894 0.695652 0.544283 0.697262 0.544283 0.698873 0.545894 0.700483 0.573269 0.700483 0.573269 0.698873 0.574879 0.697262 0.574879 0.694042 0.576490 0.692432 0.576490 0.690821 0.578100 0.689211 0.578100 0.685990 0.579710 0.684380 0.579710 0.681159 0.581320 0.679549 0.581320 0.676329 0.582931 0.674718 0.582931 0.671498 0.584541 0.669887 0.584541 0.666667 0.586151 0.665056 0.586151 0.660225 0.563607 0.637681
1 0.542673 0.689211 0.541063 0.689211 0.539452 0.690821 0.539452 0.692432 0.537842 0.694042 0.537842 0.697262 0.536232 0.698873 0.536232 0.702093 0.534622 0.703704 0.534622 0.706924 0.533011 0.708535 0.533011 0.713366 0.534622 0.714976 0.534622 0.716586 0.533011 0.718196 0.536232 0.718196 0.536232 0.714976 0.537842 0.713366 0.537842 0.710145 0.539452 0.708535 0.539452 0.705314 0.541063 0.703704 0.541063 0.700483 0.542673 0.698873 0.542673 0.697262 0.544283 0.695652 0.544283 0.690821
