0 0.700195 0.375000 0.698242 0.375000 0.697266 0.375977 0.694336 0.375977 0.693359 0.376953 0.689453 0.376953 0.688477 0.377930 0.684570 0.377930 0.683594 0.378906 0.680664 0.378906 0.679688 0.379883 0.676758 0.379883 0.675781 0.380859 0.671875 0.380859 0.670898 0.381836 0.667969 0.381836 0.666992 0.382812 0.664062 0.382812 0.663086 0.383789 0.663086 0.387695 0.664062 0.388672 0.664062 0.392578 0.665039 0.393555 0.665039 0.397461 0.666016 0.398438 0.666016 0.401367 0.666992 0.402344 0.666992 0.406250 0.667969 0.407227 0.667969 0.409180 0.671875 0.409180 0.672852 0.408203 0.677734 0.408203 0.678711 0.407227 0.683594 0.407227 0.684570 0.406250 0.687500 0.406250 0.688477 0.405273 0.691406 0.405273 0.692383 0.404297 0.695312 0.404297 0.696289 0.403320 0.699219 0.403320 0.700195 0.402344 0.703125 0.402344 0.704102 0.401367 0.706055 0.401367 0.705078 0.400391 0.705078 0.396484 0.704102 0.395508 0.704102 0.391602 0.703125 0.390625 0.702148 0.390625 0.701172 0.391602 0.696289 0.391602 0.695312 0.392578 0.692383 0.392578 0.690430 0.390625 0.690430 0.389648 0.691406 0.388672 0.695312 0.388672 0.696289 0.387695 0.701172 0.387695 0.702148 0.386719 0.702148 0.382812 0.701172 0.381836 0.701172 0.377930 0.700195 0.376953
1 0.705078 0.387695 0.702148 0.387695 0.701172 0.388672 0.696289 0.388672 0.695312 0.389648 0.691406 0.389648 0.691406 0.390625 0.692383 0.391602 0.695312 0.391602 0.696289 0.390625 0.701172 0.390625 0.702148 0.389648 0.705078 0.389648
0 0.393555 0.408203 0.392578 0.408203 0.391602 0.409180 0.390625 0.409180 0.389648 0.410156 0.388672 0.410156 0.387695 0.411133 0.386719 0.411133 0.384766 0.413086 0.383789 0.413086 0.382812 0.414062 0.381836 0.414062 0.380859 0.415039 0.379883 0.415039 0.378906 0.416016 0.377930 0.416016 0.376953 0.416992 0.375977 0.416992 0.375000 0.417969 0.374023 0.417969 0.373047 0.418945 0.373047 0.419922 0.372070 0.420898 0.372070 0.429688 0.374023 0.431641 0.374023 0.432617 0.375977 0.434570 0.375977 0.435547 0.377930 0.437500 0.377930 0.438477 0.379883 0.440430 0.379883 0.441406 0.381836 0.443359 0.381836 0.444336 0.383789 0.446289 0.383789 0.447266 0.385742 0.447266 0.386719 0.446289 0.387695 0.446289 0.389648 0.444336 0.390625 0.444336 0.391602 0.443359 0.392578 0.443359 0.393555 0.442383 0.394531 0.442383 0.395508 0.441406 0.396484 0.441406 0.397461 0.440430 0.398438 0.440430 0.400391 0.438477 0.401367 0.438477 0.402344 0.437500 0.403320 0.437500 0.404297 0.436523 0.404297 0.435547 0.405273 0.434570 0.405273 0.429688 0.406250 0.428711 0.406250 0.426758 0.404297 0.424805 0.404297 0.423828 0.402344 0.421875 0.402344 0.420898 0.400391 0.418945 0.400391 0.417969 0.398438 0.416016 0.398438 0.415039 0.395508 0.412109 0.395508 0.411133 0.393555 0.409180
1 0.373047 0.405273 0.373047 0.407227 0.375000 0.409180 0.375000 0.410156 0.376953 0.412109 0.376953 0.413086 0.378906 0.415039 0.379883 0.414062 0.380859 0.414062 0.379883 0.413086 0.379883 0.412109 0.377930 0.410156 0.377930 0.409180 0.375000 0.406250 0.375000 0.405273
0 0.665039 0.623047 0.665039 0.624023 0.664062 0.625000 0.664062 0.625977 0.663086 0.626953 0.663086 0.627930 0.661133 0.629883 0.661133 0.630859 0.660156 0.631836 0.660156 0.632812 0.659180 0.633789 0.659180 0.634766 0.658203 0.635742 0.658203 0.637695 0.659180 0.638672 0.659180 0.656250 0.660156 0.657227 0.660156 0.664062 0.667969 0.664062 0.668945 0.665039 0.680664 0.665039 0.681641 0.666016 0.690430 0.666016 0.691406 0.665039 0.691406 0.664062 0.693359 0.662109 0.693359 0.661133 0.694336 0.660156 0.694336 0.659180 0.696289 0.657227 0.696289 0.656250 0.698242 0.654297 0.698242 0.652344 0.697266 0.651367 0.697266 0.639648 0.696289 0.638672 0.696289 0.627930 0.695312 0.626953 0.695312 0.625000 0.684570 0.625000 0.683594 0.624023 0.671875 0.624023 0.670898 0.623047
1 0.674805 0.611328 0.673828 0.612305 0.673828 0.613281 0.674805 0.614258 0.674805 0.623047 0.677734 0.623047 0.677734 0.616211 0.676758 0.615234 0.676758 0.611328
0 0.384766 0.357422 0.382812 0.359375 0.382812 0.360352 0.379883 0.363281 0.379883 0.364258 0.377930 0.366211 0.377930 0.367188 0.375000 0.370117 0.375000 0.371094 0.372070 0.374023 0.372070 0.375000 0.371094 0.375977 0.371094 0.377930 0.372070 0.378906 0.372070 0.379883 0.373047 0.380859 0.373047 0.381836 0.374023 0.382812 0.374023 0.383789 0.375000 0.384766 0.375000 0.385742 0.375977 0.386719 0.375977 0.387695 0.376953 0.388672 0.376953 0.389648 0.377930 0.390625 0.377930 0.391602 0.378906 0.392578 0.378906 0.393555 0.379883 0.394531 0.379883 0.395508 0.380859 0.396484 0.380859 0.397461 0.385742 0.397461 0.386719 0.398438 0.392578 0.398438 0.393555 0.399414 0.399414 0.399414 0.400391 0.400391 0.403320 0.400391 0.405273 0.398438 0.405273 0.397461 0.407227 0.395508 0.407227 0.394531 0.409180 0.392578 0.409180 0.391602 0.412109 0.388672 0.412109 0.387695 0.414062 0.385742 0.414062 0.384766 0.416016 0.382812 0.416016 0.381836 0.416992 0.380859 0.416016 0.379883 0.416016 0.378906 0.415039 0.377930 0.415039 0.376953 0.414062 0.375977 0.414062 0.375000 0.413086 0.374023 0.413086 0.373047 0.412109 0.372070 0.412109 0.370117 0.411133 0.369141 0.411133 0.368164 0.410156 0.367188 0.410156 0.366211 0.409180 0.365234 0.409180 0.364258 0.408203 0.363281 0.408203 0.361328 0.407227 0.360352 0.403320 0.360352 0.402344 0.359375 0.394531 0.359375 0.393555 0.358398 0.385742 0.358398
1 0.423828 0.603516 0.422852 0.604492 0.421875 0.604492 0.420898 0.605469 0.419922 0.604492 0.419922 0.605469 0.418945 0.606445 0.417969 0.606445 0.417969 0.608398 0.418945 0.609375 0.418945 0.610352 0.419922 0.610352 0.420898 0.609375 0.422852 0.609375 0.424805 0.607422 0.424805 0.605469 0.423828 0.604492
1 0.430664 0.596680 0.428711 0.598633 0.430664 0.600586
1 0.410156 0.356445 0.408203 0.356445 0.406250 0.358398 0.406250 0.359375 0.407227 0.359375 0.408203 0.360352 0.409180 0.360352 0.410156 0.359375 0.410156 0.358398 0.411133 0.357422
0 0.396484 0.587891 0.394531 0.589844 0.393555 0.589844 0.391602 0.591797 0.390625 0.591797 0.387695 0.594727 0.386719 0.594727 0.383789 0.597656 0.382812 0.597656 0.380859 0.599609 0.379883 0.599609 0.376953 0.602539 0.375977 0.602539 0.374023 0.604492 0.373047 0.604492 0.370117 0.607422 0.369141 0.607422 0.366211 0.610352 0.365234 0.610352 0.363281 0.612305 0.362305 0.612305 0.359375 0.615234 0.358398 0.615234 0.356445 0.617188 0.356445 0.619141 0.357422 0.620117 0.357422 0.621094 0.358398 0.622070 0.358398 0.623047 0.359375 0.624023 0.359375 0.625000 0.360352 0.625977 0.360352 0.626953 0.361328 0.627930 0.361328 0.628906 0.362305 0.629883 0.362305 0.630859 0.365234 0.633789 0.365234 0.634766 0.368164 0.637695 0.368164 0.638672 0.371094 0.641602 0.371094 0.642578 0.374023 0.645508 0.374023 0.646484 0.376953 0.649414 0.376953 0.650391 0.379883 0.653320 0.379883 0.654297 0.381836 0.656250 0.381836 0.657227 0.384766 0.660156 0.384766 0.661133 0.387695 0.664062 0.387695 0.665039 0.389648 0.666992 0.390625 0.666016 0.391602 0.666016 0.394531 0.663086 0.395508 0.663086 0.398438 0.660156 0.399414 0.660156 0.402344 0.657227 0.403320 0.657227 0.406250 0.654297 0.407227 0.654297 0.410156 0.651367 0.411133 0.651367 0.414062 0.648438 0.415039 0.648438 0.417969 0.645508 0.418945 0.645508 0.421875 0.642578 0.422852 0.642578 0.425781 0.639648 0.426758 0.639648 0.428711 0.637695 0.428711 0.636719 0.427734 0.635742 0.427734 0.631836 0.426758 0.630859 0.426758 0.626953 0.425781 0.625977 0.425781 0.625000 0.422852 0.622070 0.422852 0.621094 0.419922 0.618164 0.419922 0.617188 0.416016 0.613281 0.416016 0.612305 0.413086 0.609375 0.413086 0.608398 0.410156 0.605469 0.410156 0.604492 0.406250 0.600586 0.406250 0.599609 0.403320 0.596680 0.403320 0.595703 0.400391 0.592773 0.400391 0.591797
1 0.414062 0.609375 0.416992 0.612305 0.416992 0.613281 0.417969 0.613281 0.420898 0.610352 0.421875 0.610352 0.420898 0.610352 0.419922 0.611328 0.418945 0.611328 0.417969 0.610352 0.417969 0.609375 0.416992 0.608398 0.416992 0.607422 0.416016 0.607422
1 0.440430 0.594727 0.438477 0.592773 0.438477 0.591797 0.437500 0.591797 0.435547 0.593750 0.434570 0.593750 0.431641 0.596680 0.431641 0.600586 0.430664 0.601562 0.428711 0.599609 0.426758 0.599609 0.423828 0.602539 0.422852 0.602539 0.420898 0.604492 0.421875 0.603516 0.422852 0.603516 0.423828 0.602539 0.424805 0.603516 0.424805 0.604492 0.425781 0.605469 0.425781 0.607422 0.428711 0.604492 0.429688 0.604492 0.429688 0.603516 0.431641 0.601562 0.432617 0.602539 0.435547 0.599609 0.436523 0.599609 0.439453 0.596680 0.440430 0.596680
