0 0.613281 0.253906 0.595703 0.253906 0.594727 0.254883 0.593750 0.254883 0.592773 0.255859 0.590820 0.255859 0.589844 0.256836 0.588867 0.256836 0.587891 0.257812 0.586914 0.257812 0.585938 0.258789 0.584961 0.258789 0.583984 0.259766 0.583008 0.259766 0.582031 0.260742 0.581055 0.260742 0.580078 0.261719 0.578125 0.261719 0.577148 0.262695 0.576172 0.262695 0.575195 0.263672 0.574219 0.263672 0.573242 0.264648 0.573242 0.267578 0.574219 0.268555 0.574219 0.270508 0.575195 0.271484 0.575195 0.274414 0.576172 0.275391 0.576172 0.277344 0.577148 0.278320 0.577148 0.281250 0.578125 0.282227 0.578125 0.284180 0.579102 0.285156 0.579102 0.288086 0.580078 0.289062 0.580078 0.291016 0.581055 0.291992 0.581055 0.292969 0.586914 0.292969 0.587891 0.293945 0.598633 0.293945 0.599609 0.292969 0.600586 0.292969 0.601562 0.291992 0.602539 0.291992 0.603516 0.291016 0.604492 0.291016 0.605469 0.290039 0.606445 0.290039 0.607422 0.289062 0.608398 0.289062 0.609375 0.288086 0.610352 0.288086 0.611328 0.287109 0.612305 0.287109 0.613281 0.286133 0.614258 0.286133 0.615234 0.285156 0.617188 0.285156 0.618164 0.284180 0.619141 0.284180 0.620117 0.283203 0.621094 0.283203 0.621094 0.280273 0.620117 0.279297 0.620117 0.277344 0.619141 0.276367 0.619141 0.275391 0.618164 0.276367 0.605469 0.276367 0.604492 0.275391 0.604492 0.274414 0.603516 0.273438 0.605469 0.271484 0.618164 0.271484 0.618164 0.269531 0.617188 0.268555 0.617188 0.265625 0.616211 0.264648 0.616211 0.261719 0.615234 0.260742 0.615234 0.258789 0.614258 0.257812 0.614258 0.254883
1 0.604492 0.273438 0.605469 0.274414 0.605469 0.275391 0.618164 0.275391 0.619141 0.274414 0.618164 0.273438 0.618164 0.272461 0.605469 0.272461
0 0.290039 0.316406 0.289062 0.316406 0.289062 0.317383 0.288086 0.318359 0.288086 0.319336 0.287109 0.320312 0.287109 0.321289 0.286133 0.322266 0.286133 0.324219 0.285156 0.325195 0.285156 0.326172 0.284180 0.327148 0.282227 0.327148 0.281250 0.326172 0.276367 0.326172 0.275391 0.325195 0.270508 0.325195 0.269531 0.324219 0.264648 0.324219 0.263672 0.323242 0.259766 0.323242 0.259766 0.325195 0.260742 0.326172 0.260742 0.327148 0.261719 0.328125 0.261719 0.329102 0.268555 0.335938 0.268555 0.336914 0.274414 0.342773 0.274414 0.343750 0.278320 0.347656 0.279297 0.347656 0.282227 0.344727 0.283203 0.344727 0.287109 0.340820 0.288086 0.340820 0.291992 0.336914 0.292969 0.336914 0.296875 0.333008 0.297852 0.333008 0.298828 0.332031 0.298828 0.329102 0.297852 0.328125 0.297852 0.325195 0.292969 0.320312 0.292969 0.319336
0 0.619141 0.543945 0.616211 0.543945 0.615234 0.544922 0.595703 0.544922 0.594727 0.545898 0.587891 0.545898 0.585938 0.547852 0.585938 0.548828 0.583008 0.551758 0.583008 0.555664 0.583984 0.556641 0.583984 0.566406 0.584961 0.567383 0.584961 0.577148 0.585938 0.578125 0.585938 0.582031 0.599609 0.582031 0.600586 0.581055 0.616211 0.581055 0.622070 0.575195 0.622070 0.570312 0.621094 0.569336 0.621094 0.560547 0.620117 0.559570 0.620117 0.551758 0.619141 0.550781
1 0.597656 0.527344 0.597656 0.535156 0.598633 0.536133 0.598633 0.543945 0.601562 0.543945 0.601562 0.537109 0.600586 0.536133 0.600586 0.527344
0 0.253906 0.277344 0.252930 0.278320 0.252930 0.280273 0.251953 0.281250 0.251953 0.282227 0.250977 0.283203 0.250977 0.284180 0.250000 0.285156 0.250000 0.286133 0.249023 0.287109 0.249023 0.288086 0.248047 0.289062 0.248047 0.290039 0.247070 0.291016 0.247070 0.292969 0.246094 0.293945 0.246094 0.294922 0.245117 0.295898 0.245117 0.296875 0.244141 0.297852 0.244141 0.298828 0.243164 0.299805 0.243164 0.300781 0.242188 0.301758 0.242188 0.303711 0.241211 0.304688 0.258789 0.322266 0.263672 0.322266 0.264648 0.323242 0.269531 0.323242 0.270508 0.324219 0.275391 0.324219 0.276367 0.325195 0.281250 0.325195 0.282227 0.326172 0.284180 0.326172 0.284180 0.325195 0.285156 0.324219 0.285156 0.322266 0.286133 0.321289 0.286133 0.320312 0.287109 0.319336 0.287109 0.318359 0.288086 0.317383 0.288086 0.316406 0.289062 0.315430 0.289062 0.313477 0.290039 0.312500 0.290039 0.311523 0.291016 0.310547 0.291016 0.309570 0.291992 0.308594 0.291992 0.307617 0.292969 0.306641 0.292969 0.304688 0.293945 0.303711 0.293945 0.302734 0.294922 0.301758 0.294922 0.300781 0.295898 0.299805 0.295898 0.298828 0.290039 0.292969 0.290039 0.291992 0.283203 0.285156 0.283203 0.284180 0.280273 0.281250 0.278320 0.281250 0.277344 0.280273 0.271484 0.280273 0.270508 0.279297 0.264648 0.279297 0.263672 0.278320 0.257812 0.278320 0.256836 0.277344
1 0.327148 0.674805 0.325195 0.674805 0.324219 0.675781 0.325195 0.676758 0.325195 0.677734 0.324219 0.678711 0.323242 0.677734 0.323242 0.678711 0.322266 0.679688 0.321289 0.679688 0.321289 0.681641 0.327148 0.675781
1 0.283203 0.269531 0.281250 0.269531 0.281250 0.270508 0.280273 0.271484 0.280273 0.272461 0.279297 0.273438 0.279297 0.274414 0.278320 0.275391 0.278320 0.276367 0.277344 0.277344 0.277344 0.279297 0.278320 0.280273 0.281250 0.280273 0.281250 0.278320 0.282227 0.277344 0.282227 0.276367 0.283203 0.275391 0.283203 0.274414 0.284180 0.273438 0.284180 0.272461 0.285156 0.271484
0 0.291992 0.673828 0.291016 0.673828 0.289062 0.675781 0.288086 0.675781 0.286133 0.677734 0.285156 0.677734 0.283203 0.679688 0.282227 0.679688 0.258789 0.703125 0.257812 0.703125 0.243164 0.717773 0.243164 0.718750 0.276367 0.751953 0.276367 0.752930 0.279297 0.755859 0.280273 0.755859 0.322266 0.713867 0.322266 0.712891 0.326172 0.708984 0.310547 0.693359 0.306641 0.697266 0.305664 0.697266 0.301758 0.693359 0.305664 0.689453 0.305664 0.688477 0.302734 0.685547 0.302734 0.684570
1 0.329102 0.668945 0.328125 0.668945 0.318359 0.678711 0.317383 0.678711 0.302734 0.693359 0.305664 0.696289 0.306641 0.696289 0.320312 0.682617 0.320312 0.679688 0.321289 0.678711 0.322266 0.678711 0.322266 0.677734 0.323242 0.676758 0.324219 0.677734 0.324219 0.676758 0.323242 0.675781 0.325195 0.673828 0.327148 0.673828 0.328125 0.674805 0.331055 0.671875 0.331055 0.670898
