0 0.374143 0.560235 0.371205 0.563173 0.370225 0.563173 0.365328 0.568071 0.364349 0.568071 0.359452 0.572968 0.358472 0.572968 0.355534 0.575906 0.356513 0.576885 0.356513 0.581783 0.357493 0.582762 0.357493 0.587659 0.364349 0.594515 0.365328 0.594515 0.374143 0.603330 0.376102 0.603330 0.380999 0.598433 0.381978 0.598433 0.388834 0.591577 0.389814 0.591577 0.393732 0.587659 0.393732 0.583741 0.392752 0.582762 0.392752 0.574927 0.391773 0.574927 0.384917 0.568071 0.383937 0.568071 0.377081 0.561214 0.376102 0.561214 0.375122 0.560235
1 0.373164 0.565132 0.371205 0.567091 0.372184 0.568071 0.372184 0.573947 0.373164 0.574927 0.373164 0.575906 0.375122 0.575906 0.375122 0.569050 0.374143 0.568071 0.374143 0.566112
0 0.397649 0.505387 0.396670 0.506366 0.395690 0.506366 0.388834 0.513222 0.387855 0.513222 0.381978 0.519099 0.380999 0.519099 0.380999 0.520078 0.381978 0.521058 0.381978 0.522037 0.382958 0.523017 0.382958 0.524976 0.383937 0.525955 0.383937 0.526934 0.384917 0.527914 0.384917 0.528893 0.385896 0.529873 0.385896 0.531832 0.386876 0.532811 0.386876 0.533790 0.387855 0.534770 0.387855 0.536729 0.388834 0.537708 0.388834 0.538688 0.389814 0.539667 0.389814 0.540646 0.390793 0.541626 0.409403 0.541626 0.413320 0.537708 0.414300 0.537708 0.418217 0.533790 0.419197 0.533790 0.424094 0.528893 0.425073 0.528893 0.425073 0.527914 0.424094 0.526934 0.424094 0.525955 0.423115 0.524976 0.423115 0.523996 0.422135 0.523017 0.422135 0.521058 0.421156 0.520078 0.421156 0.519099 0.420176 0.518119 0.420176 0.517140 0.419197 0.516161 0.419197 0.515181 0.418217 0.514202 0.418217 0.512243 0.417238 0.511263 0.417238 0.510284 0.416259 0.509305 0.416259 0.508325 0.415279 0.507346 0.415279 0.506366 0.402547 0.506366 0.401567 0.505387
0 0.250735 0.350637 0.249755 0.350637 0.248776 0.351616 0.247796 0.351616 0.246817 0.352595 0.244858 0.352595 0.243879 0.353575 0.242899 0.353575 0.241920 0.354554 0.240940 0.354554 0.239961 0.355534 0.238981 0.355534 0.238002 0.356513 0.236043 0.356513 0.235064 0.357493 0.234084 0.357493 0.233105 0.358472 0.232125 0.358472 0.231146 0.359452 0.230167 0.359452 0.229187 0.360431 0.228208 0.360431 0.226249 0.362390 0.225269 0.362390 0.222331 0.365328 0.221352 0.365328 0.221352 0.367287 0.223310 0.369246 0.223310 0.370225 0.224290 0.371205 0.224290 0.372184 0.225269 0.373164 0.225269 0.374143 0.226249 0.375122 0.226249 0.376102 0.228208 0.378061 0.228208 0.379040 0.229187 0.380020 0.229187 0.380999 0.230167 0.381978 0.230167 0.382958 0.231146 0.383937 0.231146 0.384917 0.233105 0.386876 0.233105 0.387855 0.234084 0.386876 0.236043 0.386876 0.237023 0.385896 0.238002 0.385896 0.238981 0.384917 0.239961 0.384917 0.240940 0.383937 0.241920 0.383937 0.242899 0.382958 0.243879 0.382958 0.244858 0.381978 0.245837 0.381978 0.246817 0.380999 0.248776 0.380999 0.249755 0.380020 0.250735 0.380020 0.251714 0.379040 0.252693 0.379040 0.253673 0.378061 0.254652 0.378061 0.256611 0.376102 0.257591 0.376102 0.259549 0.374143 0.260529 0.374143 0.261508 0.373164 0.262488 0.373164 0.262488 0.372184 0.261508 0.371205 0.261508 0.370225 0.260529 0.369246 0.260529 0.368266 0.258570 0.366308 0.258570 0.365328 0.257591 0.364349 0.257591 0.363369 0.256611 0.362390 0.256611 0.361410 0.255632 0.360431 0.255632 0.359452 0.253673 0.357493 0.253673 0.356513 0.252693 0.355534 0.252693 0.354554 0.251714 0.353575 0.251714 0.352595 0.250735 0.351616
1 0.266405 0.358472 0.265426 0.357493 0.264447 0.358472 0.262488 0.358472 0.261508 0.359452 0.260529 0.359452 0.259549 0.360431 0.258570 0.360431 0.257591 0.361410 0.257591 0.362390 0.259549 0.362390 0.260529 0.361410 0.262488 0.361410 0.263467 0.360431 0.264447 0.360431 0.265426 0.359452 0.266405 0.359452
0 0.508325 0.612145 0.506366 0.612145 0.506366 0.613124 0.507346 0.614104 0.508325 0.613124
0 0.506366 0.606268 0.506366 0.607248 0.508325 0.607248 0.508325 0.606268
0 0.502449 0.605289 0.503428 0.606268 0.502449 0.607248 0.504407 0.609207 0.503428 0.608227 0.504407 0.607248 0.504407 0.606268 0.503428 0.606268
0 0.512243 0.599412 0.510284 0.599412 0.510284 0.600392 0.511263 0.601371 0.512243 0.600392
0 0.522037 0.541626 0.520078 0.541626 0.519099 0.542605 0.518119 0.542605 0.517140 0.543585 0.516161 0.543585 0.515181 0.544564 0.514202 0.544564 0.513222 0.545544 0.512243 0.545544 0.511263 0.546523 0.510284 0.546523 0.508325 0.548482 0.507346 0.548482 0.506366 0.549461 0.505387 0.549461 0.504407 0.550441 0.503428 0.550441 0.502449 0.551420 0.501469 0.551420 0.499510 0.553379 0.498531 0.553379 0.498531 0.554358 0.499510 0.555338 0.499510 0.557297 0.500490 0.558276 0.500490 0.561214 0.501469 0.562194 0.501469 0.564153 0.502449 0.565132 0.502449 0.567091 0.503428 0.568071 0.503428 0.570029 0.504407 0.571009 0.504407 0.572968 0.505387 0.573947 0.505387 0.576885 0.506366 0.577865 0.507346 0.577865 0.508325 0.578844 0.509305 0.578844 0.510284 0.579824 0.511263 0.579824 0.512243 0.580803 0.513222 0.580803 0.514202 0.581783 0.516161 0.581783 0.517140 0.582762 0.518119 0.582762 0.519099 0.583741 0.520078 0.583741 0.521058 0.584721 0.522037 0.583741 0.523017 0.583741 0.523996 0.582762 0.524976 0.582762 0.526934 0.580803 0.527914 0.580803 0.528893 0.579824 0.529873 0.579824 0.530852 0.578844 0.531832 0.578844 0.533790 0.576885 0.534770 0.576885 0.535749 0.575906 0.536729 0.575906 0.537708 0.574927 0.538688 0.574927 0.540646 0.572968 0.541626 0.572968 0.542605 0.571988 0.543585 0.571988 0.543585 0.571009 0.542605 0.570029 0.542605 0.568071 0.541626 0.567091 0.541626 0.564153 0.540646 0.563173 0.540646 0.561214 0.539667 0.560235 0.539667 0.557297 0.538688 0.556317 0.538688 0.554358 0.537708 0.553379 0.537708 0.551420 0.536729 0.550441 0.536729 0.547502 0.535749 0.546523 0.533790 0.546523 0.532811 0.545544 0.530852 0.545544 0.529873 0.544564 0.528893 0.544564 0.527914 0.543585 0.525955 0.543585 0.524976 0.542605 0.523017 0.542605
1 0.547502 0.547502 0.544564 0.547502 0.543585 0.548482 0.542605 0.548482 0.541626 0.549461 0.540646 0.549461 0.538688 0.551420 0.538688 0.553379 0.540646 0.553379 0.541626 0.552400 0.542605 0.552400 0.543585 0.551420 0.544564 0.551420 0.545544 0.550441 0.546523 0.550441 0.547502 0.549461
0 0.513222 0.589618 0.509305 0.589618 0.508325 0.590597 0.507346 0.590597 0.505387 0.592556 0.504407 0.592556 0.501469 0.595495 0.500490 0.595495 0.498531 0.597453 0.497551 0.597453 0.495593 0.599412 0.494613 0.599412 0.494613 0.601371 0.496572 0.603330 0.496572 0.604310 0.497551 0.605289 0.497551 0.606268 0.499510 0.608227 0.499510 0.609207 0.501469 0.611166 0.501469 0.612145 0.503428 0.614104 0.503428 0.615083 0.505387 0.617042 0.507346 0.617042 0.508325 0.618022 0.509305 0.617042 0.510284 0.618022 0.512243 0.616063 0.513222 0.616063 0.516161 0.613124 0.517140 0.613124 0.519099 0.611166 0.520078 0.611166 0.523017 0.608227 0.523996 0.608227 0.524976 0.607248 0.524976 0.605289 0.523017 0.603330 0.523017 0.602351 0.522037 0.601371 0.522037 0.600392 0.520078 0.598433 0.520078 0.597453 0.518119 0.595495 0.518119 0.594515 0.515181 0.591577 0.515181 0.590597 0.514202 0.590597
0 0.495593 0.621939 0.493634 0.621939 0.492654 0.622919 0.491675 0.622919 0.489716 0.624878 0.488737 0.624878 0.487757 0.625857 0.486778 0.625857 0.484819 0.627816 0.483839 0.627816 0.482860 0.628795 0.481881 0.628795 0.479922 0.630754 0.478942 0.630754 0.477963 0.631734 0.476983 0.631734 0.475024 0.633692 0.474045 0.633692 0.474045 0.635651 0.475024 0.636631 0.475024 0.637610 0.476004 0.638590 0.476004 0.639569 0.476983 0.640548 0.476983 0.641528 0.478942 0.643487 0.478942 0.644466 0.479922 0.645446 0.479922 0.646425 0.480901 0.647405 0.480901 0.648384 0.481881 0.649363 0.481881 0.650343 0.482860 0.651322 0.482860 0.652302 0.483839 0.653281 0.483839 0.654261 0.486778 0.657199 0.487757 0.657199 0.488737 0.658178 0.489716 0.658178 0.490695 0.659158 0.491675 0.659158 0.493634 0.657199 0.494613 0.657199 0.495593 0.656219 0.496572 0.656219 0.498531 0.654261 0.499510 0.654261 0.500490 0.653281 0.501469 0.653281 0.502449 0.652302 0.503428 0.652302 0.505387 0.650343 0.506366 0.650343 0.507346 0.649363 0.508325 0.649363 0.510284 0.647405 0.511263 0.647405 0.511263 0.645446 0.510284 0.644466 0.510284 0.643487 0.509305 0.642507 0.509305 0.641528 0.508325 0.640548 0.508325 0.639569 0.506366 0.637610 0.506366 0.636631 0.505387 0.635651 0.505387 0.634672 0.504407 0.633692 0.504407 0.632713 0.503428 0.631734 0.503428 0.630754 0.502449 0.629775 0.502449 0.628795 0.500490 0.626836 0.500490 0.625857 0.499510 0.624878 0.498531 0.624878
1 0.484819 0.634672 0.484819 0.636631 0.486778 0.638590 0.487757 0.638590 0.488737 0.639569 0.489716 0.639569 0.490695 0.638590 0.488737 0.636631 0.487757 0.636631 0.485798 0.634672
0 0.429971 0.380999 0.428012 0.382958 0.427032 0.382958 0.425073 0.384917 0.424094 0.384917 0.422135 0.386876 0.421156 0.386876 0.420176 0.387855 0.419197 0.387855 0.417238 0.389814 0.416259 0.389814 0.414300 0.391773 0.413320 0.391773 0.409403 0.395690 0.411361 0.397649 0.411361 0.398629 0.413320 0.400588 0.413320 0.401567 0.415279 0.403526 0.415279 0.404505 0.417238 0.406464 0.417238 0.407444 0.419197 0.409403 0.419197 0.410382 0.421156 0.412341 0.421156 0.413320 0.422135 0.414300 0.423115 0.413320 0.424094 0.413320 0.425073 0.412341 0.426053 0.412341 0.428012 0.410382 0.428991 0.410382 0.430950 0.408423 0.431929 0.408423 0.433888 0.406464 0.434868 0.406464 0.436827 0.404505 0.437806 0.404505 0.439765 0.402547 0.440744 0.402547 0.442703 0.400588 0.442703 0.399608 0.440744 0.397649 0.440744 0.396670 0.438786 0.394711 0.438786 0.393732 0.437806 0.392752 0.437806 0.391773 0.435847 0.389814 0.435847 0.388834 0.433888 0.386876 0.433888 0.385896 0.431929 0.383937 0.431929 0.382958
1 0.448580 0.382958 0.447600 0.382958 0.446621 0.383937 0.445642 0.383937 0.443683 0.385896 0.442703 0.385896 0.440744 0.387855 0.439765 0.387855 0.437806 0.389814 0.436827 0.389814 0.437806 0.390793 0.438786 0.390793 0.439765 0.389814 0.440744 0.389814 0.442703 0.387855 0.443683 0.387855 0.445642 0.385896 0.446621 0.385896 0.448580 0.383937
