0 0.900327 0.875817 0.892157 0.875817 0.890523 0.877451 0.874183 0.877451 0.872549 0.879085 0.870915 0.879085 0.867647 0.882353 0.866013 0.882353 0.864379 0.883987 0.862745 0.883987 0.859477 0.887255 0.857843 0.887255 0.856209 0.888889 0.854575 0.888889 0.851307 0.892157 0.849673 0.892157 0.848039 0.893791 0.846405 0.893791 0.844771 0.895425 0.843137 0.895425 0.844771 0.897059 0.844771 0.898693 0.846405 0.900327 0.846405 0.903595 0.848039 0.905229 0.848039 0.906863 0.849673 0.908497 0.849673 0.911765 0.851307 0.913399 0.851307 0.915033 0.852941 0.916667 0.852941 0.919935 0.854575 0.921569 0.854575 0.923203 0.856209 0.924837 0.856209 0.928105 0.857843 0.929739 0.857843 0.931373 0.859477 0.933007 0.859477 0.934641 0.885621 0.934641 0.888889 0.931373 0.890523 0.931373 0.893791 0.928105 0.895425 0.928105 0.897059 0.926471 0.898693 0.926471 0.901961 0.923203 0.903595 0.923203 0.906863 0.919935 0.908497 0.919935 0.910131 0.918301 0.911765 0.918301 0.915033 0.915033 0.915033 0.913399 0.913399 0.911765 0.913399 0.908497 0.911765 0.906863 0.906863 0.906863 0.905229 0.908497 0.892157 0.908497 0.890523 0.906863 0.890523 0.903595 0.893791 0.900327 0.910131 0.900327 0.908497 0.898693 0.908497 0.897059 0.906863 0.895425 0.906863 0.892157 0.905229 0.890523 0.905229 0.888889 0.903595 0.887255 0.903595 0.883987 0.901961 0.882353 0.901961 0.880719 0.900327 0.879085
1 0.892157 0.906863 0.905229 0.906863 0.906863 0.905229 0.911765 0.905229 0.913399 0.903595 0.911765 0.901961 0.893791 0.901961 0.892157 0.903595
0 0.879085 0.799020 0.879085 0.800654 0.875817 0.803922 0.875817 0.805556 0.870915 0.810458 0.870915 0.812092 0.867647 0.815359 0.867647 0.816993 0.864379 0.820261 0.864379 0.821895 0.859477 0.826797 0.859477 0.828431 0.857843 0.830065 0.857843 0.831699 0.859477 0.833333 0.859477 0.834967 0.864379 0.839869 0.864379 0.841503 0.869281 0.846405 0.869281 0.848039 0.872549 0.851307 0.872549 0.852941 0.877451 0.857843 0.877451 0.859477 0.880719 0.862745 0.911765 0.862745 0.913399 0.861111 0.913399 0.859477 0.918301 0.854575 0.918301 0.852941 0.921569 0.849673 0.921569 0.848039 0.926471 0.843137 0.926471 0.841503 0.931373 0.836601 0.931373 0.834967 0.934641 0.831699 0.934641 0.830065 0.931373 0.826797 0.931373 0.825163 0.924837 0.818627 0.924837 0.816993 0.919935 0.812092 0.919935 0.810458 0.913399 0.803922 0.913399 0.802288 0.910131 0.799020
1 0.867647 0.792484 0.866013 0.794118 0.866013 0.795752 0.869281 0.799020 0.869281 0.800654 0.874183 0.805556 0.874183 0.803922 0.875817 0.802288 0.875817 0.800654 0.874183 0.799020 0.874183 0.797386 0.869281 0.792484
0 0.602941 0.998366 0.601307 0.996732 0.601307 0.995098 0.599673 0.993464 0.599673 0.991830 0.598039 0.990196 0.596405 0.991830 0.594771 0.991830 0.593137 0.993464 0.591503 0.993464 0.589869 0.995098 0.588235 0.995098 0.586601 0.996732 0.584967 0.996732 0.583333 0.998366 0.581699 0.998366
1 0.545752 0.973856 0.545752 0.977124 0.547386 0.978758 0.547386 0.980392 0.549020 0.982026 0.549020 0.983660 0.550654 0.985294 0.550654 0.986928 0.552288 0.988562 0.552288 0.990196 0.553922 0.991830 0.553922 0.995098 0.555556 0.996732 0.555556 0.998366 0.563725 0.998366 0.562092 0.996732 0.562092 0.995098 0.560458 0.993464 0.560458 0.991830 0.558824 0.990196 0.558824 0.988562 0.557190 0.986928 0.557190 0.983660 0.555556 0.982026 0.555556 0.980392 0.553922 0.978758 0.553922 0.977124 0.552288 0.975490 0.552288 0.973856 0.550654 0.972222 0.549020 0.972222 0.547386 0.973856
0 0.888889 0.766340 0.888889 0.772876 0.890523 0.771242 0.893791 0.771242 0.895425 0.772876 0.893791 0.774510 0.895425 0.772876 0.897059 0.774510 0.898693 0.774510 0.900327 0.776144 0.898693 0.777778 0.900327 0.779412 0.901961 0.779412 0.903595 0.781046 0.906863 0.781046 0.908497 0.782680 0.910131 0.782680 0.911765 0.784314 0.913399 0.784314 0.915033 0.782680 0.916667 0.784314 0.934641 0.784314 0.934641 0.781046 0.933007 0.781046 0.931373 0.779412 0.928105 0.779412 0.926471 0.781046 0.921569 0.781046 0.919935 0.779412 0.919935 0.776144 0.918301 0.777778 0.916667 0.776144 0.916667 0.772876 0.918301 0.771242 0.919935 0.772876 0.924837 0.772876 0.926471 0.771242 0.928105 0.771242 0.929739 0.769608 0.929739 0.764706 0.928105 0.763072 0.919935 0.763072 0.918301 0.761438 0.918301 0.754902 0.919935 0.753268 0.918301 0.754902 0.916667 0.753268 0.916667 0.754902 0.915033 0.756536 0.911765 0.756536 0.910131 0.754902 0.906863 0.754902 0.905229 0.756536 0.901961 0.756536 0.900327 0.758170 0.901961 0.759804 0.903595 0.759804 0.905229 0.761438 0.906863 0.761438 0.911765 0.766340 0.911765 0.767974 0.910131 0.769608 0.905229 0.769608 0.903595 0.767974 0.900327 0.767974 0.898693 0.766340 0.897059 0.766340 0.893791 0.763072 0.892157 0.764706 0.890523 0.764706
0 0.921569 0.748366 0.921569 0.750000 0.924837 0.750000 0.923203 0.748366
0 0.669935 0.653595 0.668301 0.655229 0.660131 0.655229 0.660131 0.691176 0.663399 0.691176 0.665033 0.689542 0.669935 0.689542 0.671569 0.687908 0.673203 0.687908 0.673203 0.678105 0.671569 0.676471 0.671569 0.666667 0.669935 0.665033
1 0.931373 0.764706 0.931373 0.767974 0.933007 0.767974 0.934641 0.769608 0.937908 0.769608 0.939542 0.771242 0.942810 0.771242 0.944444 0.772876 0.946078 0.772876 0.947712 0.774510 0.949346 0.774510 0.950980 0.772876 0.949346 0.771242 0.947712 0.771242 0.946078 0.769608 0.941176 0.769608 0.937908 0.766340 0.933007 0.766340
0 0.918301 0.782680 0.916667 0.782680 0.915033 0.784314 0.916667 0.782680
0 0.888889 0.774510 0.890523 0.774510 0.892157 0.776144 0.893791 0.776144 0.895425 0.777778 0.897059 0.777778 0.898693 0.776144 0.897059 0.776144 0.893791 0.772876 0.890523 0.772876
0 0.916667 0.771242 0.918301 0.772876 0.918301 0.776144 0.919935 0.774510 0.921569 0.776144 0.921569 0.779412 0.926471 0.779412 0.928105 0.777778 0.931373 0.777778 0.933007 0.779412 0.934641 0.779412 0.936275 0.781046 0.936275 0.782680 0.941176 0.782680 0.941176 0.779412 0.942810 0.777778 0.942810 0.774510 0.941176 0.772876 0.939542 0.772876 0.937908 0.771242 0.934641 0.771242 0.933007 0.769608 0.931373 0.769608 0.928105 0.772876 0.926471 0.772876 0.924837 0.774510 0.919935 0.774510
0 0.893791 0.738562 0.893791 0.745098 0.892157 0.746732 0.892157 0.754902 0.890523 0.756536 0.890523 0.763072 0.892157 0.763072 0.893791 0.761438 0.897059 0.764706 0.898693 0.764706 0.900327 0.766340 0.903595 0.766340 0.905229 0.767974 0.910131 0.767974 0.910131 0.766340 0.906863 0.763072 0.905229 0.763072 0.903595 0.761438 0.901961 0.761438 0.898693 0.758170 0.901961 0.754902 0.905229 0.754902 0.906863 0.753268 0.910131 0.753268 0.911765 0.754902 0.915033 0.754902 0.915033 0.753268 0.916667 0.751634 0.919935 0.754902 0.919935 0.761438 0.928105 0.761438 0.929739 0.763072 0.934641 0.763072 0.936275 0.764706 0.939542 0.764706 0.941176 0.766340 0.942810 0.766340 0.944444 0.767974 0.944444 0.759804 0.946078 0.758170 0.946078 0.750000 0.947712 0.748366 0.947712 0.746732 0.946078 0.746732 0.944444 0.745098 0.941176 0.745098 0.939542 0.743464 0.936275 0.743464 0.934641 0.741830 0.931373 0.741830 0.929739 0.740196 0.926471 0.740196 0.924837 0.738562 0.923203 0.738562 0.921569 0.736928 0.908497 0.736928 0.906863 0.738562
0 0.593137 0.648693 0.593137 0.676471 0.594771 0.678105 0.594771 0.696078 0.624183 0.696078 0.625817 0.697712 0.638889 0.697712 0.640523 0.696078 0.643791 0.696078 0.645425 0.694444 0.648693 0.694444 0.650327 0.692810 0.653595 0.692810 0.655229 0.691176 0.658497 0.691176 0.658497 0.653595 0.656863 0.651961 0.656863 0.643791 0.629085 0.643791 0.625817 0.647059 0.622549 0.647059 0.620915 0.645425 0.620915 0.643791 0.609477 0.643791 0.607843 0.645425 0.602941 0.645425 0.601307 0.647059 0.594771 0.647059
1 0.620915 0.612745 0.620915 0.619281 0.622549 0.620915 0.622549 0.645425 0.625817 0.645425 0.627451 0.643791 0.627451 0.617647 0.625817 0.616013 0.625817 0.612745
