0 0.335938 0.516602 0.334961 0.517578 0.333984 0.517578 0.333008 0.518555 0.332031 0.518555 0.331055 0.519531 0.329102 0.519531 0.328125 0.520508 0.327148 0.520508 0.326172 0.521484 0.325195 0.521484 0.324219 0.522461 0.323242 0.522461 0.329102 0.528320 0.329102 0.531250 0.328125 0.532227 0.327148 0.532227 0.319336 0.524414 0.318359 0.524414 0.317383 0.525391 0.316406 0.525391 0.315430 0.526367 0.316406 0.527344 0.316406 0.531250 0.317383 0.532227 0.317383 0.535156 0.318359 0.536133 0.318359 0.540039 0.319336 0.541016 0.319336 0.543945 0.330078 0.554688 0.331055 0.553711 0.332031 0.553711 0.333008 0.552734 0.334961 0.552734 0.335938 0.551758 0.336914 0.551758 0.337891 0.550781 0.338867 0.550781 0.339844 0.549805 0.340820 0.549805 0.341797 0.548828 0.343750 0.548828 0.344727 0.547852 0.345703 0.547852 0.346680 0.546875 0.347656 0.546875 0.348633 0.545898 0.350586 0.545898 0.350586 0.544922 0.349609 0.543945 0.349609 0.541016 0.348633 0.540039 0.348633 0.537109 0.347656 0.536133 0.347656 0.533203 0.346680 0.532227 0.346680 0.529297 0.345703 0.528320 0.345703 0.527344 0.342773 0.524414 0.342773 0.523438
1 0.320312 0.522461 0.320312 0.524414 0.327148 0.531250 0.328125 0.531250 0.328125 0.528320 0.322266 0.522461
0 0.343750 0.476562 0.342773 0.477539 0.342773 0.478516 0.338867 0.482422 0.338867 0.483398 0.337891 0.484375 0.337891 0.490234 0.336914 0.491211 0.336914 0.499023 0.335938 0.500000 0.335938 0.505859 0.336914 0.506836 0.341797 0.506836 0.342773 0.507812 0.346680 0.507812 0.347656 0.508789 0.352539 0.508789 0.353516 0.509766 0.359375 0.509766 0.365234 0.503906 0.365234 0.500000 0.366211 0.499023 0.366211 0.489258 0.367188 0.488281 0.367188 0.480469 0.363281 0.480469 0.362305 0.479492 0.358398 0.479492 0.357422 0.478516 0.352539 0.478516 0.351562 0.477539 0.347656 0.477539 0.346680 0.476562
1 0.367188 0.495117 0.367188 0.497070 0.368164 0.498047 0.372070 0.498047 0.373047 0.499023 0.378906 0.499023 0.378906 0.497070 0.375000 0.497070 0.374023 0.496094 0.369141 0.496094 0.368164 0.495117
0 0.303711 0.305664 0.302734 0.305664 0.301758 0.306641 0.299805 0.306641 0.298828 0.307617 0.295898 0.307617 0.294922 0.308594 0.292969 0.308594 0.291992 0.309570 0.289062 0.309570 0.288086 0.310547 0.286133 0.310547 0.285156 0.311523 0.283203 0.311523 0.283203 0.314453 0.284180 0.315430 0.284180 0.317383 0.285156 0.318359 0.285156 0.320312 0.286133 0.321289 0.286133 0.323242 0.287109 0.324219 0.287109 0.326172 0.288086 0.327148 0.288086 0.329102 0.289062 0.330078 0.289062 0.333008 0.290039 0.333008 0.291992 0.334961 0.293945 0.334961 0.294922 0.333984 0.296875 0.333984 0.297852 0.333008 0.300781 0.333008 0.301758 0.332031 0.303711 0.332031 0.304688 0.331055 0.307617 0.331055 0.308594 0.330078 0.310547 0.330078 0.311523 0.329102 0.312500 0.329102 0.312500 0.327148 0.311523 0.326172 0.311523 0.324219 0.310547 0.323242 0.310547 0.320312 0.308594 0.318359 0.308594 0.317383 0.307617 0.316406 0.308594 0.315430 0.308594 0.314453 0.307617 0.313477 0.307617 0.311523 0.306641 0.310547 0.306641 0.308594
1 0.323242 0.314453 0.322266 0.313477 0.322266 0.312500 0.321289 0.313477 0.318359 0.313477 0.317383 0.314453 0.315430 0.314453 0.314453 0.315430 0.311523 0.315430 0.310547 0.316406 0.308594 0.316406 0.309570 0.317383 0.309570 0.318359 0.310547 0.318359 0.311523 0.317383 0.313477 0.317383 0.314453 0.316406 0.317383 0.316406 0.318359 0.315430 0.320312 0.315430 0.321289 0.314453
0 0.402344 0.543945 0.401367 0.543945 0.400391 0.544922 0.395508 0.544922 0.394531 0.545898 0.390625 0.545898 0.389648 0.546875 0.385742 0.546875 0.384766 0.547852 0.380859 0.547852 0.379883 0.548828 0.376953 0.548828 0.376953 0.549805 0.375977 0.550781 0.375977 0.552734 0.375000 0.553711 0.375000 0.554688 0.374023 0.555664 0.374023 0.556641 0.373047 0.557617 0.373047 0.562500 0.374023 0.563477 0.374023 0.566406 0.375000 0.567383 0.375000 0.569336 0.375977 0.570312 0.375977 0.572266 0.376953 0.573242 0.376953 0.575195 0.377930 0.576172 0.377930 0.579102 0.378906 0.580078 0.378906 0.582031 0.379883 0.583008 0.379883 0.583984 0.382812 0.583984 0.383789 0.583008 0.388672 0.583008 0.389648 0.582031 0.393555 0.582031 0.394531 0.581055 0.398438 0.581055 0.399414 0.580078 0.403320 0.580078 0.404297 0.579102 0.406250 0.579102 0.406250 0.577148 0.407227 0.576172 0.407227 0.574219 0.408203 0.573242 0.408203 0.571289 0.409180 0.570312 0.409180 0.565430 0.408203 0.564453 0.408203 0.563477 0.405273 0.563477 0.404297 0.562500 0.404297 0.561523 0.403320 0.560547 0.405273 0.558594 0.407227 0.558594 0.406250 0.557617 0.406250 0.554688 0.405273 0.553711 0.405273 0.551758 0.404297 0.550781 0.404297 0.547852 0.403320 0.546875 0.403320 0.544922
1 0.422852 0.558594 0.421875 0.557617 0.421875 0.556641 0.419922 0.556641 0.418945 0.557617 0.415039 0.557617 0.414062 0.558594 0.410156 0.558594 0.409180 0.559570 0.405273 0.559570 0.404297 0.560547 0.405273 0.561523 0.405273 0.562500 0.408203 0.562500 0.409180 0.561523 0.413086 0.561523 0.414062 0.560547 0.417969 0.560547 0.418945 0.559570 0.421875 0.559570
0 0.417969 0.617188 0.416992 0.618164 0.416992 0.619141 0.418945 0.619141 0.419922 0.620117 0.420898 0.619141 0.420898 0.618164 0.419922 0.617188
0 0.418945 0.610352 0.417969 0.611328 0.417969 0.613281 0.418945 0.614258 0.419922 0.613281 0.420898 0.613281 0.420898 0.612305 0.419922 0.612305 0.418945 0.611328
0 0.416992 0.606445 0.415039 0.608398 0.414062 0.607422 0.413086 0.607422 0.412109 0.608398 0.409180 0.608398 0.408203 0.609375 0.405273 0.609375 0.404297 0.610352 0.404297 0.614258 0.405273 0.613281 0.406250 0.614258 0.406250 0.615234 0.407227 0.615234 0.406250 0.614258 0.407227 0.613281 0.408203 0.613281 0.408203 0.611328 0.407227 0.610352 0.408203 0.609375 0.413086 0.609375 0.414062 0.608398 0.415039 0.608398
0 0.544922 0.575195 0.543945 0.576172 0.541016 0.576172 0.540039 0.577148 0.538086 0.577148 0.537109 0.578125 0.535156 0.578125 0.534180 0.579102 0.531250 0.579102 0.530273 0.580078 0.528320 0.580078 0.527344 0.581055 0.526367 0.581055 0.524414 0.583008 0.523438 0.583008 0.522461 0.583984 0.522461 0.585938 0.523438 0.586914 0.523438 0.588867 0.524414 0.589844 0.524414 0.591797 0.525391 0.592773 0.525391 0.594727 0.526367 0.595703 0.526367 0.597656 0.527344 0.598633 0.527344 0.600586 0.528320 0.601562 0.528320 0.602539 0.530273 0.602539 0.531250 0.601562 0.534180 0.601562 0.535156 0.600586 0.537109 0.600586 0.538086 0.599609 0.541016 0.599609 0.541992 0.598633 0.543945 0.598633 0.544922 0.597656 0.546875 0.597656 0.549805 0.594727 0.550781 0.594727 0.550781 0.591797 0.549805 0.590820 0.549805 0.588867 0.548828 0.587891 0.548828 0.585938 0.547852 0.584961 0.547852 0.583008 0.546875 0.582031 0.546875 0.580078 0.545898 0.579102 0.545898 0.577148 0.544922 0.576172
1 0.400391 0.616211 0.401367 0.615234 0.402344 0.616211 0.403320 0.616211 0.404297 0.617188 0.405273 0.617188 0.406250 0.616211 0.408203 0.616211 0.406250 0.616211 0.405273 0.615234 0.403320 0.615234 0.402344 0.614258
0 0.437500 0.611328 0.436523 0.610352 0.434570 0.610352 0.433594 0.609375 0.431641 0.609375 0.430664 0.608398 0.428711 0.608398 0.427734 0.607422 0.425781 0.607422 0.424805 0.606445 0.422852 0.606445 0.421875 0.605469 0.420898 0.605469 0.419922 0.606445 0.417969 0.606445 0.416016 0.608398 0.415039 0.607422 0.416016 0.608398 0.415039 0.609375 0.414062 0.609375 0.413086 0.610352 0.408203 0.610352 0.409180 0.611328 0.409180 0.613281 0.408203 0.614258 0.407227 0.614258 0.409180 0.616211 0.411133 0.616211 0.413086 0.618164 0.413086 0.620117 0.412109 0.621094 0.411133 0.621094 0.410156 0.620117 0.407227 0.620117 0.406250 0.619141 0.404297 0.619141 0.404297 0.622070 0.403320 0.623047 0.403320 0.632812 0.405273 0.632812 0.406250 0.633789 0.408203 0.633789 0.409180 0.634766 0.412109 0.634766 0.413086 0.635742 0.415039 0.635742 0.416016 0.636719 0.417969 0.636719 0.418945 0.637695 0.419922 0.637695 0.420898 0.636719 0.423828 0.636719 0.424805 0.635742 0.428711 0.635742 0.429688 0.634766 0.432617 0.634766 0.433594 0.633789 0.436523 0.633789 0.436523 0.620117 0.437500 0.619141
1 0.400391 0.615234 0.401367 0.614258 0.400391 0.615234 0.401367 0.616211 0.401367 0.617188 0.403320 0.617188 0.404297 0.618164 0.406250 0.618164 0.407227 0.619141 0.408203 0.619141 0.409180 0.618164 0.411133 0.620117 0.412109 0.619141 0.412109 0.618164 0.411133 0.617188 0.406250 0.617188 0.405273 0.618164 0.404297 0.618164 0.403320 0.617188 0.404297 0.616211 0.403320 0.617188 0.402344 0.617188
0 0.461914 0.361328 0.452148 0.361328 0.451172 0.362305 0.450195 0.362305 0.449219 0.363281 0.447266 0.363281 0.446289 0.364258 0.445312 0.364258 0.444336 0.365234 0.443359 0.365234 0.442383 0.366211 0.441406 0.366211 0.440430 0.367188 0.438477 0.367188 0.437500 0.368164 0.436523 0.368164 0.435547 0.369141 0.434570 0.369141 0.434570 0.372070 0.435547 0.373047 0.435547 0.375000 0.436523 0.375977 0.436523 0.377930 0.437500 0.378906 0.437500 0.380859 0.438477 0.381836 0.438477 0.383789 0.439453 0.384766 0.439453 0.385742 0.440430 0.386719 0.440430 0.388672 0.441406 0.389648 0.441406 0.390625 0.451172 0.390625 0.452148 0.389648 0.453125 0.389648 0.454102 0.388672 0.456055 0.388672 0.457031 0.387695 0.458008 0.387695 0.458984 0.386719 0.459961 0.386719 0.460938 0.385742 0.462891 0.385742 0.463867 0.384766 0.464844 0.384766 0.465820 0.383789 0.466797 0.383789 0.467773 0.382812 0.469727 0.382812 0.469727 0.381836 0.468750 0.380859 0.468750 0.379883 0.467773 0.378906 0.467773 0.376953 0.466797 0.375977 0.466797 0.374023 0.465820 0.373047 0.465820 0.372070 0.464844 0.372070 0.463867 0.373047 0.461914 0.373047 0.459961 0.371094 0.460938 0.370117 0.461914 0.370117 0.462891 0.369141 0.463867 0.369141 0.464844 0.368164 0.463867 0.367188 0.463867 0.365234 0.462891 0.364258 0.462891 0.363281 0.461914 0.362305
1 0.474609 0.366211 0.473633 0.365234 0.472656 0.366211 0.471680 0.366211 0.469727 0.368164 0.466797 0.368164 0.465820 0.369141 0.464844 0.369141 0.463867 0.370117 0.462891 0.370117 0.461914 0.371094 0.460938 0.371094 0.461914 0.372070 0.463867 0.372070 0.464844 0.371094 0.465820 0.371094 0.466797 0.370117 0.468750 0.370117 0.467773 0.369141 0.468750 0.368164 0.469727 0.368164 0.470703 0.369141 0.471680 0.368164 0.472656 0.368164 0.473633 0.367188 0.474609 0.367188
