0 0.384766 0.451172 0.382812 0.451172 0.381836 0.452148 0.380859 0.452148 0.379883 0.453125 0.377930 0.453125 0.376953 0.454102 0.375977 0.454102 0.375000 0.455078 0.374023 0.455078 0.373047 0.456055 0.371094 0.456055 0.370117 0.457031 0.369141 0.457031 0.368164 0.458008 0.368164 0.466797 0.369141 0.467773 0.369141 0.475586 0.370117 0.475586 0.372070 0.477539 0.373047 0.477539 0.375000 0.479492 0.375977 0.479492 0.376953 0.480469 0.377930 0.480469 0.379883 0.482422 0.380859 0.482422 0.381836 0.483398 0.382812 0.483398 0.383789 0.482422 0.384766 0.482422 0.385742 0.481445 0.386719 0.481445 0.387695 0.480469 0.388672 0.480469 0.389648 0.479492 0.389648 0.476562 0.388672 0.475586 0.388672 0.470703 0.387695 0.469727 0.387695 0.465820 0.386719 0.464844 0.386719 0.460938 0.385742 0.459961 0.385742 0.456055 0.386719 0.455078 0.386719 0.452148 0.385742 0.452148
0 0.413086 0.444336 0.410156 0.444336 0.409180 0.445312 0.402344 0.445312 0.401367 0.446289 0.393555 0.446289 0.392578 0.447266 0.388672 0.447266 0.388672 0.449219 0.387695 0.450195 0.387695 0.455078 0.386719 0.456055 0.386719 0.459961 0.387695 0.460938 0.387695 0.464844 0.388672 0.465820 0.388672 0.469727 0.389648 0.470703 0.389648 0.475586 0.390625 0.476562 0.390625 0.480469 0.393555 0.480469 0.394531 0.479492 0.401367 0.479492 0.402344 0.478516 0.409180 0.478516 0.410156 0.477539 0.415039 0.477539 0.416016 0.476562 0.416016 0.473633 0.416992 0.472656 0.416992 0.469727 0.417969 0.468750 0.417969 0.464844 0.416992 0.463867 0.416992 0.459961 0.416016 0.458984 0.416016 0.455078 0.415039 0.454102 0.415039 0.450195 0.414062 0.449219 0.414062 0.445312
1 0.431641 0.458984 0.430664 0.458008 0.425781 0.458008 0.424805 0.458984 0.417969 0.458984 0.417969 0.461914 0.420898 0.461914 0.421875 0.460938 0.428711 0.460938 0.429688 0.459961 0.431641 0.459961
0 0.490234 0.435547 0.485352 0.440430 0.484375 0.440430 0.480469 0.444336 0.479492 0.444336 0.477539 0.446289 0.477539 0.450195 0.478516 0.451172 0.478516 0.455078 0.479492 0.456055 0.479492 0.458984 0.481445 0.458984 0.484375 0.456055 0.486328 0.458008 0.486328 0.458984 0.483398 0.461914 0.485352 0.463867 0.486328 0.463867 0.488281 0.465820 0.489258 0.465820 0.491211 0.467773 0.492188 0.467773 0.493164 0.468750 0.495117 0.466797 0.496094 0.466797 0.500977 0.461914 0.501953 0.461914 0.506836 0.457031 0.506836 0.456055 0.505859 0.455078 0.505859 0.449219 0.504883 0.448242 0.504883 0.444336 0.503906 0.444336 0.501953 0.442383 0.500977 0.442383 0.499023 0.440430 0.498047 0.440430 0.496094 0.438477 0.495117 0.438477 0.493164 0.436523 0.492188 0.436523 0.491211 0.435547
1 0.485352 0.458008 0.484375 0.457031 0.481445 0.459961 0.480469 0.459961 0.475586 0.464844 0.475586 0.465820 0.477539 0.465820 0.481445 0.461914 0.482422 0.461914 0.485352 0.458984
0 0.449219 0.285156 0.449219 0.289062 0.448242 0.290039 0.448242 0.294922 0.447266 0.295898 0.447266 0.300781 0.446289 0.301758 0.446289 0.306641 0.445312 0.307617 0.445312 0.312500 0.444336 0.313477 0.445312 0.314453 0.445312 0.319336 0.446289 0.320312 0.446289 0.326172 0.447266 0.327148 0.447266 0.330078 0.456055 0.330078 0.457031 0.331055 0.464844 0.331055 0.465820 0.332031 0.474609 0.332031 0.475586 0.333008 0.479492 0.333008 0.479492 0.329102 0.480469 0.328125 0.480469 0.324219 0.481445 0.323242 0.481445 0.318359 0.482422 0.317383 0.482422 0.313477 0.483398 0.312500 0.483398 0.308594 0.484375 0.307617 0.484375 0.300781 0.483398 0.299805 0.483398 0.296875 0.482422 0.295898 0.482422 0.291992 0.481445 0.291016 0.481445 0.288086 0.474609 0.288086 0.473633 0.287109 0.465820 0.287109 0.464844 0.286133 0.457031 0.286133 0.456055 0.285156
0 0.525391 0.283203 0.524414 0.282227 0.523438 0.283203 0.520508 0.283203 0.519531 0.284180 0.515625 0.284180 0.514648 0.285156 0.510742 0.285156 0.509766 0.286133 0.505859 0.286133 0.504883 0.287109 0.500977 0.287109 0.500000 0.288086 0.500000 0.291016 0.500977 0.291992 0.500977 0.295898 0.501953 0.295898 0.502930 0.294922 0.506836 0.294922 0.507812 0.293945 0.511719 0.293945 0.512695 0.292969 0.515625 0.292969 0.517578 0.291016 0.521484 0.291016 0.522461 0.290039 0.525391 0.290039 0.525391 0.285156 0.524414 0.284180
0 0.520508 0.257812 0.515625 0.257812 0.514648 0.258789 0.510742 0.258789 0.509766 0.259766 0.505859 0.259766 0.504883 0.260742 0.501953 0.260742 0.500977 0.261719 0.497070 0.261719 0.496094 0.262695 0.495117 0.262695 0.495117 0.270508 0.496094 0.271484 0.496094 0.275391 0.497070 0.276367 0.497070 0.280273 0.498047 0.281250 0.498047 0.285156 0.499023 0.286133 0.499023 0.289062 0.499023 0.288086 0.500977 0.286133 0.504883 0.286133 0.505859 0.285156 0.509766 0.285156 0.510742 0.284180 0.514648 0.284180 0.515625 0.283203 0.519531 0.283203 0.520508 0.282227 0.523438 0.282227 0.525391 0.284180 0.524414 0.283203 0.525391 0.282227 0.525391 0.280273 0.524414 0.279297 0.524414 0.276367 0.523438 0.275391 0.523438 0.271484 0.522461 0.270508 0.522461 0.266602 0.521484 0.265625 0.521484 0.262695 0.520508 0.261719
1 0.510742 0.381836 0.512695 0.381836 0.513672 0.382812 0.514648 0.381836 0.515625 0.382812 0.515625 0.383789 0.518555 0.383789 0.519531 0.384766 0.521484 0.384766 0.522461 0.383789 0.519531 0.383789 0.518555 0.382812 0.518555 0.381836 0.517578 0.380859 0.518555 0.379883 0.515625 0.379883 0.514648 0.378906 0.512695 0.378906 0.513672 0.379883 0.511719 0.381836
1 0.500977 0.378906 0.501953 0.378906 0.502930 0.379883 0.502930 0.378906
1 0.540039 0.269531 0.537109 0.269531 0.536133 0.270508 0.532227 0.270508 0.530273 0.272461 0.529297 0.271484 0.527344 0.271484 0.526367 0.272461 0.524414 0.272461 0.524414 0.275391 0.526367 0.273438 0.529297 0.273438 0.530273 0.272461 0.534180 0.272461 0.535156 0.271484 0.538086 0.271484 0.539062 0.272461 0.540039 0.271484
0 0.472656 0.346680 0.472656 0.349609 0.471680 0.350586 0.471680 0.352539 0.470703 0.353516 0.470703 0.355469 0.469727 0.356445 0.469727 0.359375 0.468750 0.360352 0.468750 0.362305 0.467773 0.363281 0.467773 0.365234 0.466797 0.366211 0.466797 0.369141 0.465820 0.370117 0.465820 0.372070 0.464844 0.373047 0.464844 0.377930 0.463867 0.378906 0.463867 0.389648 0.462891 0.390625 0.462891 0.391602 0.463867 0.391602 0.464844 0.392578 0.467773 0.392578 0.468750 0.393555 0.471680 0.393555 0.472656 0.394531 0.475586 0.394531 0.476562 0.395508 0.479492 0.395508 0.480469 0.396484 0.483398 0.396484 0.484375 0.397461 0.487305 0.397461 0.488281 0.398438 0.491211 0.398438 0.492188 0.399414 0.495117 0.399414 0.495117 0.398438 0.496094 0.397461 0.496094 0.394531 0.497070 0.393555 0.497070 0.391602 0.498047 0.390625 0.498047 0.387695 0.499023 0.386719 0.499023 0.384766 0.500000 0.383789 0.500000 0.376953 0.501953 0.375000 0.501953 0.374023 0.502930 0.373047 0.502930 0.368164 0.503906 0.367188 0.503906 0.362305 0.504883 0.361328 0.504883 0.356445 0.505859 0.355469 0.505859 0.354492 0.503906 0.354492 0.502930 0.353516 0.500000 0.353516 0.499023 0.352539 0.496094 0.352539 0.495117 0.351562 0.492188 0.351562 0.491211 0.350586 0.488281 0.350586 0.487305 0.349609 0.484375 0.349609 0.483398 0.348633 0.480469 0.348633 0.479492 0.347656 0.476562 0.347656 0.475586 0.346680
1 0.518555 0.380859 0.519531 0.381836 0.519531 0.382812 0.522461 0.382812 0.522461 0.380859
1 0.500977 0.376953 0.500977 0.377930 0.502930 0.377930 0.503906 0.378906 0.503906 0.379883 0.504883 0.379883 0.505859 0.380859 0.507812 0.380859 0.508789 0.381836 0.509766 0.381836 0.510742 0.380859 0.511719 0.380859 0.512695 0.379883 0.510742 0.377930 0.508789 0.377930 0.507812 0.376953 0.504883 0.376953 0.503906 0.375977 0.501953 0.375977
0 0.383789 0.520508 0.382812 0.520508 0.380859 0.522461 0.379883 0.522461 0.378906 0.523438 0.377930 0.523438 0.375977 0.525391 0.375000 0.525391 0.374023 0.526367 0.373047 0.526367 0.371094 0.528320 0.370117 0.528320 0.369141 0.529297 0.368164 0.529297 0.366211 0.531250 0.365234 0.531250 0.364258 0.532227 0.363281 0.532227 0.364258 0.533203 0.364258 0.534180 0.365234 0.535156 0.365234 0.536133 0.367188 0.538086 0.367188 0.539062 0.368164 0.540039 0.368164 0.541016 0.369141 0.541992 0.369141 0.542969 0.370117 0.543945 0.370117 0.544922 0.372070 0.546875 0.372070 0.547852 0.373047 0.548828 0.373047 0.549805 0.375000 0.551758 0.375000 0.552734 0.377930 0.555664 0.377930 0.556641 0.380859 0.559570 0.380859 0.560547 0.381836 0.559570 0.382812 0.559570 0.383789 0.558594 0.384766 0.558594 0.386719 0.556641 0.387695 0.556641 0.389648 0.554688 0.390625 0.554688 0.390625 0.553711 0.389648 0.552734 0.389648 0.551758 0.385742 0.547852 0.385742 0.546875 0.384766 0.545898 0.386719 0.543945 0.387695 0.543945 0.389648 0.545898 0.389648 0.546875 0.392578 0.549805 0.392578 0.550781 0.393555 0.551758 0.395508 0.551758 0.396484 0.550781 0.397461 0.550781 0.399414 0.548828 0.400391 0.548828 0.401367 0.547852 0.400391 0.546875 0.400391 0.545898 0.399414 0.544922 0.399414 0.543945 0.398438 0.542969 0.398438 0.541992 0.397461 0.541016 0.397461 0.540039 0.396484 0.539062 0.396484 0.538086 0.395508 0.537109 0.395508 0.536133 0.394531 0.535156 0.394531 0.534180 0.393555 0.533203 0.393555 0.532227 0.391602 0.530273 0.391602 0.529297 0.386719 0.524414 0.386719 0.523438
0 0.528320 0.291016 0.526367 0.291016 0.525391 0.291992 0.524414 0.291016 0.522461 0.291016 0.521484 0.291992 0.519531 0.291992 0.518555 0.292969 0.517578 0.291992 0.515625 0.293945 0.514648 0.293945 0.513672 0.294922 0.512695 0.293945 0.511719 0.294922 0.507812 0.294922 0.506836 0.295898 0.505859 0.295898 0.505859 0.310547 0.506836 0.311523 0.506836 0.312500 0.507812 0.313477 0.508789 0.313477 0.509766 0.314453 0.511719 0.314453 0.512695 0.315430 0.515625 0.315430 0.516602 0.316406 0.518555 0.316406 0.519531 0.317383 0.521484 0.317383 0.521484 0.314453 0.520508 0.314453 0.518555 0.312500 0.518555 0.310547 0.519531 0.309570 0.520508 0.310547 0.521484 0.309570 0.521484 0.291992 0.522461 0.291016 0.524414 0.291016 0.525391 0.291992 0.526367 0.291016
0 0.530273 0.289062 0.531250 0.290039 0.534180 0.290039 0.535156 0.289062 0.539062 0.289062 0.540039 0.288086 0.537109 0.288086 0.536133 0.287109 0.534180 0.287109 0.533203 0.286133 0.531250 0.286133 0.531250 0.287109 0.532227 0.288086 0.531250 0.289062
1 0.386719 0.544922 0.385742 0.545898 0.388672 0.548828 0.388672 0.549805 0.390625 0.551758 0.390625 0.552734 0.391602 0.553711 0.393555 0.553711 0.393555 0.552734 0.392578 0.551758 0.391602 0.552734 0.390625 0.551758 0.390625 0.550781 0.391602 0.549805 0.388672 0.546875 0.388672 0.545898 0.387695 0.544922
1 0.531250 0.302734 0.531250 0.304688 0.533203 0.304688 0.534180 0.305664 0.536133 0.305664 0.537109 0.306641 0.539062 0.306641 0.540039 0.307617 0.541992 0.307617 0.541992 0.306641 0.541016 0.305664 0.540039 0.305664 0.538086 0.303711 0.536133 0.303711 0.535156 0.302734
0 0.512695 0.307617 0.514648 0.307617 0.515625 0.306641 0.513672 0.306641
0 0.519531 0.292969 0.518555 0.291992 0.516602 0.293945 0.517578 0.292969 0.518555 0.293945
0 0.541016 0.289062 0.540039 0.289062 0.539062 0.290039 0.535156 0.290039 0.534180 0.291016 0.531250 0.291016 0.529297 0.289062 0.530273 0.288086 0.531250 0.288086 0.530273 0.287109 0.530273 0.286133 0.529297 0.285156 0.527344 0.285156 0.526367 0.284180 0.526367 0.288086 0.527344 0.289062 0.524414 0.291992 0.522461 0.291992 0.522461 0.309570 0.520508 0.311523 0.519531 0.310547 0.519531 0.312500 0.520508 0.313477 0.521484 0.313477 0.522461 0.314453 0.522461 0.318359 0.523438 0.317383 0.526367 0.317383 0.527344 0.316406 0.530273 0.316406 0.531250 0.315430 0.534180 0.315430 0.535156 0.314453 0.538086 0.314453 0.539062 0.313477 0.541016 0.313477 0.541016 0.308594 0.540039 0.308594 0.539062 0.307617 0.537109 0.307617 0.536133 0.306641 0.534180 0.306641 0.533203 0.305664 0.531250 0.305664 0.530273 0.304688 0.530273 0.302734 0.531250 0.301758 0.535156 0.301758 0.536133 0.302734 0.538086 0.302734 0.539062 0.303711 0.541016 0.303711
1 0.406250 0.648438 0.406250 0.650391 0.407227 0.650391 0.408203 0.651367 0.410156 0.651367 0.411133 0.650391 0.412109 0.651367 0.413086 0.651367 0.414062 0.652344 0.413086 0.653320 0.415039 0.653320 0.416016 0.654297 0.417969 0.654297 0.417969 0.652344 0.416016 0.652344 0.415039 0.651367 0.412109 0.651367 0.409180 0.648438
1 0.403320 0.646484 0.404297 0.647461 0.403320 0.648438 0.404297 0.649414 0.404297 0.647461
1 0.540039 0.304688 0.541016 0.304688 0.542969 0.306641 0.542969 0.307617 0.543945 0.307617 0.543945 0.305664 0.542969 0.305664 0.541992 0.304688
0 0.377930 0.625000 0.376953 0.625977 0.376953 0.628906 0.375977 0.629883 0.375977 0.631836 0.375000 0.632812 0.375000 0.634766 0.374023 0.635742 0.374023 0.637695 0.373047 0.638672 0.373047 0.641602 0.372070 0.642578 0.372070 0.644531 0.371094 0.645508 0.371094 0.647461 0.370117 0.648438 0.370117 0.650391 0.369141 0.651367 0.369141 0.652344 0.371094 0.652344 0.372070 0.653320 0.373047 0.653320 0.374023 0.654297 0.375977 0.654297 0.376953 0.655273 0.377930 0.655273 0.378906 0.656250 0.380859 0.656250 0.381836 0.657227 0.382812 0.657227 0.383789 0.658203 0.385742 0.658203 0.386719 0.659180 0.387695 0.659180 0.388672 0.660156 0.390625 0.660156 0.391602 0.661133 0.404297 0.661133 0.405273 0.662109 0.406250 0.662109 0.407227 0.661133 0.407227 0.659180 0.408203 0.658203 0.408203 0.656250 0.409180 0.655273 0.409180 0.653320 0.410156 0.652344 0.408203 0.652344 0.407227 0.651367 0.406250 0.651367 0.405273 0.650391 0.403320 0.650391 0.402344 0.649414 0.402344 0.646484 0.403320 0.645508 0.404297 0.646484 0.406250 0.646484 0.407227 0.647461 0.409180 0.647461 0.410156 0.648438 0.411133 0.648438 0.411133 0.646484 0.412109 0.645508 0.412109 0.643555 0.413086 0.642578 0.413086 0.640625 0.414062 0.639648 0.414062 0.636719 0.415039 0.635742 0.415039 0.634766 0.413086 0.634766 0.412109 0.633789 0.410156 0.633789 0.409180 0.632812 0.408203 0.632812 0.407227 0.631836 0.405273 0.631836 0.404297 0.630859 0.402344 0.630859 0.401367 0.629883 0.400391 0.629883 0.399414 0.628906 0.397461 0.628906 0.396484 0.627930 0.395508 0.627930 0.394531 0.626953 0.389648 0.626953 0.388672 0.625977 0.381836 0.625977 0.380859 0.625000
