0 0.334961 0.586914 0.328125 0.586914 0.327148 0.587891 0.308594 0.587891 0.308594 0.588867 0.306641 0.590820 0.306641 0.591797 0.304688 0.593750 0.304688 0.594727 0.302734 0.596680 0.302734 0.597656 0.300781 0.599609 0.300781 0.600586 0.298828 0.602539 0.298828 0.603516 0.296875 0.605469 0.296875 0.608398 0.297852 0.609375 0.297852 0.610352 0.298828 0.611328 0.298828 0.612305 0.299805 0.613281 0.299805 0.615234 0.300781 0.616211 0.300781 0.617188 0.301758 0.618164 0.301758 0.620117 0.302734 0.621094 0.302734 0.622070 0.303711 0.623047 0.303711 0.624023 0.304688 0.625000 0.304688 0.626953 0.305664 0.627930 0.305664 0.628906 0.306641 0.629883 0.323242 0.629883 0.324219 0.628906 0.333008 0.628906 0.333984 0.627930 0.333984 0.626953 0.334961 0.625977 0.334961 0.625000 0.335938 0.624023 0.335938 0.623047 0.337891 0.621094 0.337891 0.620117 0.338867 0.619141 0.338867 0.618164 0.340820 0.616211 0.340820 0.615234 0.341797 0.614258 0.341797 0.613281 0.343750 0.611328 0.343750 0.609375 0.342773 0.608398 0.342773 0.606445 0.341797 0.605469 0.341797 0.604492 0.340820 0.603516 0.340820 0.601562 0.339844 0.600586 0.339844 0.599609 0.338867 0.598633 0.338867 0.596680 0.337891 0.595703 0.337891 0.593750 0.336914 0.592773 0.336914 0.591797 0.335938 0.590820 0.335938 0.588867 0.334961 0.587891
1 0.289062 0.608398 0.289062 0.610352 0.290039 0.611328 0.296875 0.611328 0.296875 0.609375 0.295898 0.608398 0.295898 0.607422 0.290039 0.607422
0 0.422852 0.525391 0.420898 0.525391 0.418945 0.527344 0.417969 0.527344 0.415039 0.530273 0.414062 0.530273 0.412109 0.532227 0.411133 0.532227 0.409180 0.534180 0.408203 0.534180 0.405273 0.537109 0.404297 0.537109 0.402344 0.539062 0.401367 0.539062 0.399414 0.541016 0.398438 0.541016 0.395508 0.543945 0.394531 0.543945 0.394531 0.545898 0.393555 0.546875 0.393555 0.548828 0.392578 0.549805 0.392578 0.551758 0.391602 0.552734 0.391602 0.555664 0.390625 0.556641 0.390625 0.558594 0.389648 0.559570 0.389648 0.561523 0.388672 0.562500 0.388672 0.565430 0.414062 0.590820 0.417969 0.586914 0.418945 0.586914 0.421875 0.583984 0.422852 0.583984 0.425781 0.581055 0.426758 0.581055 0.429688 0.578125 0.430664 0.578125 0.433594 0.575195 0.434570 0.575195 0.437500 0.572266 0.438477 0.572266 0.440430 0.570312 0.440430 0.569336 0.441406 0.568359 0.441406 0.566406 0.442383 0.565430 0.442383 0.564453 0.443359 0.563477 0.443359 0.561523 0.444336 0.560547 0.444336 0.559570 0.445312 0.558594 0.445312 0.557617 0.446289 0.556641 0.446289 0.554688 0.447266 0.553711 0.447266 0.552734 0.448242 0.551758 0.448242 0.549805 0.437500 0.539062 0.436523 0.539062
1 0.450195 0.535156 0.449219 0.534180 0.446289 0.534180 0.443359 0.537109 0.442383 0.537109 0.440430 0.539062 0.439453 0.539062 0.439453 0.540039 0.441406 0.541992 0.443359 0.541992 0.446289 0.539062 0.447266 0.539062 0.449219 0.537109 0.449219 0.536133
0 0.415039 0.509766 0.415039 0.510742 0.414062 0.511719 0.414062 0.513672 0.413086 0.514648 0.413086 0.516602 0.412109 0.517578 0.412109 0.519531 0.411133 0.520508 0.411133 0.523438 0.410156 0.524414 0.410156 0.526367 0.409180 0.527344 0.409180 0.529297 0.408203 0.530273 0.409180 0.531250 0.409180 0.533203 0.411133 0.531250 0.412109 0.531250 0.414062 0.529297 0.415039 0.529297 0.417969 0.526367 0.418945 0.526367 0.420898 0.524414 0.422852 0.524414 0.436523 0.538086 0.437500 0.538086 0.438477 0.539062 0.439453 0.538086 0.440430 0.538086 0.441406 0.537109 0.441406 0.536133 0.442383 0.535156 0.442383 0.532227 0.443359 0.531250 0.443359 0.529297 0.444336 0.528320 0.444336 0.527344 0.443359 0.526367 0.443359 0.523438 0.442383 0.522461 0.442383 0.519531 0.441406 0.518555 0.441406 0.516602 0.440430 0.515625 0.440430 0.512695 0.439453 0.511719 0.437500 0.511719 0.436523 0.510742 0.421875 0.510742 0.420898 0.509766
0 0.550781 0.268555 0.551758 0.269531 0.551758 0.270508 0.552734 0.270508 0.551758 0.269531 0.552734 0.268555
0 0.547852 0.263672 0.548828 0.264648 0.548828 0.263672
0 0.433594 0.265625 0.434570 0.265625 0.435547 0.264648 0.434570 0.265625 0.433594 0.264648
0 0.449219 0.251953 0.449219 0.252930 0.450195 0.253906 0.451172 0.252930 0.450195 0.252930
0 0.436523 0.250977 0.440430 0.254883 0.441406 0.254883 0.442383 0.255859 0.443359 0.255859 0.443359 0.254883 0.444336 0.253906 0.443359 0.252930 0.441406 0.252930 0.440430 0.251953 0.439453 0.251953 0.438477 0.250977
0 0.455078 0.241211 0.454102 0.241211 0.452148 0.243164 0.454102 0.245117 0.454102 0.250000 0.458984 0.250000 0.459961 0.249023 0.461914 0.249023 0.463867 0.250977 0.461914 0.252930 0.460938 0.252930 0.458008 0.255859 0.457031 0.255859 0.455078 0.257812 0.454102 0.257812 0.452148 0.259766 0.451172 0.259766 0.449219 0.261719 0.448242 0.261719 0.447266 0.260742 0.447266 0.259766 0.447266 0.260742 0.446289 0.261719 0.445312 0.260742 0.445312 0.259766 0.443359 0.259766 0.442383 0.260742 0.442383 0.263672 0.443359 0.264648 0.439453 0.268555 0.440430 0.269531 0.436523 0.273438 0.435547 0.273438 0.435547 0.274414 0.436523 0.275391 0.436523 0.276367 0.437500 0.277344 0.436523 0.278320 0.434570 0.278320 0.433594 0.279297 0.433594 0.281250 0.432617 0.282227 0.432617 0.284180 0.431641 0.285156 0.431641 0.287109 0.433594 0.285156 0.434570 0.285156 0.436523 0.283203 0.437500 0.283203 0.439453 0.281250 0.440430 0.281250 0.442383 0.279297 0.443359 0.279297 0.451172 0.271484 0.452148 0.271484 0.453125 0.270508 0.454102 0.270508 0.455078 0.269531 0.456055 0.269531 0.457031 0.268555 0.457031 0.267578 0.458008 0.266602 0.458008 0.264648 0.458984 0.263672 0.458984 0.262695 0.459961 0.261719 0.459961 0.259766 0.460938 0.258789 0.460938 0.257812 0.461914 0.256836 0.461914 0.254883 0.462891 0.253906 0.461914 0.252930 0.463867 0.250977 0.461914 0.249023 0.461914 0.248047
0 0.487305 0.215820 0.487305 0.267578 0.488281 0.267578 0.489258 0.268555 0.491211 0.268555 0.492188 0.269531 0.495117 0.269531 0.496094 0.270508 0.498047 0.270508 0.499023 0.271484 0.500977 0.271484 0.501953 0.272461 0.504883 0.272461 0.505859 0.273438 0.507812 0.273438 0.508789 0.274414 0.510742 0.274414 0.511719 0.275391 0.513672 0.275391 0.514648 0.276367 0.517578 0.276367 0.518555 0.277344 0.525391 0.277344 0.526367 0.276367 0.529297 0.276367 0.530273 0.275391 0.533203 0.275391 0.534180 0.274414 0.537109 0.274414 0.538086 0.273438 0.541016 0.273438 0.541992 0.272461 0.545898 0.272461 0.546875 0.271484 0.549805 0.271484 0.550781 0.270508 0.550781 0.269531 0.549805 0.268555 0.550781 0.267578 0.552734 0.267578 0.553711 0.268555 0.552734 0.269531 0.553711 0.270508 0.554688 0.269531 0.556641 0.269531 0.557617 0.268555 0.558594 0.268555 0.559570 0.267578 0.559570 0.261719 0.558594 0.260742 0.558594 0.259766 0.559570 0.258789 0.559570 0.236328 0.560547 0.235352 0.560547 0.216797 0.559570 0.216797 0.558594 0.215820 0.555664 0.215820 0.554688 0.214844 0.550781 0.214844 0.549805 0.213867 0.546875 0.213867 0.545898 0.212891 0.541992 0.212891 0.541016 0.211914 0.538086 0.211914 0.537109 0.210938 0.533203 0.210938 0.532227 0.209961 0.529297 0.209961 0.528320 0.208984 0.522461 0.208984 0.521484 0.209961 0.517578 0.209961 0.516602 0.210938 0.511719 0.210938 0.510742 0.211914 0.505859 0.211914 0.504883 0.212891 0.500977 0.212891 0.500000 0.213867 0.495117 0.213867 0.494141 0.214844 0.490234 0.214844 0.489258 0.215820
1 0.466797 0.236328 0.465820 0.237305 0.463867 0.235352 0.462891 0.236328 0.461914 0.235352 0.459961 0.237305 0.458984 0.237305 0.457031 0.239258 0.456055 0.239258 0.455078 0.240234 0.458008 0.243164 0.458984 0.242188 0.459961 0.242188 0.461914 0.240234 0.462891 0.240234 0.464844 0.238281 0.465820 0.238281 0.466797 0.237305
1 0.483398 0.230469 0.483398 0.235352 0.486328 0.235352 0.486328 0.230469
0 0.589844 0.273438 0.589844 0.275391 0.588867 0.276367 0.588867 0.278320 0.587891 0.279297 0.587891 0.281250 0.586914 0.282227 0.586914 0.284180 0.585938 0.285156 0.585938 0.287109 0.584961 0.288086 0.584961 0.290039 0.583984 0.291016 0.583984 0.292969 0.583008 0.293945 0.583008 0.295898 0.582031 0.296875 0.582031 0.298828 0.581055 0.299805 0.581055 0.301758 0.580078 0.302734 0.580078 0.304688 0.579102 0.305664 0.579102 0.307617 0.578125 0.308594 0.578125 0.310547 0.577148 0.311523 0.577148 0.314453 0.578125 0.315430 0.578125 0.316406 0.579102 0.317383 0.579102 0.318359 0.580078 0.319336 0.580078 0.320312 0.582031 0.322266 0.582031 0.323242 0.583008 0.324219 0.583008 0.325195 0.583984 0.324219 0.584961 0.324219 0.585938 0.323242 0.585938 0.322266 0.587891 0.320312 0.588867 0.320312 0.589844 0.321289 0.590820 0.321289 0.593750 0.318359 0.594727 0.318359 0.595703 0.317383 0.595703 0.316406 0.596680 0.315430 0.596680 0.312500 0.594727 0.310547 0.594727 0.308594 0.595703 0.307617 0.595703 0.306641 0.596680 0.305664 0.597656 0.306641 0.598633 0.306641 0.599609 0.307617 0.600586 0.307617 0.604492 0.303711 0.605469 0.304688 0.606445 0.304688 0.607422 0.303711 0.608398 0.304688 0.606445 0.302734 0.606445 0.301758 0.603516 0.298828 0.603516 0.296875 0.602539 0.295898 0.602539 0.294922 0.600586 0.292969 0.600586 0.291992 0.599609 0.291016 0.599609 0.290039 0.597656 0.288086 0.597656 0.287109 0.596680 0.286133 0.596680 0.285156 0.594727 0.283203 0.594727 0.282227 0.593750 0.281250 0.593750 0.280273 0.592773 0.279297 0.592773 0.278320 0.590820 0.276367 0.590820 0.275391 0.589844 0.274414
0 0.439453 0.223633 0.437500 0.225586 0.436523 0.225586 0.434570 0.227539 0.433594 0.227539 0.431641 0.229492 0.430664 0.229492 0.428711 0.231445 0.427734 0.231445 0.425781 0.233398 0.424805 0.233398 0.422852 0.235352 0.421875 0.235352 0.419922 0.237305 0.418945 0.237305 0.417969 0.238281 0.416992 0.238281 0.415039 0.240234 0.414062 0.240234 0.412109 0.242188 0.412109 0.244141 0.411133 0.245117 0.411133 0.248047 0.410156 0.249023 0.410156 0.251953 0.409180 0.252930 0.409180 0.255859 0.408203 0.256836 0.408203 0.258789 0.407227 0.259766 0.407227 0.261719 0.413086 0.267578 0.413086 0.268555 0.419922 0.275391 0.419922 0.276367 0.426758 0.283203 0.426758 0.284180 0.429688 0.287109 0.430664 0.287109 0.430664 0.285156 0.431641 0.284180 0.431641 0.282227 0.432617 0.281250 0.432617 0.279297 0.434570 0.277344 0.436523 0.277344 0.435547 0.276367 0.435547 0.275391 0.434570 0.274414 0.434570 0.273438 0.435547 0.272461 0.436523 0.272461 0.439453 0.269531 0.438477 0.268555 0.442383 0.264648 0.441406 0.263672 0.441406 0.260742 0.443359 0.258789 0.445312 0.258789 0.446289 0.259766 0.446289 0.260742 0.446289 0.259766 0.447266 0.258789 0.448242 0.259766 0.448242 0.260742 0.449219 0.260742 0.451172 0.258789 0.452148 0.258789 0.454102 0.256836 0.455078 0.256836 0.457031 0.254883 0.458008 0.254883 0.460938 0.251953 0.461914 0.251953 0.462891 0.252930 0.461914 0.251953 0.462891 0.250977 0.461914 0.250000 0.459961 0.250000 0.458984 0.250977 0.454102 0.250977 0.453125 0.250000 0.453125 0.245117 0.451172 0.243164 0.454102 0.240234 0.454102 0.239258 0.446289 0.231445 0.446289 0.230469
0 0.590820 0.301758 0.592773 0.303711 0.592773 0.302734 0.591797 0.301758
0 0.636719 0.267578 0.635742 0.267578 0.634766 0.268555 0.627930 0.268555 0.626953 0.269531 0.620117 0.269531 0.619141 0.270508 0.612305 0.270508 0.611328 0.271484 0.604492 0.271484 0.603516 0.272461 0.596680 0.272461 0.595703 0.273438 0.590820 0.273438 0.590820 0.274414 0.591797 0.275391 0.591797 0.276367 0.593750 0.278320 0.593750 0.279297 0.594727 0.280273 0.594727 0.281250 0.595703 0.282227 0.595703 0.283203 0.597656 0.285156 0.597656 0.286133 0.598633 0.287109 0.598633 0.288086 0.600586 0.290039 0.600586 0.291016 0.601562 0.291992 0.601562 0.292969 0.603516 0.294922 0.603516 0.295898 0.604492 0.296875 0.604492 0.298828 0.603516 0.299805 0.604492 0.298828 0.607422 0.301758 0.607422 0.302734 0.608398 0.303711 0.606445 0.305664 0.605469 0.305664 0.604492 0.304688 0.600586 0.308594 0.599609 0.308594 0.596680 0.306641 0.596680 0.307617 0.595703 0.308594 0.595703 0.310547 0.597656 0.312500 0.597656 0.315430 0.596680 0.316406 0.596680 0.317383 0.594727 0.319336 0.593750 0.319336 0.590820 0.322266 0.589844 0.322266 0.588867 0.321289 0.587891 0.321289 0.586914 0.322266 0.586914 0.323242 0.584961 0.325195 0.583984 0.325195 0.583984 0.327148 0.584961 0.328125 0.584961 0.329102 0.586914 0.331055 0.586914 0.332031 0.587891 0.333008 0.587891 0.333984 0.588867 0.334961 0.588867 0.335938 0.590820 0.337891 0.590820 0.338867 0.591797 0.339844 0.591797 0.340820 0.592773 0.341797 0.592773 0.342773 0.596680 0.347656 0.596680 0.349609 0.597656 0.350586 0.601562 0.350586 0.602539 0.349609 0.607422 0.349609 0.608398 0.348633 0.613281 0.348633 0.614258 0.347656 0.619141 0.347656 0.620117 0.346680 0.625977 0.346680 0.626953 0.345703 0.631836 0.345703 0.632812 0.344727 0.637695 0.344727 0.638672 0.343750 0.643555 0.343750 0.643555 0.342773 0.644531 0.341797 0.644531 0.340820 0.646484 0.337891 0.646484 0.335938 0.647461 0.334961 0.647461 0.333984 0.649414 0.331055 0.649414 0.329102 0.650391 0.328125 0.650391 0.327148 0.651367 0.326172 0.651367 0.325195 0.653320 0.322266 0.653320 0.320312 0.654297 0.319336 0.654297 0.318359 0.656250 0.315430 0.656250 0.313477 0.657227 0.312500 0.657227 0.311523 0.658203 0.310547 0.658203 0.309570 0.660156 0.306641 0.660156 0.303711 0.659180 0.302734 0.659180 0.301758 0.657227 0.299805 0.657227 0.298828 0.655273 0.296875 0.655273 0.295898 0.654297 0.294922 0.654297 0.293945 0.652344 0.291992 0.652344 0.291016 0.648438 0.286133 0.648438 0.285156 0.647461 0.284180 0.647461 0.283203 0.645508 0.281250 0.645508 0.280273 0.641602 0.275391 0.641602 0.274414 0.640625 0.273438 0.640625 0.272461
1 0.440430 0.686523 0.438477 0.688477 0.439453 0.689453 0.441406 0.689453 0.439453 0.687500
1 0.658203 0.299805 0.660156 0.301758 0.660156 0.302734 0.661133 0.303711 0.661133 0.306641 0.662109 0.306641 0.663086 0.305664 0.668945 0.305664 0.669922 0.304688 0.670898 0.304688 0.671875 0.303711 0.671875 0.302734 0.672852 0.301758 0.671875 0.300781 0.669922 0.300781 0.668945 0.299805 0.669922 0.298828 0.670898 0.298828 0.664062 0.298828 0.663086 0.299805
0 0.405273 0.658203 0.405273 0.659180 0.404297 0.660156 0.404297 0.661133 0.403320 0.662109 0.403320 0.663086 0.402344 0.664062 0.402344 0.665039 0.401367 0.666016 0.401367 0.666992 0.400391 0.667969 0.400391 0.668945 0.399414 0.669922 0.399414 0.670898 0.398438 0.671875 0.398438 0.672852 0.397461 0.673828 0.397461 0.674805 0.395508 0.676758 0.395508 0.677734 0.394531 0.678711 0.394531 0.679688 0.393555 0.680664 0.393555 0.681641 0.392578 0.682617 0.392578 0.683594 0.391602 0.684570 0.391602 0.685547 0.390625 0.686523 0.390625 0.687500 0.389648 0.688477 0.389648 0.689453 0.407227 0.707031 0.410156 0.707031 0.411133 0.708008 0.415039 0.708008 0.416016 0.708984 0.419922 0.708984 0.420898 0.709961 0.424805 0.709961 0.425781 0.710938 0.429688 0.710938 0.430664 0.711914 0.434570 0.711914 0.435547 0.710938 0.435547 0.709961 0.436523 0.708984 0.436523 0.708008 0.437500 0.707031 0.437500 0.706055 0.438477 0.705078 0.438477 0.704102 0.439453 0.703125 0.439453 0.702148 0.440430 0.701172 0.440430 0.699219 0.441406 0.698242 0.441406 0.697266 0.442383 0.696289 0.442383 0.695312 0.443359 0.694336 0.443359 0.693359 0.444336 0.692383 0.441406 0.692383 0.440430 0.691406 0.435547 0.691406 0.434570 0.690430 0.433594 0.690430 0.431641 0.688477 0.432617 0.687500 0.432617 0.686523 0.434570 0.684570 0.435547 0.684570 0.436523 0.685547 0.441406 0.685547 0.442383 0.686523 0.447266 0.686523 0.447266 0.684570 0.448242 0.683594 0.448242 0.682617 0.449219 0.681641 0.449219 0.680664 0.442383 0.673828 0.442383 0.672852 0.433594 0.664062 0.433594 0.663086 0.432617 0.663086 0.431641 0.662109 0.425781 0.662109 0.424805 0.661133 0.419922 0.661133 0.418945 0.660156 0.414062 0.660156 0.413086 0.659180 0.407227 0.659180 0.406250 0.658203
0 0.468750 0.303711 0.469727 0.304688 0.468750 0.305664 0.469727 0.304688
0 0.469727 0.289062 0.468750 0.289062 0.467773 0.288086 0.464844 0.288086 0.463867 0.287109 0.463867 0.286133 0.462891 0.285156 0.463867 0.286133 0.463867 0.288086 0.462891 0.289062 0.459961 0.289062 0.458984 0.288086 0.457031 0.288086 0.457031 0.290039 0.455078 0.291992 0.453125 0.291992 0.452148 0.291016 0.451172 0.291016 0.450195 0.291992 0.449219 0.291992 0.448242 0.292969 0.448242 0.293945 0.449219 0.294922 0.449219 0.295898 0.450195 0.295898 0.451172 0.294922 0.453125 0.294922 0.454102 0.293945 0.455078 0.294922 0.458008 0.294922 0.458984 0.293945 0.461914 0.293945 0.463867 0.291992 0.465820 0.293945 0.467773 0.291992 0.468750 0.292969 0.469727 0.291992
0 0.444336 0.279297 0.443359 0.280273 0.442383 0.280273 0.441406 0.281250 0.441406 0.282227 0.443359 0.282227 0.443359 0.280273
0 0.467773 0.278320 0.467773 0.279297 0.466797 0.280273 0.466797 0.282227 0.467773 0.283203 0.468750 0.283203 0.468750 0.282227 0.470703 0.280273 0.468750 0.280273 0.467773 0.279297 0.468750 0.278320
0 0.456055 0.277344 0.456055 0.278320 0.457031 0.278320 0.458008 0.279297 0.458984 0.279297 0.459961 0.280273 0.460938 0.280273 0.459961 0.279297 0.459961 0.277344 0.458984 0.276367 0.458008 0.276367 0.457031 0.277344
0 0.464844 0.272461 0.464844 0.275391 0.465820 0.276367 0.467773 0.276367 0.468750 0.275391 0.469727 0.275391 0.470703 0.274414 0.469727 0.273438 0.468750 0.273438 0.467773 0.272461
0 0.468750 0.262695 0.465820 0.262695 0.464844 0.263672 0.461914 0.263672 0.460938 0.264648 0.458984 0.264648 0.458984 0.266602 0.458008 0.267578 0.458008 0.268555 0.457031 0.269531 0.457031 0.270508 0.458008 0.270508 0.458984 0.269531 0.459961 0.269531 0.460938 0.268555 0.460938 0.267578 0.462891 0.265625 0.463867 0.266602 0.464844 0.265625 0.464844 0.264648 0.465820 0.263672 0.467773 0.263672
1 0.432617 0.688477 0.433594 0.689453 0.434570 0.689453 0.435547 0.690430 0.440430 0.690430 0.441406 0.691406 0.446289 0.691406 0.447266 0.692383 0.451172 0.692383 0.452148 0.693359 0.453125 0.693359 0.453125 0.692383 0.454102 0.691406 0.454102 0.690430 0.452148 0.688477 0.448242 0.688477 0.447266 0.687500 0.442383 0.687500 0.441406 0.686523 0.440430 0.687500 0.439453 0.686523 0.437500 0.686523 0.436523 0.687500 0.435547 0.686523 0.435547 0.685547 0.434570 0.685547 0.433594 0.686523 0.433594 0.687500
1 0.490234 0.277344 0.489258 0.278320 0.488281 0.277344 0.487305 0.278320 0.483398 0.278320 0.482422 0.279297 0.479492 0.279297 0.478516 0.280273 0.475586 0.280273 0.474609 0.281250 0.472656 0.281250 0.471680 0.282227 0.470703 0.281250 0.469727 0.282227 0.469727 0.285156 0.471680 0.285156 0.472656 0.284180 0.476562 0.284180 0.477539 0.283203 0.480469 0.283203 0.481445 0.282227 0.485352 0.282227 0.486328 0.281250 0.489258 0.281250 0.490234 0.280273 0.490234 0.279297 0.489258 0.278320
0 0.470703 0.261719 0.467773 0.264648 0.465820 0.264648 0.465820 0.265625 0.463867 0.267578 0.461914 0.265625 0.462891 0.266602 0.461914 0.267578 0.461914 0.268555 0.459961 0.270508 0.458984 0.270508 0.458008 0.271484 0.457031 0.271484 0.456055 0.270508 0.455078 0.270508 0.452148 0.273438 0.451172 0.272461 0.447266 0.276367 0.447266 0.277344 0.446289 0.278320 0.445312 0.278320 0.445312 0.279297 0.444336 0.280273 0.444336 0.282227 0.443359 0.283203 0.441406 0.283203 0.440430 0.282227 0.439453 0.282227 0.437500 0.284180 0.436523 0.284180 0.434570 0.286133 0.433594 0.286133 0.431641 0.288086 0.430664 0.288086 0.430664 0.290039 0.431641 0.291016 0.431641 0.292969 0.432617 0.293945 0.432617 0.295898 0.433594 0.296875 0.433594 0.299805 0.434570 0.300781 0.434570 0.302734 0.435547 0.303711 0.435547 0.305664 0.436523 0.306641 0.436523 0.308594 0.437500 0.309570 0.437500 0.311523 0.441406 0.311523 0.442383 0.310547 0.446289 0.310547 0.447266 0.309570 0.451172 0.309570 0.452148 0.308594 0.456055 0.308594 0.457031 0.307617 0.459961 0.307617 0.460938 0.306641 0.464844 0.306641 0.465820 0.305664 0.467773 0.305664 0.469727 0.303711 0.470703 0.303711 0.472656 0.301758 0.473633 0.301758 0.480469 0.294922 0.480469 0.293945 0.479492 0.292969 0.479492 0.290039 0.478516 0.289062 0.478516 0.287109 0.477539 0.286133 0.477539 0.284180 0.476562 0.285156 0.472656 0.285156 0.471680 0.286133 0.469727 0.286133 0.468750 0.285156 0.468750 0.284180 0.467773 0.284180 0.465820 0.282227 0.465820 0.280273 0.466797 0.279297 0.466797 0.278320 0.467773 0.277344 0.468750 0.277344 0.469727 0.278320 0.468750 0.279297 0.470703 0.279297 0.471680 0.280273 0.474609 0.280273 0.475586 0.279297 0.475586 0.277344 0.474609 0.276367 0.474609 0.274414 0.473633 0.273438 0.473633 0.270508 0.472656 0.269531 0.472656 0.267578 0.471680 0.266602 0.471680 0.264648 0.470703 0.263672
0 0.606445 0.765625 0.602539 0.765625 0.601562 0.766602 0.598633 0.766602 0.597656 0.767578 0.593750 0.767578 0.592773 0.768555 0.589844 0.768555 0.588867 0.769531 0.584961 0.769531 0.583984 0.770508 0.581055 0.770508 0.580078 0.771484 0.576172 0.771484 0.575195 0.772461 0.572266 0.772461 0.571289 0.773438 0.567383 0.773438 0.566406 0.774414 0.564453 0.774414 0.563477 0.775391 0.563477 0.776367 0.561523 0.778320 0.561523 0.779297 0.559570 0.781250 0.560547 0.782227 0.560547 0.786133 0.561523 0.787109 0.561523 0.790039 0.562500 0.791016 0.562500 0.793945 0.563477 0.794922 0.563477 0.797852 0.564453 0.798828 0.564453 0.801758 0.565430 0.802734 0.565430 0.806641 0.566406 0.807617 0.566406 0.810547 0.567383 0.811523 0.567383 0.814453 0.568359 0.815430 0.568359 0.818359 0.569336 0.819336 0.569336 0.822266 0.570312 0.823242 0.570312 0.827148 0.574219 0.827148 0.575195 0.826172 0.579102 0.826172 0.580078 0.825195 0.583984 0.825195 0.584961 0.824219 0.588867 0.824219 0.589844 0.823242 0.592773 0.823242 0.593750 0.822266 0.597656 0.822266 0.598633 0.821289 0.602539 0.821289 0.603516 0.820312 0.607422 0.820312 0.608398 0.819336 0.611328 0.819336 0.612305 0.818359 0.615234 0.818359 0.615234 0.816406 0.616211 0.815430 0.616211 0.813477 0.617188 0.812500 0.617188 0.806641 0.616211 0.805664 0.616211 0.802734 0.615234 0.801758 0.615234 0.798828 0.614258 0.797852 0.614258 0.794922 0.613281 0.793945 0.612305 0.793945 0.610352 0.791992 0.610352 0.788086 0.611328 0.787109 0.612305 0.787109 0.611328 0.786133 0.611328 0.783203 0.610352 0.782227 0.610352 0.779297 0.609375 0.778320 0.609375 0.775391 0.608398 0.774414 0.608398 0.771484 0.607422 0.770508 0.607422 0.767578 0.606445 0.766602
1 0.640625 0.784180 0.639648 0.783203 0.639648 0.782227 0.638672 0.782227 0.637695 0.783203 0.636719 0.783203 0.635742 0.784180 0.634766 0.783203 0.633789 0.784180 0.629883 0.784180 0.628906 0.785156 0.625000 0.785156 0.624023 0.786133 0.623047 0.786133 0.622070 0.787109 0.621094 0.786133 0.621094 0.787109 0.620117 0.788086 0.620117 0.789062 0.619141 0.790039 0.618164 0.790039 0.617188 0.789062 0.617188 0.788086 0.618164 0.787109 0.616211 0.787109 0.615234 0.788086 0.613281 0.788086 0.612305 0.789062 0.611328 0.788086 0.611328 0.791992 0.612305 0.792969 0.613281 0.792969 0.614258 0.791992 0.618164 0.791992 0.619141 0.791016 0.623047 0.791016 0.624023 0.790039 0.626953 0.790039 0.627930 0.789062 0.631836 0.789062 0.632812 0.788086 0.636719 0.788086 0.637695 0.787109 0.640625 0.787109
