0 0.037109 0.447266 0.033203 0.451172 0.033203 0.453125 0.035156 0.451172 0.035156 0.449219
0 0.062500 0.408203 0.060547 0.410156 0.054688 0.410156 0.052734 0.412109 0.050781 0.410156 0.046875 0.414062 0.050781 0.417969 0.050781 0.421875 0.052734 0.423828 0.050781 0.425781 0.052734 0.427734 0.050781 0.429688 0.046875 0.429688 0.044922 0.427734 0.042969 0.427734 0.041016 0.429688 0.041016 0.433594 0.039062 0.435547 0.041016 0.433594 0.044922 0.433594 0.046875 0.435547 0.046875 0.437500 0.048828 0.435547 0.048828 0.433594 0.050781 0.431641 0.050781 0.429688 0.056641 0.423828 0.052734 0.419922 0.056641 0.416016 0.058594 0.416016 0.060547 0.414062 0.062500 0.416016 0.064453 0.414062 0.064453 0.412109 0.062500 0.410156
0 0.062500 0.396484 0.058594 0.400391 0.060547 0.402344 0.064453 0.402344 0.066406 0.404297 0.068359 0.402344 0.068359 0.400391 0.070312 0.398438 0.068359 0.400391 0.064453 0.396484
0 0.332031 0.189453 0.326172 0.189453 0.324219 0.191406 0.314453 0.191406 0.312500 0.193359 0.300781 0.193359 0.298828 0.195312 0.289062 0.195312 0.287109 0.197266 0.277344 0.197266 0.275391 0.199219 0.267578 0.199219 0.265625 0.201172 0.255859 0.201172 0.253906 0.203125 0.244141 0.203125 0.242188 0.205078 0.232422 0.205078 0.230469 0.207031 0.226562 0.207031 0.228516 0.208984 0.228516 0.216797 0.230469 0.218750 0.230469 0.228516 0.232422 0.230469 0.232422 0.238281 0.234375 0.240234 0.234375 0.248047 0.236328 0.250000 0.236328 0.257812 0.238281 0.259766 0.238281 0.269531 0.240234 0.271484 0.240234 0.279297 0.242188 0.281250 0.242188 0.285156 0.246094 0.285156 0.248047 0.283203 0.259766 0.283203 0.261719 0.281250 0.271484 0.281250 0.273438 0.279297 0.285156 0.279297 0.287109 0.277344 0.298828 0.277344 0.300781 0.275391 0.310547 0.275391 0.312500 0.273438 0.318359 0.273438 0.320312 0.271484 0.326172 0.271484 0.328125 0.269531 0.333984 0.269531 0.333984 0.265625 0.335938 0.263672 0.339844 0.263672 0.341797 0.265625 0.341797 0.267578 0.343750 0.265625 0.343750 0.257812 0.341797 0.255859 0.341797 0.246094 0.339844 0.244141 0.339844 0.234375 0.337891 0.232422 0.337891 0.224609 0.335938 0.222656 0.335938 0.212891 0.333984 0.210938 0.333984 0.201172 0.332031 0.199219
1 0.064453 0.365234 0.064453 0.367188 0.062500 0.369141 0.064453 0.367188
1 0.232422 0.242188 0.230469 0.242188 0.228516 0.244141 0.218750 0.244141 0.216797 0.246094 0.207031 0.246094 0.207031 0.248047 0.208984 0.250000 0.208984 0.251953 0.218750 0.251953 0.220703 0.250000 0.230469 0.250000 0.232422 0.248047
0 0.062500 0.417969 0.060547 0.416016 0.058594 0.417969 0.056641 0.417969 0.054688 0.419922 0.056641 0.421875 0.054688 0.423828 0.056641 0.421875 0.060547 0.421875 0.062500 0.419922
0 0.023438 0.347656 0.000000 0.371094 0.000000 0.435547 0.001953 0.435547 0.005859 0.439453 0.007812 0.439453 0.009766 0.441406 0.011719 0.441406 0.015625 0.445312 0.017578 0.445312 0.019531 0.447266 0.021484 0.447266 0.023438 0.449219 0.025391 0.449219 0.029297 0.453125 0.031250 0.453125 0.031250 0.451172 0.037109 0.445312 0.039062 0.445312 0.039062 0.443359 0.041016 0.441406 0.042969 0.441406 0.044922 0.439453 0.044922 0.435547 0.041016 0.435547 0.039062 0.433594 0.039062 0.429688 0.042969 0.425781 0.044922 0.425781 0.046875 0.427734 0.050781 0.427734 0.052734 0.429688 0.048828 0.425781 0.050781 0.423828 0.048828 0.421875 0.048828 0.417969 0.046875 0.416016 0.048828 0.414062 0.046875 0.412109 0.050781 0.408203 0.052734 0.410156 0.054688 0.408203 0.060547 0.408203 0.062500 0.406250 0.064453 0.408203 0.064453 0.410156 0.066406 0.408203 0.066406 0.406250 0.064453 0.404297 0.060547 0.404297 0.056641 0.400391 0.062500 0.394531 0.064453 0.394531 0.068359 0.398438 0.070312 0.396484 0.070312 0.394531 0.072266 0.392578 0.072266 0.388672 0.074219 0.386719 0.074219 0.382812 0.076172 0.380859 0.076172 0.378906 0.074219 0.378906 0.072266 0.376953 0.070312 0.376953 0.066406 0.373047 0.064453 0.373047 0.062500 0.371094 0.060547 0.371094 0.056641 0.367188 0.054688 0.367188 0.052734 0.365234 0.050781 0.365234 0.046875 0.361328 0.044922 0.361328 0.042969 0.359375 0.041016 0.359375 0.039062 0.357422 0.037109 0.357422 0.033203 0.353516 0.031250 0.353516 0.029297 0.351562 0.027344 0.351562
0 0.419922 0.300781 0.417969 0.302734 0.417969 0.304688 0.421875 0.308594 0.421875 0.306641 0.423828 0.304688 0.421875 0.302734 0.421875 0.300781
0 0.416016 0.242188 0.412109 0.242188 0.412109 0.250000 0.410156 0.251953 0.410156 0.259766 0.408203 0.261719 0.408203 0.269531 0.406250 0.271484 0.406250 0.279297 0.404297 0.281250 0.404297 0.289062 0.402344 0.291016 0.402344 0.298828 0.400391 0.300781 0.400391 0.308594 0.398438 0.310547 0.398438 0.314453 0.400391 0.314453 0.402344 0.316406 0.404297 0.316406 0.406250 0.318359 0.408203 0.316406 0.406250 0.314453 0.406250 0.308594 0.408203 0.306641 0.408203 0.296875 0.410156 0.294922 0.410156 0.292969 0.417969 0.285156 0.419922 0.285156 0.421875 0.283203 0.423828 0.283203 0.425781 0.281250 0.427734 0.281250 0.433594 0.275391 0.437500 0.275391 0.441406 0.279297 0.441406 0.281250 0.443359 0.281250 0.443359 0.275391 0.439453 0.271484 0.439453 0.269531 0.435547 0.265625 0.435547 0.263672 0.437500 0.261719 0.437500 0.257812 0.439453 0.255859 0.437500 0.253906 0.435547 0.253906 0.433594 0.251953 0.431641 0.251953 0.429688 0.250000 0.427734 0.250000 0.425781 0.251953 0.423828 0.251953 0.421875 0.250000 0.419922 0.250000 0.417969 0.248047 0.419922 0.246094
0 0.462891 0.230469 0.460938 0.230469 0.458984 0.232422 0.451172 0.232422 0.449219 0.234375 0.441406 0.234375 0.439453 0.236328 0.431641 0.236328 0.429688 0.238281 0.421875 0.238281 0.419922 0.240234 0.414062 0.240234 0.416016 0.240234 0.417969 0.242188 0.416016 0.244141 0.417969 0.242188 0.421875 0.246094 0.419922 0.248047 0.421875 0.248047 0.423828 0.250000 0.425781 0.250000 0.427734 0.248047 0.429688 0.248047 0.431641 0.250000 0.433594 0.250000 0.435547 0.251953 0.437500 0.251953 0.441406 0.255859 0.439453 0.257812 0.439453 0.261719 0.437500 0.263672 0.437500 0.265625 0.441406 0.269531 0.441406 0.271484 0.445312 0.275391 0.445312 0.281250 0.443359 0.283203 0.441406 0.283203 0.439453 0.281250 0.439453 0.279297 0.437500 0.277344 0.433594 0.277344 0.427734 0.283203 0.425781 0.283203 0.423828 0.285156 0.421875 0.285156 0.419922 0.287109 0.417969 0.287109 0.412109 0.292969 0.412109 0.294922 0.410156 0.296875 0.410156 0.306641 0.408203 0.308594 0.408203 0.314453 0.410156 0.316406 0.408203 0.318359 0.410156 0.320312 0.412109 0.320312 0.414062 0.322266 0.416016 0.322266 0.419922 0.326172 0.421875 0.326172 0.423828 0.328125 0.425781 0.328125 0.427734 0.330078 0.429688 0.330078 0.431641 0.332031 0.433594 0.332031 0.435547 0.333984 0.437500 0.333984 0.439453 0.335938 0.441406 0.335938 0.445312 0.339844 0.447266 0.339844 0.449219 0.341797 0.451172 0.341797 0.453125 0.343750 0.460938 0.343750 0.462891 0.341797 0.468750 0.341797 0.470703 0.339844 0.474609 0.339844 0.476562 0.337891 0.482422 0.337891 0.484375 0.335938 0.488281 0.335938 0.490234 0.333984 0.496094 0.333984 0.498047 0.332031 0.503906 0.332031 0.503906 0.330078 0.505859 0.328125 0.505859 0.320312 0.507812 0.318359 0.507812 0.312500 0.509766 0.310547 0.509766 0.304688 0.511719 0.302734 0.511719 0.296875 0.513672 0.294922 0.513672 0.289062 0.515625 0.287109 0.515625 0.279297 0.517578 0.277344 0.517578 0.271484 0.519531 0.269531 0.519531 0.263672 0.521484 0.261719 0.521484 0.259766 0.519531 0.257812 0.517578 0.257812 0.515625 0.255859 0.513672 0.255859 0.511719 0.253906 0.509766 0.253906 0.507812 0.251953 0.505859 0.251953 0.503906 0.250000 0.501953 0.250000 0.500000 0.248047 0.498047 0.248047 0.496094 0.246094 0.494141 0.246094 0.492188 0.244141 0.490234 0.244141 0.488281 0.242188 0.484375 0.242188 0.482422 0.240234 0.480469 0.240234 0.478516 0.238281 0.476562 0.238281 0.474609 0.236328 0.472656 0.236328 0.470703 0.234375 0.468750 0.234375 0.466797 0.232422 0.464844 0.232422
0 0.074219 0.412109 0.072266 0.412109 0.070312 0.414062 0.068359 0.414062 0.066406 0.416016 0.068359 0.414062 0.070312 0.416016 0.070312 0.417969 0.066406 0.421875 0.062500 0.421875 0.060547 0.423828 0.058594 0.423828 0.054688 0.427734 0.054688 0.429688 0.050781 0.433594 0.050781 0.435547 0.037109 0.449219 0.037109 0.451172 0.033203 0.455078 0.029297 0.455078 0.025391 0.451172 0.023438 0.451172 0.021484 0.449219 0.019531 0.449219 0.017578 0.447266 0.015625 0.447266 0.015625 0.449219 0.019531 0.453125 0.019531 0.455078 0.021484 0.457031 0.021484 0.458984 0.023438 0.460938 0.023438 0.462891 0.025391 0.464844 0.029297 0.460938 0.031250 0.460938 0.035156 0.464844 0.035156 0.472656 0.033203 0.474609 0.031250 0.474609 0.031250 0.476562 0.033203 0.478516 0.033203 0.480469 0.037109 0.484375 0.037109 0.486328 0.039062 0.488281 0.039062 0.490234 0.041016 0.492188 0.041016 0.494141 0.044922 0.498047 0.044922 0.500000 0.046875 0.498047 0.048828 0.498047 0.050781 0.496094 0.052734 0.496094 0.054688 0.494141 0.056641 0.494141 0.058594 0.492188 0.060547 0.492188 0.062500 0.490234 0.064453 0.490234 0.066406 0.488281 0.068359 0.488281 0.070312 0.486328 0.072266 0.486328 0.074219 0.484375 0.076172 0.484375 0.078125 0.482422 0.080078 0.482422 0.082031 0.480469 0.083984 0.480469 0.085938 0.478516 0.087891 0.478516 0.089844 0.476562 0.091797 0.476562 0.093750 0.474609 0.095703 0.474609 0.097656 0.472656 0.099609 0.472656 0.099609 0.468750 0.101562 0.466797 0.101562 0.462891 0.099609 0.460938 0.099609 0.458984 0.097656 0.457031 0.097656 0.455078 0.095703 0.453125 0.095703 0.451172 0.093750 0.449219 0.093750 0.447266 0.091797 0.445312 0.087891 0.445312 0.083984 0.441406 0.083984 0.439453 0.085938 0.437500 0.087891 0.437500 0.085938 0.435547 0.085938 0.433594 0.083984 0.431641 0.083984 0.429688 0.082031 0.427734 0.082031 0.425781 0.078125 0.421875 0.078125 0.419922 0.076172 0.417969 0.076172 0.416016 0.074219 0.414062
1 0.121094 0.421875 0.119141 0.423828 0.117188 0.423828 0.117188 0.425781 0.115234 0.427734 0.113281 0.425781 0.111328 0.427734 0.109375 0.427734 0.109375 0.429688 0.107422 0.431641 0.105469 0.429688 0.099609 0.435547 0.097656 0.433594 0.099609 0.435547 0.097656 0.437500 0.095703 0.437500 0.097656 0.437500 0.099609 0.435547 0.101562 0.437500 0.099609 0.435547 0.103516 0.431641 0.105469 0.433594 0.107422 0.431641 0.113281 0.431641 0.113281 0.429688 0.115234 0.427734 0.117188 0.429688 0.119141 0.427734 0.121094 0.427734 0.123047 0.425781 0.121094 0.423828
