0 0.531250 0.575195 0.531250 0.582031 0.530273 0.583008 0.530273 0.591797 0.532227 0.591797 0.533203 0.592773 0.537109 0.592773 0.538086 0.593750 0.539062 0.593750 0.539062 0.592773 0.540039 0.591797 0.541992 0.591797 0.542969 0.592773 0.542969 0.593750 0.543945 0.594727 0.545898 0.594727 0.546875 0.593750 0.548828 0.593750 0.549805 0.592773 0.552734 0.592773 0.552734 0.585938 0.553711 0.584961 0.553711 0.576172 0.552734 0.575195 0.548828 0.575195 0.547852 0.574219 0.543945 0.574219 0.542969 0.573242 0.536133 0.573242 0.535156 0.574219 0.533203 0.574219 0.532227 0.575195
1 0.541992 0.592773 0.540039 0.592773 0.540039 0.602539 0.539062 0.603516 0.541016 0.603516 0.541016 0.596680 0.541992 0.595703
0 0.402344 0.460938 0.402344 0.467773 0.401367 0.468750 0.401367 0.474609 0.400391 0.475586 0.400391 0.477539 0.401367 0.478516 0.403320 0.478516 0.404297 0.479492 0.406250 0.479492 0.407227 0.480469 0.409180 0.480469 0.410156 0.481445 0.412109 0.481445 0.413086 0.482422 0.416016 0.482422 0.416992 0.481445 0.422852 0.481445 0.423828 0.480469 0.426758 0.480469 0.426758 0.475586 0.427734 0.474609 0.427734 0.469727 0.426758 0.469727 0.425781 0.470703 0.420898 0.470703 0.419922 0.469727 0.419922 0.468750 0.420898 0.467773 0.422852 0.467773 0.423828 0.466797 0.427734 0.466797 0.428711 0.465820 0.428711 0.462891 0.427734 0.462891 0.426758 0.461914 0.424805 0.461914 0.423828 0.460938 0.421875 0.460938 0.420898 0.459961 0.419922 0.459961 0.418945 0.458984 0.416992 0.458984 0.416016 0.458008 0.413086 0.458008 0.412109 0.458984 0.407227 0.458984 0.406250 0.459961 0.403320 0.459961
1 0.420898 0.469727 0.425781 0.469727 0.426758 0.468750 0.429688 0.468750 0.429688 0.467773 0.423828 0.467773 0.422852 0.468750 0.420898 0.468750
0 0.497070 0.555664 0.497070 0.556641 0.496094 0.557617 0.496094 0.559570 0.495117 0.560547 0.495117 0.561523 0.494141 0.562500 0.494141 0.563477 0.493164 0.564453 0.493164 0.568359 0.494141 0.569336 0.494141 0.572266 0.495117 0.573242 0.495117 0.575195 0.496094 0.576172 0.496094 0.579102 0.497070 0.580078 0.512695 0.580078 0.512695 0.579102 0.513672 0.578125 0.513672 0.577148 0.514648 0.576172 0.514648 0.575195 0.515625 0.574219 0.515625 0.573242 0.516602 0.572266 0.516602 0.571289 0.517578 0.570312 0.517578 0.567383 0.516602 0.566406 0.516602 0.563477 0.515625 0.562500 0.515625 0.560547 0.514648 0.559570 0.514648 0.556641 0.513672 0.555664
0 0.484375 0.592773 0.485352 0.593750 0.490234 0.593750 0.494141 0.597656 0.494141 0.599609 0.498047 0.595703 0.499023 0.595703 0.501953 0.592773 0.502930 0.592773 0.499023 0.592773 0.498047 0.591797 0.495117 0.591797 0.494141 0.590820 0.490234 0.590820 0.489258 0.589844 0.487305 0.589844
0 0.675781 0.552734 0.672852 0.552734 0.671875 0.553711 0.666992 0.553711 0.666016 0.554688 0.660156 0.554688 0.659180 0.555664 0.654297 0.555664 0.653320 0.556641 0.652344 0.556641 0.651367 0.557617 0.651367 0.558594 0.650391 0.559570 0.650391 0.560547 0.648438 0.562500 0.648438 0.566406 0.649414 0.567383 0.649414 0.570312 0.650391 0.571289 0.650391 0.574219 0.651367 0.575195 0.651367 0.578125 0.652344 0.579102 0.652344 0.582031 0.653320 0.583008 0.653320 0.585938 0.660156 0.585938 0.661133 0.584961 0.666992 0.584961 0.667969 0.583984 0.673828 0.583984 0.674805 0.583008 0.677734 0.583008 0.677734 0.582031 0.678711 0.581055 0.678711 0.580078 0.679688 0.579102 0.679688 0.578125 0.680664 0.577148 0.680664 0.576172 0.681641 0.575195 0.680664 0.574219 0.680664 0.571289 0.679688 0.570312 0.679688 0.566406 0.678711 0.565430 0.678711 0.562500 0.677734 0.561523 0.677734 0.558594 0.676758 0.557617 0.676758 0.554688 0.675781 0.553711
1 0.486328 0.607422 0.485352 0.607422 0.483398 0.609375 0.482422 0.608398 0.483398 0.609375 0.481445 0.611328 0.480469 0.611328 0.480469 0.612305 0.481445 0.612305 0.482422 0.611328 0.482422 0.610352 0.484375 0.608398 0.485352 0.608398
0 0.478516 0.596680 0.478516 0.607422 0.479492 0.608398 0.479492 0.610352 0.482422 0.607422 0.483398 0.607422 0.485352 0.605469 0.486328 0.605469 0.487305 0.606445 0.487305 0.608398 0.486328 0.609375 0.485352 0.609375 0.481445 0.613281 0.480469 0.613281 0.481445 0.613281 0.482422 0.614258 0.485352 0.614258 0.486328 0.615234 0.489258 0.615234 0.490234 0.616211 0.495117 0.616211 0.496094 0.615234 0.497070 0.615234 0.500977 0.611328 0.501953 0.611328 0.503906 0.609375 0.503906 0.602539 0.502930 0.601562 0.502930 0.593750 0.501953 0.593750 0.499023 0.596680 0.498047 0.596680 0.494141 0.600586 0.493164 0.599609 0.493164 0.597656 0.490234 0.594727 0.485352 0.594727 0.483398 0.592773 0.480469 0.595703 0.479492 0.595703
1 0.486328 0.606445 0.485352 0.606445 0.482422 0.609375 0.481445 0.609375 0.479492 0.611328 0.478516 0.611328 0.478516 0.612305 0.479492 0.613281 0.479492 0.611328 0.480469 0.610352 0.481445 0.610352 0.482422 0.609375 0.483398 0.610352 0.484375 0.609375 0.483398 0.608398 0.485352 0.606445
0 0.513672 0.288086 0.499023 0.302734 0.500000 0.303711 0.500000 0.304688 0.500977 0.305664 0.500977 0.306641 0.501953 0.307617 0.501953 0.308594 0.502930 0.309570 0.502930 0.311523 0.503906 0.312500 0.503906 0.313477 0.504883 0.314453 0.504883 0.315430 0.506836 0.317383 0.507812 0.317383 0.509766 0.319336 0.510742 0.319336 0.511719 0.320312 0.512695 0.320312 0.514648 0.322266 0.515625 0.322266 0.517578 0.324219 0.518555 0.324219 0.519531 0.325195 0.533203 0.311523 0.533203 0.308594 0.532227 0.307617 0.532227 0.306641 0.531250 0.305664 0.531250 0.304688 0.530273 0.303711 0.530273 0.301758 0.529297 0.300781 0.529297 0.299805 0.528320 0.298828 0.528320 0.296875 0.527344 0.295898 0.526367 0.295898 0.525391 0.294922 0.524414 0.294922 0.523438 0.293945 0.522461 0.293945 0.520508 0.291992 0.519531 0.291992 0.518555 0.291016 0.517578 0.291016 0.516602 0.290039 0.515625 0.290039
