0 0.444336 0.364258 0.438477 0.370117 0.437500 0.370117 0.429688 0.377930 0.430664 0.378906 0.430664 0.380859 0.431641 0.381836 0.431641 0.383789 0.432617 0.384766 0.432617 0.386719 0.433594 0.387695 0.433594 0.389648 0.434570 0.390625 0.434570 0.392578 0.435547 0.393555 0.435547 0.395508 0.437500 0.395508 0.438477 0.396484 0.439453 0.396484 0.440430 0.397461 0.442383 0.397461 0.443359 0.398438 0.445312 0.398438 0.446289 0.399414 0.447266 0.399414 0.448242 0.400391 0.450195 0.400391 0.451172 0.401367 0.452148 0.401367 0.453125 0.400391 0.454102 0.400391 0.466797 0.387695 0.466797 0.386719 0.465820 0.385742 0.465820 0.383789 0.464844 0.382812 0.464844 0.379883 0.463867 0.378906 0.463867 0.376953 0.462891 0.375977 0.462891 0.374023 0.461914 0.373047 0.461914 0.370117 0.460938 0.370117 0.459961 0.369141 0.458008 0.369141 0.457031 0.368164 0.455078 0.368164 0.454102 0.367188 0.452148 0.367188 0.451172 0.366211 0.449219 0.366211 0.448242 0.365234 0.446289 0.365234 0.445312 0.364258
1 0.455078 0.400391 0.454102 0.401367 0.453125 0.401367 0.453125 0.402344 0.454102 0.403320 0.454102 0.404297 0.455078 0.404297 0.456055 0.403320 0.456055 0.402344 0.455078 0.401367
0 0.275391 0.429688 0.273438 0.431641 0.273438 0.432617 0.272461 0.433594 0.272461 0.434570 0.271484 0.435547 0.271484 0.436523 0.270508 0.437500 0.270508 0.438477 0.268555 0.440430 0.268555 0.441406 0.267578 0.442383 0.267578 0.443359 0.266602 0.444336 0.266602 0.445312 0.265625 0.446289 0.265625 0.447266 0.263672 0.449219 0.263672 0.451172 0.264648 0.452148 0.264648 0.453125 0.265625 0.454102 0.265625 0.455078 0.266602 0.456055 0.266602 0.457031 0.267578 0.458008 0.267578 0.458984 0.268555 0.459961 0.268555 0.460938 0.270508 0.462891 0.270508 0.463867 0.271484 0.464844 0.271484 0.465820 0.272461 0.466797 0.272461 0.467773 0.273438 0.468750 0.273438 0.469727 0.274414 0.470703 0.279297 0.470703 0.280273 0.471680 0.294922 0.471680 0.295898 0.472656 0.300781 0.472656 0.300781 0.471680 0.301758 0.470703 0.301758 0.469727 0.302734 0.468750 0.302734 0.467773 0.303711 0.466797 0.303711 0.465820 0.304688 0.464844 0.304688 0.463867 0.305664 0.462891 0.305664 0.461914 0.306641 0.460938 0.306641 0.459961 0.307617 0.458984 0.307617 0.458008 0.308594 0.457031 0.308594 0.456055 0.309570 0.455078 0.307617 0.455078 0.306641 0.454102 0.301758 0.454102 0.299805 0.452148 0.299805 0.451172 0.301758 0.449219 0.310547 0.449219 0.309570 0.448242 0.309570 0.446289 0.308594 0.445312 0.308594 0.444336 0.307617 0.443359 0.307617 0.442383 0.306641 0.441406 0.306641 0.440430 0.305664 0.439453 0.305664 0.438477 0.304688 0.437500 0.304688 0.436523 0.303711 0.435547 0.303711 0.434570 0.302734 0.433594 0.302734 0.432617 0.301758 0.431641 0.301758 0.430664 0.292969 0.430664 0.291992 0.429688
1 0.300781 0.451172 0.300781 0.452148 0.301758 0.453125 0.306641 0.453125 0.307617 0.454102 0.319336 0.454102 0.319336 0.451172 0.315430 0.451172 0.314453 0.450195 0.301758 0.450195
0 0.418945 0.396484 0.414062 0.396484 0.413086 0.397461 0.409180 0.397461 0.400391 0.406250 0.400391 0.407227 0.393555 0.414062 0.399414 0.419922 0.399414 0.420898 0.409180 0.430664 0.418945 0.430664 0.429688 0.419922 0.429688 0.418945 0.434570 0.414062 0.430664 0.410156 0.430664 0.409180 0.422852 0.401367 0.422852 0.400391
0 0.757812 0.541016 0.754883 0.541016 0.753906 0.541992 0.750977 0.541992 0.750000 0.542969 0.747070 0.542969 0.746094 0.543945 0.743164 0.543945 0.742188 0.544922 0.739258 0.544922 0.738281 0.545898 0.734375 0.545898 0.733398 0.546875 0.730469 0.546875 0.729492 0.547852 0.728516 0.547852 0.729492 0.548828 0.729492 0.551758 0.730469 0.552734 0.730469 0.555664 0.731445 0.556641 0.731445 0.559570 0.732422 0.560547 0.732422 0.562500 0.733398 0.563477 0.733398 0.566406 0.734375 0.567383 0.734375 0.570312 0.735352 0.571289 0.735352 0.573242 0.736328 0.574219 0.736328 0.577148 0.737305 0.578125 0.740234 0.578125 0.741211 0.577148 0.744141 0.577148 0.745117 0.576172 0.748047 0.576172 0.749023 0.575195 0.752930 0.575195 0.753906 0.574219 0.756836 0.574219 0.757812 0.573242 0.760742 0.573242 0.761719 0.572266 0.765625 0.572266 0.765625 0.570312 0.766602 0.569336 0.765625 0.568359 0.765625 0.566406 0.764648 0.565430 0.764648 0.562500 0.763672 0.561523 0.763672 0.559570 0.762695 0.558594 0.762695 0.555664 0.761719 0.554688 0.761719 0.552734 0.760742 0.551758 0.760742 0.548828 0.759766 0.547852 0.759766 0.544922 0.758789 0.543945 0.758789 0.541992
0 0.431641 0.452148 0.425781 0.452148 0.425781 0.453125 0.424805 0.454102 0.424805 0.455078 0.423828 0.456055 0.421875 0.456055 0.420898 0.457031 0.420898 0.458008 0.423828 0.458008 0.425781 0.456055 0.431641 0.456055
0 0.417969 0.452148 0.415039 0.452148 0.414062 0.453125 0.409180 0.453125 0.409180 0.456055 0.410156 0.457031 0.412109 0.457031 0.413086 0.458008 0.414062 0.458008 0.416016 0.456055 0.416016 0.455078 0.417969 0.453125
1 0.739258 0.526367 0.738281 0.527344 0.737305 0.527344 0.737305 0.528320 0.738281 0.529297 0.738281 0.532227 0.739258 0.533203 0.739258 0.536133 0.740234 0.537109 0.740234 0.539062 0.741211 0.540039 0.741211 0.542969 0.742188 0.543945 0.743164 0.542969 0.744141 0.542969 0.743164 0.541992 0.743164 0.539062 0.742188 0.538086 0.742188 0.535156 0.741211 0.534180 0.741211 0.532227 0.740234 0.531250 0.740234 0.528320 0.739258 0.527344
1 0.420898 0.481445 0.420898 0.486328 0.421875 0.485352 0.421875 0.482422
0 0.408203 0.457031 0.408203 0.475586 0.409180 0.476562 0.409180 0.477539 0.411133 0.479492 0.419922 0.479492 0.419922 0.478516 0.421875 0.476562 0.423828 0.478516 0.423828 0.479492 0.434570 0.479492 0.434570 0.456055 0.433594 0.455078 0.433594 0.454102 0.432617 0.453125 0.432617 0.456055 0.431641 0.457031 0.425781 0.457031 0.423828 0.458984 0.420898 0.458984 0.419922 0.458008 0.419922 0.457031 0.421875 0.455078 0.423828 0.455078 0.423828 0.454102 0.424805 0.453125 0.424805 0.452148 0.418945 0.452148 0.418945 0.453125 0.416992 0.455078 0.416992 0.456055 0.414062 0.458984 0.413086 0.458984 0.412109 0.458008 0.410156 0.458008 0.409180 0.457031
1 0.421875 0.486328 0.420898 0.487305 0.420898 0.494141 0.420898 0.493164 0.421875 0.492188
1 0.420898 0.478516 0.420898 0.480469 0.422852 0.482422 0.422852 0.483398 0.422852 0.481445 0.421875 0.480469 0.422852 0.479492 0.421875 0.478516
0 0.446289 0.302734 0.446289 0.303711 0.445312 0.304688 0.445312 0.305664 0.444336 0.306641 0.444336 0.308594 0.443359 0.309570 0.443359 0.310547 0.442383 0.311523 0.442383 0.312500 0.441406 0.313477 0.441406 0.315430 0.440430 0.316406 0.440430 0.317383 0.439453 0.318359 0.439453 0.320312 0.438477 0.321289 0.438477 0.322266 0.437500 0.323242 0.437500 0.325195 0.436523 0.326172 0.436523 0.327148 0.435547 0.328125 0.435547 0.330078 0.434570 0.331055 0.434570 0.332031 0.433594 0.333008 0.433594 0.333984 0.432617 0.334961 0.432617 0.336914 0.431641 0.337891 0.431641 0.350586 0.432617 0.351562 0.432617 0.355469 0.434570 0.355469 0.435547 0.356445 0.436523 0.356445 0.437500 0.357422 0.439453 0.357422 0.440430 0.358398 0.442383 0.358398 0.443359 0.359375 0.445312 0.359375 0.446289 0.360352 0.447266 0.360352 0.448242 0.361328 0.450195 0.361328 0.451172 0.362305 0.453125 0.362305 0.454102 0.363281 0.456055 0.363281 0.457031 0.364258 0.458008 0.364258 0.458984 0.365234 0.460938 0.365234 0.461914 0.366211 0.463867 0.366211 0.464844 0.367188 0.466797 0.367188 0.467773 0.368164 0.468750 0.368164 0.469727 0.369141 0.471680 0.369141 0.471680 0.368164 0.472656 0.367188 0.472656 0.366211 0.473633 0.365234 0.473633 0.363281 0.474609 0.362305 0.474609 0.361328 0.475586 0.360352 0.475586 0.359375 0.476562 0.358398 0.476562 0.357422 0.477539 0.356445 0.477539 0.354492 0.478516 0.353516 0.478516 0.352539 0.479492 0.351562 0.479492 0.350586 0.480469 0.349609 0.480469 0.348633 0.481445 0.347656 0.481445 0.345703 0.482422 0.344727 0.482422 0.343750 0.483398 0.342773 0.483398 0.341797 0.484375 0.340820 0.484375 0.338867 0.485352 0.337891 0.485352 0.336914 0.486328 0.335938 0.486328 0.334961 0.487305 0.333984 0.487305 0.328125 0.486328 0.327148 0.486328 0.324219 0.485352 0.323242 0.485352 0.319336 0.484375 0.318359 0.484375 0.317383 0.483398 0.316406 0.481445 0.316406 0.480469 0.315430 0.478516 0.315430 0.477539 0.314453 0.476562 0.314453 0.475586 0.313477 0.473633 0.313477 0.472656 0.312500 0.471680 0.312500 0.470703 0.311523 0.468750 0.311523 0.467773 0.310547 0.465820 0.310547 0.464844 0.309570 0.463867 0.309570 0.462891 0.308594 0.460938 0.308594 0.459961 0.307617 0.458008 0.307617 0.457031 0.306641 0.456055 0.306641 0.455078 0.305664 0.453125 0.305664 0.452148 0.304688 0.451172 0.304688 0.450195 0.303711 0.448242 0.303711 0.447266 0.302734
