0 0.604492 0.365234 0.599609 0.365234 0.597656 0.367188 0.597656 0.368164 0.592773 0.373047 0.591797 0.373047 0.590820 0.374023 0.589844 0.374023 0.588867 0.375000 0.587891 0.375000 0.586914 0.375977 0.585938 0.375977 0.584961 0.376953 0.583984 0.376953 0.582031 0.378906 0.582031 0.380859 0.583008 0.381836 0.583008 0.382812 0.583984 0.383789 0.583984 0.384766 0.584961 0.385742 0.584961 0.386719 0.585938 0.387695 0.585938 0.389648 0.586914 0.390625 0.586914 0.391602 0.587891 0.392578 0.605469 0.392578 0.605469 0.391602 0.606445 0.390625 0.606445 0.388672 0.607422 0.387695 0.607422 0.385742 0.608398 0.384766 0.608398 0.383789 0.609375 0.382812 0.609375 0.380859 0.610352 0.379883 0.610352 0.376953 0.609375 0.375977 0.609375 0.375000 0.608398 0.374023 0.608398 0.373047 0.607422 0.372070 0.607422 0.371094 0.606445 0.370117 0.606445 0.369141 0.605469 0.368164 0.605469 0.367188 0.604492 0.366211
1 0.591797 0.393555 0.589844 0.393555 0.589844 0.396484 0.590820 0.396484 0.590820 0.395508 0.591797 0.394531
0 0.453125 0.321289 0.452148 0.321289 0.451172 0.322266 0.449219 0.322266 0.448242 0.323242 0.447266 0.323242 0.446289 0.324219 0.444336 0.324219 0.443359 0.325195 0.442383 0.325195 0.441406 0.326172 0.439453 0.326172 0.438477 0.327148 0.437500 0.327148 0.436523 0.328125 0.435547 0.328125 0.434570 0.329102 0.434570 0.333984 0.433594 0.334961 0.433594 0.339844 0.432617 0.340820 0.432617 0.345703 0.442383 0.355469 0.442383 0.356445 0.445312 0.359375 0.446289 0.359375 0.447266 0.358398 0.449219 0.358398 0.450195 0.357422 0.451172 0.357422 0.452148 0.356445 0.453125 0.356445 0.454102 0.355469 0.456055 0.355469 0.457031 0.354492 0.458008 0.354492 0.458984 0.353516 0.459961 0.353516 0.455078 0.348633 0.455078 0.347656 0.457031 0.345703 0.458008 0.345703 0.463867 0.351562 0.463867 0.348633 0.464844 0.347656 0.464844 0.343750 0.465820 0.342773 0.465820 0.338867 0.466797 0.337891 0.466797 0.334961
1 0.457031 0.346680 0.456055 0.347656 0.456055 0.348633 0.464844 0.357422 0.466797 0.357422 0.466797 0.355469 0.458008 0.346680
0 0.541992 0.370117 0.541992 0.372070 0.542969 0.373047 0.542969 0.388672 0.546875 0.392578 0.546875 0.393555 0.553711 0.393555 0.554688 0.392578 0.561523 0.392578 0.562500 0.391602 0.567383 0.391602 0.566406 0.390625 0.566406 0.382812 0.565430 0.381836 0.565430 0.380859 0.563477 0.378906 0.563477 0.377930 0.562500 0.376953 0.562500 0.375977 0.560547 0.374023 0.560547 0.373047 0.558594 0.371094 0.558594 0.370117 0.557617 0.369141 0.557617 0.368164 0.554688 0.368164 0.553711 0.369141 0.546875 0.369141 0.545898 0.370117
0 0.661133 0.627930 0.661133 0.628906 0.660156 0.629883 0.660156 0.630859 0.659180 0.631836 0.659180 0.632812 0.657227 0.634766 0.657227 0.635742 0.656250 0.636719 0.656250 0.637695 0.655273 0.638672 0.655273 0.639648 0.654297 0.640625 0.654297 0.641602 0.653320 0.642578 0.653320 0.643555 0.651367 0.645508 0.651367 0.646484 0.650391 0.647461 0.650391 0.649414 0.651367 0.650391 0.651367 0.651367 0.652344 0.652344 0.653320 0.652344 0.654297 0.653320 0.655273 0.653320 0.656250 0.654297 0.657227 0.654297 0.659180 0.656250 0.660156 0.656250 0.661133 0.657227 0.662109 0.657227 0.663086 0.658203 0.664062 0.658203 0.665039 0.659180 0.666016 0.659180 0.667969 0.661133 0.668945 0.661133 0.669922 0.662109 0.670898 0.662109 0.671875 0.663086 0.672852 0.663086 0.672852 0.662109 0.674805 0.660156 0.674805 0.659180 0.675781 0.658203 0.675781 0.657227 0.676758 0.656250 0.676758 0.655273 0.677734 0.654297 0.677734 0.653320 0.678711 0.652344 0.678711 0.651367 0.680664 0.649414 0.680664 0.648438 0.681641 0.647461 0.681641 0.646484 0.682617 0.645508 0.682617 0.644531 0.683594 0.643555 0.683594 0.641602 0.682617 0.640625 0.682617 0.639648 0.681641 0.638672 0.680664 0.638672 0.679688 0.637695 0.678711 0.637695 0.677734 0.636719 0.676758 0.636719 0.674805 0.634766 0.673828 0.634766 0.672852 0.633789 0.671875 0.633789 0.670898 0.632812 0.669922 0.632812 0.668945 0.631836 0.667969 0.631836 0.666992 0.630859 0.666016 0.630859 0.664062 0.628906 0.663086 0.628906 0.662109 0.627930
0 0.520508 0.419922 0.520508 0.420898 0.521484 0.420898 0.522461 0.421875 0.522461 0.420898 0.521484 0.420898
0 0.526367 0.407227 0.527344 0.408203 0.529297 0.408203 0.530273 0.407227 0.531250 0.407227 0.533203 0.405273 0.534180 0.406250 0.535156 0.405273 0.536133 0.406250 0.536133 0.408203 0.538086 0.410156 0.539062 0.410156 0.539062 0.409180 0.533203 0.403320 0.532227 0.403320 0.531250 0.402344
1 0.679688 0.621094 0.678711 0.622070 0.678711 0.623047 0.677734 0.624023 0.677734 0.625000 0.676758 0.625977 0.676758 0.626953 0.674805 0.628906 0.674805 0.629883 0.673828 0.630859 0.673828 0.631836 0.672852 0.632812 0.673828 0.633789 0.674805 0.633789 0.674805 0.632812 0.676758 0.630859 0.676758 0.629883 0.677734 0.628906 0.677734 0.627930 0.678711 0.626953 0.678711 0.625977 0.679688 0.625000 0.679688 0.624023 0.680664 0.623047 0.680664 0.622070
0 0.534180 0.405273 0.531250 0.408203 0.530273 0.408203 0.529297 0.409180 0.527344 0.409180 0.526367 0.408203 0.518555 0.416016 0.518555 0.416992 0.519531 0.417969 0.519531 0.419922 0.520508 0.418945 0.521484 0.419922 0.522461 0.419922 0.523438 0.420898 0.523438 0.421875 0.522461 0.422852 0.521484 0.421875 0.524414 0.424805 0.525391 0.423828 0.527344 0.425781 0.527344 0.426758 0.533203 0.432617 0.534180 0.432617 0.537109 0.429688 0.537109 0.428711 0.544922 0.420898 0.544922 0.419922 0.545898 0.418945 0.545898 0.414062 0.544922 0.414062 0.540039 0.409180 0.540039 0.410156 0.539062 0.411133 0.538086 0.411133 0.535156 0.408203 0.535156 0.406250
1 0.525391 0.424805 0.519531 0.430664 0.519531 0.432617 0.518555 0.433594 0.517578 0.433594 0.517578 0.434570 0.518555 0.434570 0.522461 0.430664 0.522461 0.429688 0.526367 0.425781
0 0.587891 0.335938 0.585938 0.335938 0.584961 0.336914 0.583984 0.336914 0.583008 0.337891 0.582031 0.337891 0.580078 0.339844 0.579102 0.339844 0.578125 0.340820 0.577148 0.340820 0.576172 0.341797 0.575195 0.341797 0.574219 0.342773 0.573242 0.342773 0.571289 0.344727 0.570312 0.344727 0.569336 0.345703 0.568359 0.345703 0.567383 0.346680 0.566406 0.346680 0.564453 0.348633 0.563477 0.348633 0.559570 0.352539 0.558594 0.352539 0.552734 0.358398 0.552734 0.359375 0.553711 0.360352 0.553711 0.361328 0.555664 0.363281 0.555664 0.364258 0.556641 0.365234 0.556641 0.366211 0.558594 0.368164 0.558594 0.369141 0.559570 0.370117 0.559570 0.371094 0.561523 0.373047 0.561523 0.374023 0.563477 0.375977 0.563477 0.376953 0.564453 0.377930 0.564453 0.378906 0.566406 0.380859 0.566406 0.381836 0.567383 0.382812 0.567383 0.383789 0.568359 0.384766 0.569336 0.383789 0.570312 0.383789 0.571289 0.382812 0.572266 0.382812 0.573242 0.381836 0.574219 0.381836 0.575195 0.380859 0.576172 0.380859 0.577148 0.379883 0.578125 0.379883 0.580078 0.377930 0.581055 0.377930 0.582031 0.376953 0.583008 0.376953 0.583984 0.375977 0.584961 0.375977 0.585938 0.375000 0.586914 0.375000 0.587891 0.374023 0.588867 0.374023 0.589844 0.373047 0.590820 0.373047 0.591797 0.372070 0.592773 0.372070 0.596680 0.368164 0.596680 0.367188 0.602539 0.361328 0.601562 0.360352 0.601562 0.359375 0.600586 0.358398 0.600586 0.357422 0.598633 0.355469 0.598633 0.354492 0.597656 0.353516 0.597656 0.352539 0.595703 0.350586 0.595703 0.349609 0.594727 0.348633 0.594727 0.347656 0.592773 0.345703 0.592773 0.344727 0.591797 0.343750 0.591797 0.342773 0.590820 0.341797 0.590820 0.340820 0.588867 0.338867 0.588867 0.337891 0.587891 0.336914
