0 0.317383 0.645508 0.319336 0.647461 0.319336 0.648438 0.320312 0.648438 0.320312 0.646484 0.318359 0.646484
0 0.323242 0.616211 0.322266 0.616211 0.320312 0.618164 0.319336 0.618164 0.316406 0.621094 0.315430 0.621094 0.312500 0.624023 0.311523 0.624023 0.308594 0.626953 0.307617 0.626953 0.306641 0.627930 0.306641 0.629883 0.307617 0.630859 0.307617 0.632812 0.308594 0.633789 0.308594 0.634766 0.312500 0.638672 0.312500 0.639648 0.315430 0.642578 0.315430 0.643555 0.315430 0.642578 0.314453 0.641602 0.314453 0.639648 0.313477 0.638672 0.313477 0.635742 0.312500 0.634766 0.313477 0.633789 0.313477 0.632812 0.314453 0.631836 0.314453 0.630859 0.315430 0.629883 0.315430 0.628906 0.317383 0.626953 0.317383 0.625977 0.318359 0.625000 0.318359 0.624023 0.319336 0.623047 0.319336 0.622070 0.320312 0.621094 0.320312 0.620117 0.321289 0.619141 0.321289 0.618164
0 0.326172 0.555664 0.324219 0.555664 0.323242 0.556641 0.314453 0.556641 0.311523 0.559570 0.310547 0.559570 0.307617 0.562500 0.306641 0.562500 0.302734 0.566406 0.301758 0.566406 0.297852 0.570312 0.296875 0.570312 0.294922 0.572266 0.294922 0.574219 0.296875 0.576172 0.296875 0.577148 0.298828 0.579102 0.298828 0.580078 0.301758 0.583008 0.301758 0.583984 0.303711 0.585938 0.303711 0.586914 0.305664 0.588867 0.305664 0.589844 0.307617 0.591797 0.307617 0.592773 0.308594 0.593750 0.321289 0.593750 0.326172 0.588867 0.327148 0.588867 0.332031 0.583984 0.333008 0.583984 0.336914 0.580078 0.337891 0.580078 0.339844 0.578125 0.339844 0.576172 0.337891 0.574219 0.337891 0.573242 0.335938 0.571289 0.335938 0.570312 0.333984 0.568359 0.333984 0.567383 0.332031 0.565430 0.332031 0.564453 0.330078 0.562500 0.330078 0.561523 0.328125 0.559570 0.328125 0.558594 0.326172 0.556641
1 0.340820 0.556641 0.339844 0.555664 0.338867 0.556641 0.337891 0.556641 0.333984 0.560547 0.333008 0.560547 0.331055 0.562500 0.333008 0.564453 0.336914 0.560547 0.337891 0.560547 0.340820 0.557617
0 0.324219 0.616211 0.322266 0.618164 0.322266 0.619141 0.321289 0.620117 0.321289 0.621094 0.320312 0.622070 0.320312 0.623047 0.319336 0.624023 0.319336 0.625000 0.318359 0.625977 0.318359 0.626953 0.316406 0.628906 0.316406 0.629883 0.315430 0.630859 0.315430 0.631836 0.314453 0.632812 0.314453 0.633789 0.313477 0.634766 0.314453 0.635742 0.314453 0.638672 0.315430 0.639648 0.315430 0.641602 0.316406 0.642578 0.316406 0.644531 0.317383 0.644531 0.318359 0.645508 0.320312 0.645508 0.321289 0.646484 0.323242 0.646484 0.324219 0.647461 0.326172 0.647461 0.327148 0.648438 0.328125 0.648438 0.329102 0.649414 0.331055 0.649414 0.332031 0.650391 0.333984 0.650391 0.334961 0.651367 0.336914 0.651367 0.336914 0.650391 0.337891 0.649414 0.337891 0.648438 0.338867 0.647461 0.338867 0.646484 0.339844 0.645508 0.339844 0.644531 0.340820 0.643555 0.340820 0.642578 0.342773 0.640625 0.342773 0.639648 0.343750 0.638672 0.343750 0.637695 0.344727 0.636719 0.344727 0.635742 0.345703 0.634766 0.345703 0.633789 0.346680 0.632812 0.345703 0.631836 0.345703 0.629883 0.344727 0.628906 0.344727 0.626953 0.343750 0.625977 0.343750 0.625000 0.341797 0.623047 0.340820 0.623047 0.339844 0.622070 0.337891 0.622070 0.336914 0.621094 0.335938 0.621094 0.334961 0.620117 0.333008 0.620117 0.332031 0.619141 0.330078 0.619141 0.329102 0.618164 0.328125 0.618164 0.327148 0.617188 0.325195 0.617188
1 0.323242 0.647461 0.321289 0.647461 0.321289 0.648438 0.319336 0.650391 0.319336 0.651367 0.318359 0.652344 0.318359 0.653320 0.317383 0.654297 0.317383 0.656250 0.319336 0.656250 0.319336 0.655273 0.320312 0.654297 0.320312 0.653320 0.321289 0.652344 0.321289 0.651367 0.322266 0.650391 0.322266 0.649414 0.323242 0.648438
0 0.370117 0.655273 0.369141 0.654297 0.368164 0.654297 0.367188 0.653320 0.365234 0.655273 0.364258 0.654297 0.363281 0.655273 0.362305 0.654297 0.359375 0.657227 0.358398 0.657227 0.355469 0.660156 0.354492 0.660156 0.350586 0.664062 0.351562 0.664062 0.352539 0.665039 0.353516 0.665039 0.354492 0.666016 0.355469 0.666016 0.356445 0.666992 0.357422 0.666992 0.358398 0.667969 0.360352 0.667969 0.360352 0.666992 0.361328 0.666016 0.360352 0.665039 0.360352 0.664062 0.359375 0.663086 0.359375 0.662109 0.360352 0.661133 0.365234 0.661133 0.367188 0.659180 0.368164 0.659180 0.370117 0.657227
0 0.583984 0.470703 0.583984 0.471680 0.583008 0.472656 0.583008 0.473633 0.582031 0.474609 0.582031 0.475586 0.581055 0.476562 0.581055 0.478516 0.580078 0.479492 0.580078 0.480469 0.579102 0.481445 0.579102 0.497070 0.580078 0.498047 0.583008 0.498047 0.583984 0.499023 0.588867 0.499023 0.589844 0.500000 0.595703 0.500000 0.596680 0.500977 0.598633 0.500977 0.598633 0.500000 0.599609 0.499023 0.599609 0.498047 0.600586 0.497070 0.600586 0.495117 0.601562 0.494141 0.601562 0.493164 0.602539 0.492188 0.602539 0.491211 0.603516 0.490234 0.603516 0.473633 0.602539 0.473633 0.601562 0.472656 0.595703 0.472656 0.594727 0.471680 0.588867 0.471680 0.587891 0.470703
1 0.375000 0.674805 0.375000 0.676758 0.375977 0.677734 0.376953 0.677734 0.377930 0.678711 0.378906 0.678711 0.379883 0.679688 0.380859 0.678711 0.379883 0.679688 0.377930 0.677734 0.377930 0.676758 0.376953 0.675781 0.376953 0.674805
1 0.568359 0.482422 0.568359 0.483398 0.572266 0.483398 0.573242 0.484375 0.578125 0.484375 0.578125 0.482422 0.573242 0.482422 0.572266 0.481445 0.569336 0.481445
0 0.371094 0.655273 0.371094 0.657227 0.368164 0.660156 0.367188 0.660156 0.365234 0.662109 0.360352 0.662109 0.360352 0.663086 0.361328 0.664062 0.361328 0.665039 0.362305 0.666016 0.361328 0.666992 0.361328 0.667969 0.360352 0.668945 0.358398 0.668945 0.357422 0.667969 0.356445 0.667969 0.355469 0.666992 0.354492 0.666992 0.353516 0.666016 0.352539 0.666016 0.351562 0.665039 0.350586 0.665039 0.350586 0.680664 0.351562 0.681641 0.352539 0.681641 0.353516 0.682617 0.354492 0.682617 0.355469 0.683594 0.356445 0.683594 0.358398 0.685547 0.359375 0.685547 0.360352 0.686523 0.361328 0.686523 0.362305 0.687500 0.363281 0.687500 0.364258 0.688477 0.365234 0.688477 0.366211 0.689453 0.368164 0.689453 0.370117 0.687500 0.371094 0.687500 0.375977 0.682617 0.376953 0.682617 0.378906 0.680664 0.378906 0.679688 0.377930 0.679688 0.376953 0.678711 0.375977 0.678711 0.374023 0.676758 0.374023 0.674805 0.375000 0.673828 0.376953 0.673828 0.378906 0.675781 0.379883 0.675781 0.380859 0.676758 0.381836 0.676758 0.381836 0.661133 0.380859 0.661133 0.379883 0.660156 0.378906 0.660156 0.377930 0.659180 0.376953 0.659180 0.375000 0.657227 0.374023 0.657227 0.373047 0.656250 0.372070 0.656250
0 0.366211 0.653320 0.365234 0.652344 0.364258 0.653320 0.363281 0.653320 0.363281 0.654297 0.364258 0.653320 0.365234 0.654297
1 0.377930 0.675781 0.378906 0.676758 0.378906 0.677734 0.381836 0.680664 0.382812 0.680664 0.383789 0.681641 0.384766 0.681641 0.385742 0.682617 0.386719 0.682617 0.386719 0.680664 0.385742 0.679688 0.384766 0.679688 0.383789 0.678711 0.382812 0.678711 0.381836 0.677734 0.379883 0.677734
1 0.388672 0.327148 0.386719 0.329102 0.387695 0.328125 0.388672 0.329102 0.387695 0.328125
0 0.397461 0.289062 0.395508 0.291016 0.395508 0.291992 0.385742 0.301758 0.385742 0.302734 0.383789 0.304688 0.383789 0.307617 0.384766 0.308594 0.384766 0.309570 0.385742 0.310547 0.385742 0.312500 0.386719 0.313477 0.386719 0.315430 0.387695 0.316406 0.387695 0.317383 0.388672 0.318359 0.388672 0.320312 0.389648 0.321289 0.389648 0.322266 0.390625 0.323242 0.390625 0.325195 0.391602 0.325195 0.392578 0.326172 0.395508 0.326172 0.396484 0.327148 0.399414 0.327148 0.400391 0.328125 0.404297 0.328125 0.405273 0.329102 0.408203 0.329102 0.409180 0.330078 0.410156 0.330078 0.425781 0.314453 0.425781 0.313477 0.424805 0.312500 0.424805 0.311523 0.423828 0.310547 0.423828 0.308594 0.422852 0.307617 0.422852 0.306641 0.421875 0.305664 0.421875 0.303711 0.420898 0.302734 0.420898 0.301758 0.419922 0.300781 0.419922 0.298828 0.418945 0.297852 0.418945 0.296875 0.417969 0.295898 0.417969 0.293945 0.415039 0.293945 0.414062 0.292969 0.412109 0.292969 0.411133 0.291992 0.408203 0.291992 0.407227 0.291016 0.405273 0.291016 0.404297 0.290039 0.401367 0.290039 0.400391 0.289062
1 0.389648 0.323242 0.385742 0.327148 0.385742 0.328125 0.386719 0.328125 0.387695 0.329102 0.390625 0.326172 0.389648 0.325195
