0 0.256836 0.665039 0.254883 0.666992 0.254883 0.667969 0.252930 0.669922 0.252930 0.670898 0.251953 0.671875 0.251953 0.672852 0.250000 0.674805 0.250000 0.675781 0.249023 0.676758 0.249023 0.677734 0.247070 0.679688 0.247070 0.680664 0.245117 0.682617 0.245117 0.684570 0.246094 0.685547 0.247070 0.685547 0.250000 0.688477 0.250977 0.688477 0.252930 0.690430 0.253906 0.690430 0.256836 0.693359 0.257812 0.693359 0.258789 0.694336 0.259766 0.694336 0.260742 0.695312 0.262695 0.695312 0.263672 0.696289 0.266602 0.696289 0.267578 0.697266 0.269531 0.697266 0.270508 0.698242 0.272461 0.698242 0.272461 0.697266 0.273438 0.696289 0.273438 0.695312 0.275391 0.693359 0.275391 0.692383 0.276367 0.691406 0.276367 0.690430 0.278320 0.688477 0.278320 0.687500 0.279297 0.686523 0.279297 0.685547 0.278320 0.684570 0.279297 0.683594 0.279297 0.680664 0.280273 0.679688 0.280273 0.676758 0.278320 0.674805 0.277344 0.674805 0.274414 0.671875 0.273438 0.671875 0.270508 0.668945 0.269531 0.668945 0.268555 0.667969 0.266602 0.667969 0.265625 0.666992 0.262695 0.666992 0.261719 0.666016 0.258789 0.666016 0.257812 0.665039
1 0.277344 0.690430 0.277344 0.691406 0.276367 0.692383 0.277344 0.692383 0.279297 0.694336 0.281250 0.694336 0.281250 0.693359 0.278320 0.690430
0 0.364258 0.594727 0.363281 0.595703 0.360352 0.595703 0.359375 0.596680 0.356445 0.596680 0.355469 0.597656 0.353516 0.597656 0.352539 0.598633 0.349609 0.598633 0.348633 0.599609 0.346680 0.599609 0.345703 0.600586 0.342773 0.600586 0.341797 0.601562 0.341797 0.602539 0.340820 0.603516 0.340820 0.606445 0.339844 0.607422 0.339844 0.610352 0.338867 0.611328 0.338867 0.614258 0.337891 0.615234 0.337891 0.618164 0.336914 0.619141 0.336914 0.621094 0.335938 0.622070 0.335938 0.623047 0.350586 0.637695 0.354492 0.637695 0.355469 0.636719 0.358398 0.636719 0.359375 0.635742 0.361328 0.635742 0.362305 0.634766 0.365234 0.634766 0.366211 0.633789 0.369141 0.633789 0.370117 0.632812 0.373047 0.632812 0.374023 0.631836 0.374023 0.629883 0.375000 0.628906 0.375000 0.625000 0.375977 0.624023 0.375977 0.621094 0.376953 0.620117 0.376953 0.616211 0.377930 0.615234 0.377930 0.612305 0.378906 0.611328 0.378906 0.610352 0.367188 0.598633 0.367188 0.597656
0 0.285156 0.662109 0.285156 0.664062 0.284180 0.665039 0.284180 0.667969 0.283203 0.668945 0.283203 0.671875 0.282227 0.672852 0.282227 0.675781 0.281250 0.676758 0.281250 0.679688 0.280273 0.680664 0.280273 0.683594 0.279297 0.684570 0.280273 0.684570 0.281250 0.685547 0.282227 0.685547 0.283203 0.686523 0.284180 0.686523 0.285156 0.687500 0.286133 0.687500 0.287109 0.688477 0.288086 0.688477 0.289062 0.689453 0.291016 0.689453 0.291992 0.690430 0.292969 0.690430 0.293945 0.691406 0.311523 0.691406 0.311523 0.689453 0.312500 0.688477 0.312500 0.685547 0.313477 0.684570 0.313477 0.681641 0.314453 0.680664 0.314453 0.677734 0.315430 0.676758 0.315430 0.673828 0.316406 0.672852 0.316406 0.669922 0.317383 0.668945 0.316406 0.668945 0.315430 0.667969 0.313477 0.667969 0.312500 0.666992 0.311523 0.666992 0.310547 0.666016 0.309570 0.666016 0.308594 0.665039 0.306641 0.665039 0.305664 0.664062 0.304688 0.664062 0.303711 0.663086 0.302734 0.663086 0.301758 0.662109
1 0.295898 0.692383 0.292969 0.692383 0.292969 0.695312 0.291992 0.696289 0.291992 0.698242 0.291016 0.699219 0.291016 0.703125 0.292969 0.703125 0.292969 0.702148 0.293945 0.701172 0.293945 0.698242 0.294922 0.697266 0.294922 0.694336 0.295898 0.693359
0 0.335938 0.680664 0.335938 0.684570 0.334961 0.685547 0.333008 0.685547 0.333008 0.689453 0.333984 0.689453 0.334961 0.690430 0.334961 0.694336 0.335938 0.695312 0.335938 0.696289 0.339844 0.696289 0.339844 0.695312 0.338867 0.694336 0.338867 0.693359 0.336914 0.691406 0.336914 0.688477 0.337891 0.687500 0.339844 0.687500 0.344727 0.692383 0.345703 0.692383 0.345703 0.688477 0.343750 0.686523 0.343750 0.684570 0.341797 0.682617 0.341797 0.681641 0.340820 0.681641 0.339844 0.680664
0 0.458008 0.443359 0.457031 0.443359 0.456055 0.444336 0.449219 0.444336 0.448242 0.445312 0.440430 0.445312 0.440430 0.457031 0.441406 0.457031 0.442383 0.458008 0.442383 0.459961 0.441406 0.460938 0.440430 0.460938 0.440430 0.461914 0.441406 0.462891 0.441406 0.464844 0.442383 0.465820 0.442383 0.467773 0.443359 0.468750 0.443359 0.471680 0.446289 0.471680 0.447266 0.470703 0.454102 0.470703 0.455078 0.469727 0.461914 0.469727 0.461914 0.454102 0.460938 0.453125 0.460938 0.451172 0.459961 0.450195 0.459961 0.447266 0.458984 0.446289 0.458984 0.444336
1 0.357422 0.696289 0.358398 0.697266 0.358398 0.696289
1 0.441406 0.458008 0.436523 0.458008 0.435547 0.458984 0.429688 0.458984 0.429688 0.460938 0.433594 0.460938 0.434570 0.459961 0.441406 0.459961
0 0.342773 0.681641 0.342773 0.682617 0.344727 0.684570 0.344727 0.686523 0.346680 0.688477 0.346680 0.692383 0.345703 0.693359 0.344727 0.693359 0.339844 0.688477 0.337891 0.688477 0.337891 0.691406 0.339844 0.693359 0.339844 0.694336 0.340820 0.695312 0.340820 0.696289 0.339844 0.697266 0.335938 0.697266 0.334961 0.696289 0.334961 0.695312 0.333984 0.694336 0.333984 0.690430 0.333008 0.690430 0.332031 0.691406 0.332031 0.712891 0.344727 0.712891 0.345703 0.713867 0.353516 0.713867 0.353516 0.712891 0.354492 0.711914 0.354492 0.705078 0.355469 0.704102 0.355469 0.700195 0.354492 0.699219 0.354492 0.696289 0.355469 0.695312 0.355469 0.686523 0.356445 0.685547 0.356445 0.681641
0 0.334961 0.680664 0.333984 0.680664 0.333984 0.683594 0.333008 0.684570 0.334961 0.684570
1 0.355469 0.696289 0.355469 0.699219 0.367188 0.699219 0.368164 0.698242 0.370117 0.698242 0.370117 0.697266 0.366211 0.697266 0.365234 0.696289 0.359375 0.696289 0.359375 0.697266 0.358398 0.698242 0.356445 0.696289
1 0.332031 0.351562 0.331055 0.352539 0.331055 0.353516 0.329102 0.355469 0.331055 0.353516 0.331055 0.352539
1 0.334961 0.347656 0.333984 0.346680 0.333008 0.346680 0.331055 0.348633 0.332031 0.349609 0.333008 0.348633 0.333984 0.348633
0 0.342773 0.314453 0.329102 0.328125 0.329102 0.329102 0.325195 0.333008 0.325195 0.333984 0.339844 0.348633 0.339844 0.349609 0.342773 0.352539 0.351562 0.352539 0.368164 0.335938 0.368164 0.333008 0.352539 0.317383 0.352539 0.316406 0.351562 0.315430 0.346680 0.315430 0.345703 0.314453
1 0.334961 0.344727 0.333984 0.345703 0.335938 0.347656 0.333984 0.349609 0.333008 0.349609 0.332031 0.348633 0.326172 0.354492 0.326172 0.355469 0.327148 0.356445 0.328125 0.356445 0.328125 0.355469 0.330078 0.353516 0.330078 0.352539 0.332031 0.350586 0.333008 0.350586 0.336914 0.346680
