0 0.447266 0.366211 0.439453 0.374023 0.438477 0.374023 0.436523 0.375977 0.436523 0.377930 0.437500 0.378906 0.437500 0.380859 0.438477 0.381836 0.438477 0.382812 0.439453 0.383789 0.439453 0.385742 0.440430 0.386719 0.440430 0.388672 0.441406 0.389648 0.441406 0.391602 0.444336 0.394531 0.458984 0.394531 0.461914 0.391602 0.462891 0.391602 0.469727 0.384766 0.469727 0.383789 0.468750 0.382812 0.468750 0.380859 0.467773 0.379883 0.467773 0.377930 0.466797 0.376953 0.466797 0.375000 0.465820 0.374023 0.465820 0.372070 0.464844 0.371094 0.464844 0.369141 0.463867 0.368164 0.463867 0.366211
1 0.457031 0.395508 0.458008 0.396484 0.458008 0.398438 0.458984 0.399414 0.458984 0.401367 0.459961 0.402344 0.460938 0.401367 0.460938 0.399414 0.459961 0.398438 0.459961 0.396484 0.458984 0.395508
0 0.340820 0.375977 0.339844 0.375977 0.338867 0.376953 0.333984 0.376953 0.333008 0.377930 0.328125 0.377930 0.327148 0.378906 0.322266 0.378906 0.321289 0.379883 0.317383 0.379883 0.316406 0.380859 0.316406 0.381836 0.314453 0.383789 0.314453 0.384766 0.313477 0.385742 0.313477 0.386719 0.312500 0.387695 0.312500 0.388672 0.310547 0.390625 0.310547 0.391602 0.309570 0.392578 0.309570 0.394531 0.310547 0.395508 0.310547 0.396484 0.311523 0.397461 0.311523 0.399414 0.312500 0.400391 0.312500 0.401367 0.313477 0.402344 0.313477 0.403320 0.314453 0.404297 0.314453 0.406250 0.315430 0.407227 0.315430 0.408203 0.316406 0.409180 0.316406 0.410156 0.317383 0.411133 0.317383 0.413086 0.318359 0.414062 0.318359 0.415039 0.319336 0.416016 0.322266 0.416016 0.323242 0.415039 0.328125 0.415039 0.329102 0.414062 0.333984 0.414062 0.334961 0.413086 0.339844 0.413086 0.340820 0.412109 0.343750 0.412109 0.343750 0.411133 0.344727 0.410156 0.344727 0.409180 0.345703 0.408203 0.345703 0.407227 0.346680 0.406250 0.346680 0.405273 0.347656 0.404297 0.347656 0.403320 0.348633 0.402344 0.348633 0.400391 0.349609 0.399414 0.349609 0.397461 0.348633 0.396484 0.348633 0.395508 0.344727 0.395508 0.343750 0.396484 0.342773 0.396484 0.341797 0.395508 0.341797 0.394531 0.340820 0.393555 0.342773 0.391602 0.344727 0.391602 0.345703 0.390625 0.346680 0.390625 0.346680 0.389648 0.345703 0.388672 0.345703 0.387695 0.344727 0.386719 0.344727 0.384766 0.343750 0.383789 0.343750 0.381836 0.342773 0.380859 0.342773 0.379883 0.341797 0.378906 0.341797 0.376953
1 0.359375 0.390625 0.358398 0.389648 0.357422 0.389648 0.356445 0.390625 0.351562 0.390625 0.350586 0.391602 0.345703 0.391602 0.344727 0.392578 0.342773 0.392578 0.341797 0.393555 0.342773 0.394531 0.342773 0.395508 0.343750 0.395508 0.344727 0.394531 0.349609 0.394531 0.350586 0.393555 0.355469 0.393555 0.356445 0.392578 0.359375 0.392578
0 0.431641 0.382812 0.429688 0.382812 0.427734 0.384766 0.426758 0.384766 0.423828 0.387695 0.422852 0.387695 0.417969 0.392578 0.417969 0.393555 0.412109 0.399414 0.412109 0.400391 0.410156 0.402344 0.410156 0.403320 0.424805 0.417969 0.425781 0.416992 0.426758 0.416992 0.428711 0.415039 0.429688 0.415039 0.430664 0.414062 0.431641 0.414062 0.433594 0.412109 0.434570 0.412109 0.435547 0.411133 0.435547 0.410156 0.440430 0.405273 0.440430 0.404297 0.444336 0.400391 0.444336 0.399414 0.446289 0.397461
0 0.439453 0.435547 0.435547 0.435547 0.435547 0.436523 0.434570 0.437500 0.433594 0.437500 0.432617 0.436523 0.430664 0.436523 0.431641 0.437500 0.431641 0.441406 0.430664 0.442383 0.429688 0.442383 0.427734 0.444336 0.428711 0.444336 0.429688 0.443359 0.430664 0.443359 0.431641 0.442383 0.434570 0.442383 0.435547 0.441406 0.435547 0.440430 0.436523 0.439453 0.438477 0.439453 0.439453 0.438477
0 0.755859 0.422852 0.753906 0.422852 0.752930 0.423828 0.751953 0.423828 0.750977 0.424805 0.750000 0.424805 0.749023 0.425781 0.748047 0.425781 0.747070 0.426758 0.746094 0.426758 0.745117 0.427734 0.743164 0.427734 0.742188 0.428711 0.741211 0.428711 0.740234 0.429688 0.739258 0.429688 0.738281 0.430664 0.737305 0.430664 0.736328 0.431641 0.735352 0.431641 0.734375 0.432617 0.732422 0.432617 0.731445 0.433594 0.731445 0.438477 0.732422 0.439453 0.732422 0.445312 0.733398 0.446289 0.733398 0.447266 0.735352 0.449219 0.735352 0.450195 0.736328 0.451172 0.736328 0.452148 0.737305 0.453125 0.737305 0.454102 0.739258 0.456055 0.739258 0.457031 0.740234 0.458008 0.740234 0.458984 0.741211 0.459961 0.741211 0.460938 0.743164 0.462891 0.743164 0.463867 0.744141 0.464844 0.745117 0.464844 0.746094 0.463867 0.747070 0.463867 0.748047 0.462891 0.749023 0.462891 0.750000 0.461914 0.750977 0.461914 0.751953 0.460938 0.753906 0.460938 0.754883 0.459961 0.755859 0.459961 0.756836 0.458984 0.757812 0.458984 0.758789 0.458008 0.759766 0.458008 0.760742 0.457031 0.762695 0.457031 0.763672 0.456055 0.764648 0.456055 0.765625 0.455078 0.766602 0.455078 0.767578 0.454102 0.767578 0.446289 0.768555 0.445312 0.768555 0.443359 0.766602 0.441406 0.766602 0.440430 0.765625 0.439453 0.765625 0.438477 0.763672 0.436523 0.763672 0.435547 0.762695 0.434570 0.762695 0.433594 0.761719 0.432617 0.761719 0.431641 0.759766 0.429688 0.759766 0.428711 0.758789 0.427734 0.758789 0.426758 0.756836 0.424805 0.756836 0.423828
1 0.440430 0.464844 0.440430 0.467773 0.441406 0.466797 0.442383 0.467773 0.442383 0.468750 0.442383 0.466797 0.441406 0.465820 0.441406 0.464844
1 0.736328 0.418945 0.735352 0.419922 0.735352 0.421875 0.737305 0.423828 0.737305 0.424805 0.738281 0.425781 0.738281 0.426758 0.739258 0.427734 0.739258 0.428711 0.740234 0.428711 0.741211 0.427734 0.742188 0.427734 0.741211 0.426758 0.741211 0.425781 0.739258 0.423828 0.739258 0.422852 0.738281 0.421875 0.738281 0.420898
0 0.429688 0.436523 0.428711 0.436523 0.427734 0.437500 0.426758 0.437500 0.426758 0.442383 0.427734 0.443359 0.429688 0.441406 0.430664 0.441406 0.430664 0.437500
0 0.447266 0.434570 0.443359 0.434570 0.442383 0.435547 0.440430 0.435547 0.440430 0.438477 0.438477 0.440430 0.436523 0.440430 0.436523 0.441406 0.434570 0.443359 0.431641 0.443359 0.430664 0.444336 0.429688 0.444336 0.428711 0.445312 0.427734 0.445312 0.427734 0.450195 0.428711 0.451172 0.428711 0.457031 0.429688 0.458008 0.429688 0.461914 0.430664 0.462891 0.430664 0.465820 0.431641 0.464844 0.438477 0.464844 0.439453 0.463867 0.439453 0.461914 0.438477 0.460938 0.438477 0.459961 0.439453 0.458984 0.441406 0.458984 0.442383 0.459961 0.442383 0.463867 0.445312 0.463867 0.446289 0.462891 0.451172 0.462891 0.451172 0.457031 0.450195 0.456055 0.450195 0.449219 0.449219 0.448242 0.449219 0.442383 0.448242 0.441406 0.448242 0.436523 0.447266 0.435547
1 0.441406 0.467773 0.441406 0.473633 0.442383 0.473633 0.442383 0.469727 0.441406 0.468750
1 0.439453 0.459961 0.439453 0.460938 0.440430 0.461914 0.440430 0.463867 0.441406 0.463867 0.441406 0.459961
0 0.475586 0.171875 0.474609 0.172852 0.474609 0.175781 0.473633 0.176758 0.473633 0.178711 0.472656 0.179688 0.472656 0.182617 0.471680 0.183594 0.471680 0.185547 0.470703 0.186523 0.470703 0.189453 0.469727 0.190430 0.469727 0.192383 0.468750 0.193359 0.468750 0.196289 0.467773 0.197266 0.467773 0.199219 0.466797 0.200195 0.466797 0.203125 0.465820 0.204102 0.465820 0.207031 0.467773 0.207031 0.468750 0.208008 0.470703 0.208008 0.471680 0.208984 0.473633 0.208984 0.474609 0.209961 0.476562 0.209961 0.477539 0.210938 0.479492 0.210938 0.480469 0.211914 0.482422 0.211914 0.483398 0.212891 0.485352 0.212891 0.486328 0.213867 0.488281 0.213867 0.489258 0.214844 0.491211 0.214844 0.492188 0.215820 0.493164 0.215820 0.494141 0.216797 0.502930 0.216797 0.502930 0.215820 0.503906 0.214844 0.503906 0.211914 0.504883 0.210938 0.504883 0.208984 0.505859 0.208008 0.505859 0.206055 0.506836 0.205078 0.506836 0.202148 0.507812 0.201172 0.507812 0.199219 0.508789 0.198242 0.508789 0.196289 0.509766 0.195312 0.509766 0.192383 0.510742 0.191406 0.510742 0.189453 0.511719 0.188477 0.511719 0.186523 0.512695 0.185547 0.512695 0.181641 0.510742 0.181641 0.509766 0.180664 0.508789 0.180664 0.507812 0.179688 0.505859 0.179688 0.504883 0.178711 0.502930 0.178711 0.501953 0.177734 0.500000 0.177734 0.499023 0.176758 0.498047 0.176758 0.497070 0.175781 0.495117 0.175781 0.494141 0.174805 0.492188 0.174805 0.491211 0.173828 0.489258 0.173828 0.488281 0.172852 0.486328 0.172852 0.485352 0.171875 0.484375 0.171875 0.483398 0.170898 0.478516 0.170898 0.477539 0.171875
