0 0.524409 0.003150 0.525984 0.004724 0.525984 0.007874 0.527559 0.009449 0.527559 0.012598 0.529134 0.014173 0.529134 0.017323 0.530709 0.018898 0.530709 0.022047 0.532283 0.023622 0.532283 0.026772 0.533858 0.028346 0.573228 0.028346 0.576378 0.025197 0.577953 0.025197 0.581102 0.022047 0.582677 0.022047 0.585827 0.018898 0.587402 0.018898 0.590551 0.015748 0.592126 0.015748 0.595276 0.012598 0.596850 0.012598 0.600000 0.009449 0.601575 0.009449 0.604724 0.006299 0.606299 0.006299 0.607874 0.004724 0.609449 0.004724 0.612598 0.001575 0.614173 0.001575 0.615748 0.000000 0.524409 0.000000
0 0.525984 0.535433 0.525984 0.537008 0.524409 0.538583 0.524409 0.540157 0.522835 0.541732 0.522835 0.543307 0.521260 0.544882 0.521260 0.546457 0.519685 0.548031 0.519685 0.549606 0.518110 0.551181 0.518110 0.552756 0.516535 0.554331 0.516535 0.555906 0.514961 0.557480 0.514961 0.559055 0.513386 0.560630 0.513386 0.562205 0.511811 0.563780 0.511811 0.565354 0.510236 0.566929 0.510236 0.568504 0.508661 0.570079 0.508661 0.571654 0.507087 0.573228 0.516535 0.582677 0.516535 0.584252 0.529134 0.596850 0.533858 0.596850 0.535433 0.598425 0.541732 0.598425 0.543307 0.600000 0.549606 0.600000 0.551181 0.601575 0.557480 0.601575 0.559055 0.603150 0.563780 0.603150 0.565354 0.601575 0.565354 0.600000 0.566929 0.598425 0.566929 0.596850 0.552756 0.582677 0.554331 0.581102 0.554331 0.579528 0.555906 0.577953 0.557480 0.577953 0.559055 0.579528 0.560630 0.579528 0.570079 0.588976 0.571654 0.588976 0.571654 0.587402 0.573228 0.585827 0.573228 0.584252 0.574803 0.582677 0.574803 0.581102 0.576378 0.579528 0.576378 0.577953 0.577953 0.576378 0.577953 0.574803 0.579528 0.573228 0.579528 0.571654 0.582677 0.568504 0.582677 0.566929 0.584252 0.565354 0.581102 0.562205 0.579528 0.562205 0.560630 0.543307 0.557480 0.543307 0.555906 0.541732 0.549606 0.541732 0.548031 0.540157 0.543307 0.540157 0.541732 0.538583 0.537008 0.538583 0.535433 0.537008 0.529134 0.537008 0.527559 0.535433
0 0.390551 0.592126 0.388976 0.592126 0.382677 0.598425 0.384252 0.600000 0.390551 0.600000
0 0.355906 0.568504 0.354331 0.570079 0.354331 0.598425 0.366929 0.598425 0.368504 0.600000 0.377953 0.600000 0.379528 0.598425 0.377953 0.598425 0.376378 0.596850 0.377953 0.595276 0.377953 0.592126 0.379528 0.590551 0.379528 0.588976 0.381102 0.587402 0.382677 0.587402 0.384252 0.585827 0.384252 0.584252 0.382677 0.582677 0.382677 0.581102 0.381102 0.579528 0.381102 0.574803 0.374803 0.574803 0.374803 0.577953 0.376378 0.579528 0.373228 0.582677 0.371654 0.582677 0.370079 0.584252 0.368504 0.582677 0.366929 0.582677 0.365354 0.581102 0.365354 0.579528 0.366929 0.577953 0.366929 0.576378 0.368504 0.574803 0.366929 0.573228 0.365354 0.574803 0.365354 0.577953 0.363780 0.579528 0.360630 0.579528 0.357480 0.576378 0.357480 0.570079
0 0.370079 0.562205 0.368504 0.563780 0.371654 0.566929 0.371654 0.568504 0.373228 0.568504 0.373228 0.566929 0.376378 0.563780 0.374803 0.563780 0.373228 0.562205
0 0.384252 0.555906 0.384252 0.557480 0.388976 0.562205 0.388976 0.563780 0.390551 0.565354 0.390551 0.576378 0.388976 0.577953 0.388976 0.584252 0.390551 0.582677 0.390551 0.574803 0.392126 0.573228 0.390551 0.571654 0.390551 0.568504 0.392126 0.566929 0.392126 0.555906
0 0.355906 0.555906 0.357480 0.555906 0.359055 0.554331 0.355906 0.554331
0 0.374803 0.062992 0.371654 0.062992 0.366929 0.067717 0.365354 0.067717 0.362205 0.070866 0.360630 0.070866 0.355906 0.075591 0.354331 0.075591 0.344882 0.085039 0.344882 0.086614 0.340157 0.091339 0.340157 0.092913 0.335433 0.097638 0.335433 0.099213 0.330709 0.103937 0.330709 0.105512 0.325984 0.110236 0.325984 0.111811 0.321260 0.116535 0.321260 0.118110 0.330709 0.127559 0.332283 0.127559 0.341732 0.137008 0.343307 0.135433 0.343307 0.133858 0.351181 0.125984 0.355906 0.130709 0.354331 0.132283 0.354331 0.133858 0.349606 0.138583 0.349606 0.140157 0.348031 0.141732 0.348031 0.143307 0.357480 0.152756 0.359055 0.152756 0.360630 0.154331 0.362205 0.154331 0.363780 0.152756 0.365354 0.152756 0.368504 0.149606 0.370079 0.149606 0.371654 0.148031 0.373228 0.148031 0.374803 0.146457 0.376378 0.146457 0.379528 0.143307 0.381102 0.143307 0.382677 0.141732 0.384252 0.141732 0.385827 0.140157 0.385827 0.138583 0.388976 0.135433 0.388976 0.133858 0.393701 0.129134 0.393701 0.127559 0.398425 0.122835 0.398425 0.121260 0.403150 0.116535 0.403150 0.114961 0.406299 0.111811 0.406299 0.110236 0.411024 0.105512 0.411024 0.103937 0.414173 0.100787 0.392126 0.078740 0.390551 0.078740
1 0.360630 0.600000 0.357480 0.600000 0.357480 0.604724 0.359055 0.606299 0.359055 0.609449 0.359055 0.604724 0.360630 0.603150
1 0.351181 0.127559 0.349606 0.129134 0.349606 0.130709 0.340157 0.140157 0.340157 0.141732 0.335433 0.146457 0.335433 0.148031 0.332283 0.151181 0.332283 0.152756 0.329134 0.155906 0.330709 0.155906 0.332283 0.157480 0.333858 0.157480 0.333858 0.154331 0.335433 0.152756 0.338583 0.152756 0.340157 0.151181 0.340157 0.149606 0.341732 0.148031 0.341732 0.144882 0.340157 0.144882 0.338583 0.143307 0.340157 0.141732 0.340157 0.140157 0.346457 0.133858 0.348031 0.135433 0.348031 0.138583 0.352756 0.133858 0.352756 0.132283 0.354331 0.130709
0 0.371654 0.588976 0.370079 0.587402 0.366929 0.587402 0.365354 0.588976 0.357480 0.588976 0.357480 0.592126 0.359055 0.592126 0.360630 0.593701 0.362205 0.593701 0.363780 0.595276 0.366929 0.595276 0.370079 0.592126 0.370079 0.590551
0 0.330709 0.552756 0.330709 0.570079 0.329134 0.571654 0.329134 0.596850 0.338583 0.596850 0.340157 0.598425 0.352756 0.598425 0.352756 0.570079 0.354331 0.568504 0.355906 0.570079 0.357480 0.568504 0.359055 0.570079 0.359055 0.576378 0.360630 0.577953 0.363780 0.577953 0.363780 0.574803 0.366929 0.571654 0.370079 0.574803 0.368504 0.576378 0.368504 0.577953 0.366929 0.579528 0.366929 0.581102 0.368504 0.581102 0.370079 0.582677 0.371654 0.581102 0.373228 0.581102 0.374803 0.579528 0.373228 0.577953 0.373228 0.574803 0.374803 0.573228 0.381102 0.573228 0.382677 0.574803 0.382677 0.579528 0.384252 0.581102 0.384252 0.582677 0.385827 0.584252 0.385827 0.585827 0.382677 0.588976 0.381102 0.588976 0.381102 0.590551 0.379528 0.592126 0.379528 0.595276 0.377953 0.596850 0.379528 0.596850 0.381102 0.598425 0.379528 0.600000 0.382677 0.600000 0.381102 0.598425 0.388976 0.590551 0.390551 0.590551 0.390551 0.584252 0.388976 0.585827 0.387402 0.584252 0.387402 0.577953 0.388976 0.576378 0.388976 0.565354 0.387402 0.563780 0.387402 0.562205 0.382677 0.557480 0.382677 0.555906 0.381102 0.554331 0.360630 0.554331 0.357480 0.557480 0.355906 0.557480 0.354331 0.555906 0.354331 0.554331 0.346457 0.554331 0.344882 0.552756
