0 0.698242 0.428711 0.694336 0.432617 0.693359 0.432617 0.680664 0.445312 0.679688 0.445312 0.678711 0.446289 0.679688 0.447266 0.679688 0.448242 0.680664 0.449219 0.680664 0.450195 0.699219 0.468750 0.700195 0.467773 0.701172 0.467773 0.710938 0.458008 0.711914 0.458008 0.719727 0.450195 0.716797 0.447266 0.716797 0.446289 0.699219 0.428711
1 0.722656 0.425781 0.721680 0.425781 0.715820 0.431641 0.714844 0.431641 0.708984 0.437500 0.710938 0.439453 0.722656 0.427734 0.723633 0.427734 0.723633 0.426758
0 0.606445 0.605469 0.599609 0.605469 0.598633 0.606445 0.592773 0.606445 0.591797 0.607422 0.590820 0.607422 0.589844 0.608398 0.588867 0.608398 0.587891 0.609375 0.586914 0.609375 0.585938 0.610352 0.584961 0.610352 0.583984 0.611328 0.583008 0.611328 0.581055 0.613281 0.580078 0.613281 0.579102 0.614258 0.579102 0.616211 0.580078 0.617188 0.580078 0.618164 0.581055 0.619141 0.581055 0.621094 0.582031 0.622070 0.582031 0.624023 0.583984 0.624023 0.585938 0.622070 0.586914 0.622070 0.587891 0.621094 0.588867 0.621094 0.589844 0.622070 0.589844 0.624023 0.588867 0.625000 0.587891 0.625000 0.585938 0.626953 0.584961 0.626953 0.583984 0.627930 0.583984 0.629883 0.584961 0.630859 0.584961 0.632812 0.591797 0.632812 0.592773 0.631836 0.599609 0.631836 0.600586 0.630859 0.601562 0.630859 0.603516 0.628906 0.604492 0.628906 0.605469 0.627930 0.606445 0.627930 0.607422 0.626953 0.608398 0.626953 0.610352 0.625000 0.611328 0.625000 0.612305 0.624023 0.612305 0.622070 0.611328 0.621094 0.611328 0.619141 0.610352 0.618164 0.610352 0.616211 0.609375 0.615234 0.609375 0.614258 0.608398 0.613281 0.608398 0.611328 0.607422 0.610352 0.607422 0.608398 0.606445 0.607422
1 0.588867 0.622070 0.587891 0.622070 0.586914 0.623047 0.585938 0.623047 0.583984 0.625000 0.583008 0.625000 0.582031 0.625977 0.581055 0.625977 0.580078 0.626953 0.579102 0.626953 0.578125 0.627930 0.579102 0.628906 0.580078 0.628906 0.581055 0.627930 0.582031 0.627930 0.583008 0.626953 0.583984 0.626953 0.584961 0.625977 0.585938 0.625977 0.587891 0.624023 0.588867 0.624023
0 0.380859 0.451172 0.379883 0.452148 0.379883 0.453125 0.378906 0.454102 0.378906 0.455078 0.376953 0.457031 0.376953 0.458008 0.375977 0.458984 0.375977 0.459961 0.375000 0.460938 0.375000 0.466797 0.374023 0.467773 0.374023 0.482422 0.373047 0.483398 0.374023 0.484375 0.379883 0.484375 0.380859 0.485352 0.386719 0.485352 0.386719 0.481445 0.387695 0.480469 0.389648 0.480469 0.390625 0.481445 0.390625 0.486328 0.392578 0.486328 0.393555 0.487305 0.397461 0.487305 0.399414 0.485352 0.399414 0.484375 0.402344 0.481445 0.402344 0.480469 0.404297 0.478516 0.404297 0.464844 0.405273 0.463867 0.405273 0.455078 0.402344 0.455078 0.401367 0.454102 0.396484 0.454102 0.395508 0.453125 0.390625 0.453125 0.389648 0.452148 0.384766 0.452148 0.383789 0.451172
1 0.389648 0.481445 0.387695 0.481445 0.387695 0.487305 0.386719 0.488281 0.386719 0.497070 0.388672 0.497070 0.388672 0.492188 0.389648 0.491211
0 0.347656 0.436523 0.344727 0.439453 0.343750 0.439453 0.341797 0.441406 0.340820 0.441406 0.338867 0.443359 0.337891 0.443359 0.334961 0.446289 0.333984 0.446289 0.332031 0.448242 0.332031 0.449219 0.331055 0.450195 0.331055 0.451172 0.330078 0.452148 0.330078 0.453125 0.329102 0.454102 0.329102 0.455078 0.328125 0.456055 0.328125 0.458008 0.337891 0.467773 0.337891 0.468750 0.341797 0.472656 0.342773 0.471680 0.343750 0.471680 0.345703 0.469727 0.346680 0.469727 0.349609 0.466797 0.350586 0.466797 0.352539 0.464844 0.353516 0.464844 0.356445 0.461914 0.357422 0.461914 0.357422 0.460938 0.358398 0.459961 0.358398 0.458984 0.359375 0.458008 0.359375 0.457031 0.360352 0.456055 0.360352 0.455078 0.361328 0.454102 0.361328 0.453125 0.362305 0.452148 0.354492 0.444336 0.354492 0.443359
0 0.676758 0.429688 0.676758 0.436523 0.677734 0.435547 0.678711 0.435547 0.679688 0.434570 0.680664 0.435547 0.680664 0.434570 0.681641 0.433594 0.682617 0.434570 0.682617 0.437500 0.685547 0.437500 0.685547 0.436523 0.686523 0.435547 0.687500 0.435547 0.687500 0.433594 0.686523 0.434570 0.685547 0.433594 0.683594 0.433594 0.682617 0.432617 0.682617 0.431641 0.680664 0.431641 0.679688 0.430664 0.678711 0.430664 0.677734 0.429688
1 0.363281 0.441406 0.362305 0.441406 0.361328 0.442383 0.360352 0.442383 0.357422 0.445312 0.356445 0.445312 0.357422 0.446289 0.358398 0.446289 0.359375 0.445312 0.360352 0.445312 0.362305 0.443359 0.363281 0.443359
0 0.686523 0.436523 0.686523 0.437500 0.687500 0.437500 0.687500 0.436523
0 0.681641 0.434570 0.681641 0.435547 0.680664 0.436523 0.679688 0.435547 0.678711 0.436523 0.677734 0.436523 0.678711 0.437500 0.681641 0.437500
0 0.662109 0.411133 0.662109 0.414062 0.661133 0.415039 0.661133 0.420898 0.660156 0.421875 0.660156 0.427734 0.659180 0.428711 0.659180 0.433594 0.658203 0.434570 0.664062 0.434570 0.665039 0.435547 0.670898 0.435547 0.671875 0.436523 0.675781 0.436523 0.675781 0.429688 0.676758 0.428711 0.677734 0.428711 0.678711 0.429688 0.679688 0.429688 0.680664 0.430664 0.682617 0.430664 0.683594 0.431641 0.683594 0.432617 0.685547 0.432617 0.686523 0.433594 0.688477 0.431641 0.688477 0.426758 0.689453 0.425781 0.689453 0.418945 0.690430 0.417969 0.690430 0.414062 0.684570 0.414062 0.683594 0.413086 0.676758 0.413086 0.675781 0.412109 0.669922 0.412109 0.668945 0.411133
1 0.647461 0.419922 0.647461 0.420898 0.648438 0.421875 0.649414 0.420898 0.650391 0.421875 0.654297 0.421875 0.655273 0.422852 0.659180 0.422852 0.659180 0.421875 0.658203 0.420898 0.652344 0.420898 0.651367 0.419922 0.650391 0.419922 0.649414 0.420898 0.648438 0.419922
0 0.581055 0.535156 0.580078 0.535156 0.579102 0.536133 0.577148 0.536133 0.576172 0.537109 0.575195 0.537109 0.574219 0.538086 0.573242 0.538086 0.572266 0.539062 0.571289 0.539062 0.570312 0.540039 0.569336 0.540039 0.568359 0.541016 0.567383 0.541016 0.566406 0.541992 0.564453 0.541992 0.559570 0.546875 0.559570 0.547852 0.560547 0.548828 0.560547 0.549805 0.561523 0.550781 0.561523 0.551758 0.562500 0.552734 0.562500 0.553711 0.563477 0.554688 0.563477 0.555664 0.564453 0.556641 0.564453 0.557617 0.565430 0.558594 0.565430 0.559570 0.566406 0.560547 0.566406 0.561523 0.567383 0.562500 0.567383 0.563477 0.569336 0.563477 0.570312 0.562500 0.572266 0.562500 0.573242 0.561523 0.574219 0.561523 0.575195 0.560547 0.576172 0.560547 0.577148 0.559570 0.578125 0.559570 0.579102 0.558594 0.580078 0.558594 0.581055 0.557617 0.583008 0.557617 0.583984 0.556641 0.584961 0.556641 0.589844 0.551758 0.588867 0.550781 0.588867 0.549805 0.587891 0.548828 0.587891 0.547852 0.586914 0.546875 0.586914 0.545898 0.585938 0.544922 0.585938 0.543945 0.584961 0.542969 0.584961 0.541992 0.583984 0.541016 0.583984 0.540039 0.583008 0.539062 0.583008 0.538086 0.582031 0.537109 0.582031 0.536133
1 0.562500 0.554688 0.560547 0.554688 0.559570 0.555664 0.558594 0.555664 0.557617 0.556641 0.556641 0.556641 0.555664 0.557617 0.554688 0.557617 0.555664 0.558594 0.556641 0.558594 0.557617 0.557617 0.558594 0.557617 0.559570 0.556641 0.560547 0.556641 0.561523 0.555664 0.562500 0.555664
0 0.315430 0.307617 0.309570 0.313477 0.308594 0.313477 0.301758 0.320312 0.301758 0.322266 0.302734 0.323242 0.302734 0.324219 0.303711 0.325195 0.303711 0.327148 0.304688 0.328125 0.304688 0.329102 0.305664 0.330078 0.305664 0.331055 0.306641 0.332031 0.306641 0.333008 0.307617 0.333984 0.307617 0.334961 0.308594 0.335938 0.308594 0.337891 0.309570 0.338867 0.310547 0.338867 0.311523 0.339844 0.315430 0.339844 0.316406 0.340820 0.320312 0.340820 0.321289 0.341797 0.326172 0.341797 0.333984 0.333984 0.334961 0.333984 0.338867 0.330078 0.338867 0.328125 0.337891 0.327148 0.337891 0.326172 0.336914 0.325195 0.336914 0.323242 0.335938 0.322266 0.335938 0.321289 0.334961 0.320312 0.334961 0.319336 0.333984 0.318359 0.333984 0.317383 0.333008 0.316406 0.329102 0.320312 0.328125 0.320312 0.326172 0.318359 0.326172 0.317383 0.331055 0.312500 0.331055 0.311523 0.330078 0.311523 0.329102 0.310547 0.326172 0.310547 0.325195 0.309570 0.322266 0.309570 0.321289 0.308594 0.318359 0.308594 0.317383 0.307617
1 0.337891 0.308594 0.336914 0.308594 0.337891 0.309570 0.336914 0.310547 0.333984 0.310547 0.327148 0.317383 0.328125 0.318359 0.328125 0.319336 0.329102 0.319336 0.334961 0.313477 0.334961 0.312500 0.335938 0.311523 0.336914 0.311523 0.337891 0.310547 0.338867 0.310547 0.337891 0.309570
0 0.413086 0.567383 0.410156 0.567383 0.409180 0.568359 0.407227 0.568359 0.406250 0.569336 0.405273 0.569336 0.404297 0.570312 0.403320 0.570312 0.403320 0.571289 0.402344 0.572266 0.400391 0.572266 0.399414 0.573242 0.398438 0.573242 0.397461 0.574219 0.396484 0.574219 0.395508 0.575195 0.394531 0.575195 0.393555 0.576172 0.392578 0.576172 0.392578 0.578125 0.393555 0.579102 0.393555 0.580078 0.394531 0.581055 0.394531 0.582031 0.395508 0.583008 0.395508 0.583984 0.396484 0.584961 0.396484 0.585938 0.397461 0.586914 0.397461 0.587891 0.398438 0.588867 0.398438 0.589844 0.399414 0.590820 0.399414 0.591797 0.400391 0.592773 0.405273 0.592773 0.406250 0.591797 0.407227 0.591797 0.408203 0.590820 0.409180 0.590820 0.411133 0.588867 0.412109 0.588867 0.413086 0.587891 0.414062 0.587891 0.415039 0.586914 0.416016 0.586914 0.416992 0.585938 0.417969 0.585938 0.418945 0.584961 0.419922 0.584961 0.420898 0.583984 0.420898 0.583008 0.419922 0.582031 0.419922 0.581055 0.418945 0.580078 0.418945 0.579102 0.417969 0.578125 0.417969 0.577148 0.416992 0.576172 0.416992 0.575195 0.416016 0.574219 0.416016 0.573242 0.415039 0.572266 0.415039 0.571289 0.414062 0.570312 0.414062 0.569336 0.413086 0.568359
1 0.397461 0.559570 0.396484 0.560547 0.396484 0.561523 0.398438 0.563477 0.398438 0.565430 0.400391 0.567383 0.399414 0.568359 0.400391 0.569336 0.400391 0.570312 0.401367 0.571289 0.402344 0.571289 0.402344 0.569336 0.401367 0.568359 0.401367 0.567383 0.400391 0.566406 0.400391 0.565430 0.399414 0.564453 0.399414 0.563477 0.398438 0.562500 0.398438 0.561523 0.397461 0.560547
