0 0.510742 0.250977 0.508789 0.250977 0.507812 0.251953 0.505859 0.251953 0.502930 0.254883 0.502930 0.255859 0.498047 0.260742 0.498047 0.261719 0.492188 0.267578 0.492188 0.268555 0.489258 0.271484 0.498047 0.280273 0.499023 0.280273 0.506836 0.288086 0.507812 0.288086 0.508789 0.287109 0.509766 0.287109 0.510742 0.286133 0.511719 0.286133 0.513672 0.284180 0.513672 0.283203 0.520508 0.276367 0.520508 0.275391 0.527344 0.268555 0.527344 0.266602 0.525391 0.264648 0.524414 0.264648
1 0.488281 0.248047 0.487305 0.249023 0.487305 0.250977 0.488281 0.251953 0.489258 0.251953 0.497070 0.259766 0.498047 0.259766 0.499023 0.258789
0 0.543945 0.507812 0.543945 0.527344 0.555664 0.527344 0.556641 0.528320 0.562500 0.528320 0.563477 0.527344 0.566406 0.527344 0.567383 0.526367 0.571289 0.526367 0.571289 0.518555 0.566406 0.518555 0.565430 0.517578 0.565430 0.516602 0.566406 0.515625 0.571289 0.515625 0.571289 0.506836 0.569336 0.506836 0.568359 0.505859 0.550781 0.505859 0.549805 0.506836 0.545898 0.506836 0.544922 0.507812
1 0.566406 0.516602 0.566406 0.517578 0.571289 0.517578 0.572266 0.518555 0.579102 0.518555 0.579102 0.516602
0 0.660156 0.468750 0.659180 0.468750 0.658203 0.469727 0.655273 0.469727 0.654297 0.470703 0.651367 0.470703 0.650391 0.471680 0.647461 0.471680 0.646484 0.472656 0.643555 0.472656 0.642578 0.473633 0.639648 0.473633 0.638672 0.474609 0.635742 0.474609 0.635742 0.501953 0.636719 0.502930 0.637695 0.502930 0.638672 0.503906 0.639648 0.503906 0.640625 0.504883 0.641602 0.504883 0.642578 0.505859 0.643555 0.505859 0.644531 0.506836 0.645508 0.506836 0.647461 0.508789 0.648438 0.508789 0.649414 0.509766 0.650391 0.509766 0.651367 0.510742 0.652344 0.510742 0.653320 0.511719 0.654297 0.511719 0.655273 0.510742 0.657227 0.510742 0.658203 0.509766 0.661133 0.509766 0.662109 0.508789 0.665039 0.508789 0.666016 0.507812 0.667969 0.507812 0.668945 0.506836 0.671875 0.506836 0.672852 0.505859 0.675781 0.505859 0.676758 0.504883 0.677734 0.504883 0.677734 0.479492 0.678711 0.478516 0.678711 0.477539 0.677734 0.477539 0.676758 0.476562 0.675781 0.476562 0.674805 0.475586 0.673828 0.475586 0.672852 0.474609 0.671875 0.474609 0.670898 0.473633 0.668945 0.473633 0.667969 0.472656 0.666992 0.472656 0.666016 0.471680 0.665039 0.471680 0.664062 0.470703 0.663086 0.470703 0.662109 0.469727 0.661133 0.469727
1 0.684570 0.481445 0.681641 0.481445 0.680664 0.482422 0.678711 0.482422 0.678711 0.485352 0.681641 0.485352 0.682617 0.484375 0.684570 0.484375
0 0.576172 0.661133 0.576172 0.663086 0.575195 0.664062 0.575195 0.666016 0.574219 0.666992 0.574219 0.667969 0.573242 0.668945 0.573242 0.670898 0.572266 0.671875 0.572266 0.673828 0.571289 0.674805 0.571289 0.676758 0.570312 0.677734 0.570312 0.679688 0.571289 0.680664 0.571289 0.692383 0.572266 0.693359 0.572266 0.702148 0.575195 0.702148 0.576172 0.703125 0.585938 0.703125 0.586914 0.704102 0.595703 0.704102 0.596680 0.705078 0.601562 0.705078 0.601562 0.703125 0.602539 0.702148 0.602539 0.699219 0.603516 0.698242 0.603516 0.696289 0.604492 0.695312 0.604492 0.692383 0.605469 0.691406 0.605469 0.689453 0.606445 0.688477 0.606445 0.683594 0.605469 0.682617 0.605469 0.665039 0.604492 0.664062 0.604492 0.663086 0.595703 0.663086 0.594727 0.662109 0.583008 0.662109 0.582031 0.661133
1 0.554688 0.678711 0.554688 0.681641 0.561523 0.681641 0.562500 0.682617 0.570312 0.682617 0.570312 0.680664 0.569336 0.679688 0.566406 0.679688 0.565430 0.678711
1 0.440430 0.368164 0.439453 0.369141 0.440430 0.370117 0.440430 0.371094
1 0.439453 0.361328 0.439453 0.364258 0.440430 0.364258 0.440430 0.362305
0 0.436523 0.332031 0.433594 0.334961 0.432617 0.334961 0.423828 0.343750 0.422852 0.343750 0.422852 0.356445 0.423828 0.357422 0.423828 0.363281 0.424805 0.363281 0.425781 0.364258 0.427734 0.364258 0.428711 0.365234 0.429688 0.365234 0.430664 0.366211 0.431641 0.366211 0.432617 0.367188 0.433594 0.367188 0.434570 0.368164 0.435547 0.368164 0.436523 0.369141 0.437500 0.369141 0.438477 0.370117 0.438477 0.361328 0.440430 0.359375 0.442383 0.361328 0.442383 0.363281 0.443359 0.364258 0.443359 0.371094 0.448242 0.366211 0.449219 0.366211 0.454102 0.361328 0.455078 0.361328 0.457031 0.359375 0.457031 0.353516 0.456055 0.352539 0.456055 0.342773 0.455078 0.341797 0.455078 0.340820 0.454102 0.339844 0.453125 0.339844 0.452148 0.338867 0.451172 0.338867 0.450195 0.337891 0.449219 0.337891 0.448242 0.336914 0.447266 0.336914 0.446289 0.335938 0.445312 0.335938 0.444336 0.334961 0.443359 0.334961 0.442383 0.333984 0.441406 0.333984 0.440430 0.333008 0.439453 0.333008 0.438477 0.332031
1 0.502930 0.581055 0.503906 0.582031 0.504883 0.581055 0.503906 0.582031
1 0.440430 0.360352 0.440430 0.361328 0.441406 0.362305 0.441406 0.364258 0.440430 0.365234 0.439453 0.365234 0.439453 0.368164 0.440430 0.367188 0.441406 0.368164 0.441406 0.371094 0.440430 0.372070 0.440430 0.374023 0.442383 0.374023 0.442383 0.364258 0.441406 0.363281 0.441406 0.361328
0 0.500977 0.544922 0.499023 0.544922 0.498047 0.545898 0.497070 0.545898 0.496094 0.546875 0.495117 0.546875 0.494141 0.547852 0.493164 0.547852 0.492188 0.548828 0.491211 0.548828 0.490234 0.549805 0.489258 0.549805 0.488281 0.550781 0.487305 0.550781 0.485352 0.552734 0.484375 0.552734 0.483398 0.553711 0.482422 0.553711 0.480469 0.555664 0.479492 0.555664 0.478516 0.556641 0.477539 0.556641 0.475586 0.558594 0.476562 0.559570 0.476562 0.560547 0.477539 0.561523 0.477539 0.562500 0.478516 0.563477 0.478516 0.564453 0.479492 0.565430 0.479492 0.566406 0.481445 0.568359 0.481445 0.569336 0.482422 0.570312 0.482422 0.571289 0.483398 0.572266 0.483398 0.573242 0.484375 0.574219 0.484375 0.575195 0.485352 0.576172 0.486328 0.576172 0.488281 0.574219 0.489258 0.574219 0.490234 0.573242 0.491211 0.573242 0.492188 0.572266 0.493164 0.572266 0.494141 0.571289 0.495117 0.571289 0.497070 0.569336 0.498047 0.569336 0.499023 0.568359 0.500000 0.568359 0.500977 0.567383 0.501953 0.567383 0.502930 0.566406 0.503906 0.566406 0.505859 0.564453 0.506836 0.564453 0.507812 0.563477 0.508789 0.563477 0.509766 0.562500 0.510742 0.562500 0.509766 0.561523 0.509766 0.560547 0.507812 0.558594 0.507812 0.557617 0.506836 0.556641 0.506836 0.555664 0.505859 0.554688 0.505859 0.553711 0.504883 0.552734 0.504883 0.551758 0.502930 0.549805 0.502930 0.548828 0.501953 0.547852 0.501953 0.546875 0.500977 0.545898
1 0.497070 0.570312 0.498047 0.571289 0.498047 0.572266 0.499023 0.573242 0.499023 0.574219 0.500977 0.576172 0.500977 0.577148 0.501953 0.578125 0.501953 0.579102 0.504883 0.582031 0.505859 0.581055 0.502930 0.578125 0.503906 0.577148 0.502930 0.576172 0.502930 0.575195 0.500977 0.573242 0.500977 0.572266 0.500000 0.571289 0.500000 0.570312 0.499023 0.569336 0.498047 0.570312
0 0.509766 0.638672 0.506836 0.638672 0.505859 0.639648 0.503906 0.639648 0.502930 0.640625 0.500977 0.640625 0.500000 0.641602 0.498047 0.641602 0.497070 0.642578 0.495117 0.642578 0.494141 0.643555 0.493164 0.643555 0.492188 0.644531 0.490234 0.644531 0.489258 0.645508 0.488281 0.645508 0.489258 0.646484 0.489258 0.647461 0.490234 0.648438 0.490234 0.649414 0.488281 0.651367 0.486328 0.651367 0.485352 0.652344 0.484375 0.651367 0.484375 0.650391 0.483398 0.649414 0.483398 0.648438 0.478516 0.653320 0.477539 0.653320 0.472656 0.658203 0.471680 0.658203 0.466797 0.663086 0.466797 0.665039 0.468750 0.666992 0.468750 0.667969 0.469727 0.668945 0.469727 0.669922 0.471680 0.671875 0.471680 0.672852 0.472656 0.673828 0.472656 0.674805 0.473633 0.675781 0.473633 0.676758 0.475586 0.678711 0.475586 0.679688 0.476562 0.680664 0.476562 0.681641 0.478516 0.683594 0.478516 0.684570 0.479492 0.685547 0.479492 0.686523 0.481445 0.688477 0.481445 0.689453 0.482422 0.690430 0.482422 0.691406 0.483398 0.692383 0.483398 0.693359 0.485352 0.693359 0.486328 0.692383 0.488281 0.692383 0.489258 0.691406 0.492188 0.691406 0.493164 0.690430 0.495117 0.690430 0.496094 0.689453 0.499023 0.689453 0.500000 0.688477 0.501953 0.688477 0.502930 0.687500 0.505859 0.687500 0.508789 0.684570 0.509766 0.684570 0.521484 0.672852 0.522461 0.672852 0.527344 0.667969 0.525391 0.666016 0.525391 0.665039 0.524414 0.664062 0.524414 0.663086 0.522461 0.661133 0.522461 0.660156 0.521484 0.659180 0.521484 0.658203 0.520508 0.657227 0.520508 0.656250 0.518555 0.654297 0.518555 0.653320 0.517578 0.652344 0.517578 0.651367 0.515625 0.649414 0.515625 0.648438 0.514648 0.647461 0.514648 0.646484 0.512695 0.644531 0.512695 0.643555 0.511719 0.642578 0.511719 0.641602 0.510742 0.640625 0.510742 0.639648
1 0.599609 0.716797 0.598633 0.716797 0.595703 0.719727 0.596680 0.720703 0.597656 0.720703 0.599609 0.718750 0.598633 0.717773
1 0.475586 0.629883 0.474609 0.630859 0.474609 0.632812 0.475586 0.633789 0.475586 0.634766 0.477539 0.636719 0.477539 0.637695 0.478516 0.638672 0.478516 0.639648 0.480469 0.641602 0.480469 0.642578 0.481445 0.643555 0.481445 0.644531 0.483398 0.646484 0.483398 0.647461 0.484375 0.648438 0.484375 0.649414 0.485352 0.650391 0.485352 0.651367 0.486328 0.650391 0.488281 0.650391 0.489258 0.649414 0.489258 0.648438 0.488281 0.647461 0.488281 0.646484 0.486328 0.644531 0.486328 0.643555 0.485352 0.642578 0.485352 0.641602 0.483398 0.639648 0.483398 0.638672 0.482422 0.637695 0.482422 0.636719 0.481445 0.635742 0.481445 0.634766 0.479492 0.632812 0.479492 0.631836 0.478516 0.630859 0.478516 0.629883 0.477539 0.628906 0.476562 0.629883
0 0.605469 0.694336 0.605469 0.695312 0.604492 0.696289 0.604492 0.698242 0.603516 0.699219 0.603516 0.702148 0.602539 0.703125 0.602539 0.705078 0.601562 0.706055 0.596680 0.706055 0.595703 0.705078 0.592773 0.705078 0.592773 0.707031 0.591797 0.708008 0.591797 0.711914 0.590820 0.712891 0.590820 0.715820 0.589844 0.716797 0.589844 0.720703 0.588867 0.721680 0.589844 0.721680 0.590820 0.722656 0.592773 0.722656 0.593750 0.723633 0.594727 0.723633 0.595703 0.724609 0.597656 0.724609 0.598633 0.725586 0.599609 0.725586 0.600586 0.726562 0.601562 0.726562 0.602539 0.727539 0.604492 0.727539 0.605469 0.728516 0.606445 0.728516 0.607422 0.729492 0.609375 0.729492 0.610352 0.730469 0.618164 0.722656 0.618164 0.721680 0.619141 0.720703 0.619141 0.717773 0.620117 0.716797 0.620117 0.712891 0.621094 0.711914 0.621094 0.708984 0.622070 0.708008 0.622070 0.705078 0.623047 0.704102 0.623047 0.701172 0.622070 0.701172 0.621094 0.700195 0.620117 0.700195 0.619141 0.699219 0.617188 0.699219 0.616211 0.698242 0.615234 0.698242 0.614258 0.697266 0.612305 0.697266 0.611328 0.696289 0.610352 0.696289 0.609375 0.695312 0.607422 0.695312 0.606445 0.694336
1 0.601562 0.714844 0.600586 0.714844 0.599609 0.715820 0.600586 0.716797 0.599609 0.717773 0.600586 0.718750 0.597656 0.721680 0.596680 0.721680 0.595703 0.720703 0.595703 0.722656 0.596680 0.722656 0.602539 0.716797 0.602539 0.715820
