0 0.314453 0.281250 0.304688 0.281250 0.303711 0.282227 0.288086 0.282227 0.287109 0.283203 0.287109 0.285156 0.286133 0.286133 0.286133 0.287109 0.285156 0.288086 0.285156 0.295898 0.286133 0.296875 0.286133 0.303711 0.287109 0.304688 0.287109 0.310547 0.288086 0.311523 0.288086 0.315430 0.293945 0.315430 0.294922 0.314453 0.313477 0.314453 0.314453 0.313477 0.314453 0.312500 0.315430 0.311523 0.315430 0.310547 0.316406 0.309570 0.316406 0.308594 0.317383 0.307617 0.317383 0.302734 0.316406 0.301758 0.316406 0.295898 0.315430 0.294922 0.315430 0.289062 0.314453 0.288086
1 0.295898 0.268555 0.295898 0.272461 0.296875 0.273438 0.296875 0.279297 0.297852 0.280273 0.297852 0.281250 0.299805 0.281250 0.299805 0.279297 0.298828 0.278320 0.298828 0.272461 0.297852 0.271484 0.297852 0.268555
0 0.546875 0.560547 0.544922 0.560547 0.543945 0.559570 0.542969 0.559570 0.541992 0.558594 0.540039 0.558594 0.539062 0.559570 0.539062 0.561523 0.538086 0.562500 0.538086 0.564453 0.537109 0.565430 0.537109 0.567383 0.536133 0.568359 0.536133 0.570312 0.535156 0.571289 0.535156 0.572266 0.534180 0.573242 0.533203 0.573242 0.532227 0.574219 0.531250 0.574219 0.529297 0.576172 0.528320 0.576172 0.526367 0.578125 0.525391 0.578125 0.523438 0.580078 0.522461 0.580078 0.521484 0.581055 0.520508 0.581055 0.518555 0.583008 0.517578 0.583008 0.515625 0.584961 0.516602 0.585938 0.516602 0.587891 0.517578 0.588867 0.517578 0.590820 0.518555 0.591797 0.518555 0.592773 0.519531 0.593750 0.519531 0.595703 0.521484 0.595703 0.522461 0.596680 0.525391 0.596680 0.526367 0.597656 0.529297 0.597656 0.530273 0.598633 0.533203 0.598633 0.534180 0.599609 0.535156 0.598633 0.536133 0.598633 0.537109 0.597656 0.538086 0.597656 0.539062 0.596680 0.540039 0.596680 0.541992 0.594727 0.542969 0.594727 0.543945 0.593750 0.544922 0.593750 0.545898 0.592773 0.546875 0.592773 0.548828 0.590820 0.549805 0.590820 0.550781 0.589844 0.551758 0.589844 0.552734 0.588867 0.553711 0.588867 0.555664 0.586914 0.556641 0.586914 0.557617 0.585938 0.557617 0.584961 0.556641 0.583984 0.556641 0.583008 0.555664 0.582031 0.555664 0.580078 0.554688 0.579102 0.554688 0.578125 0.553711 0.577148 0.553711 0.576172 0.552734 0.575195 0.552734 0.573242 0.551758 0.572266 0.551758 0.571289 0.550781 0.570312 0.550781 0.568359 0.549805 0.567383 0.549805 0.566406 0.548828 0.565430 0.548828 0.563477 0.547852 0.562500 0.547852 0.561523
0 0.268555 0.389648 0.268555 0.390625 0.267578 0.391602 0.267578 0.392578 0.266602 0.393555 0.266602 0.394531 0.265625 0.395508 0.265625 0.396484 0.264648 0.397461 0.264648 0.398438 0.263672 0.399414 0.263672 0.400391 0.262695 0.401367 0.262695 0.402344 0.261719 0.403320 0.261719 0.404297 0.260742 0.405273 0.260742 0.406250 0.259766 0.407227 0.259766 0.408203 0.258789 0.409180 0.258789 0.410156 0.257812 0.411133 0.257812 0.412109 0.265625 0.419922 0.267578 0.419922 0.268555 0.420898 0.269531 0.420898 0.270508 0.421875 0.271484 0.421875 0.272461 0.422852 0.274414 0.422852 0.275391 0.423828 0.276367 0.423828 0.277344 0.424805 0.279297 0.424805 0.280273 0.425781 0.281250 0.425781 0.282227 0.426758 0.283203 0.426758 0.284180 0.427734 0.286133 0.427734 0.287109 0.428711 0.288086 0.428711 0.288086 0.427734 0.289062 0.426758 0.289062 0.425781 0.290039 0.424805 0.290039 0.423828 0.291016 0.422852 0.291016 0.421875 0.291992 0.420898 0.291992 0.419922 0.292969 0.418945 0.292969 0.417969 0.293945 0.416992 0.293945 0.416016 0.294922 0.415039 0.294922 0.414062 0.295898 0.413086 0.295898 0.412109 0.296875 0.411133 0.296875 0.410156 0.298828 0.408203 0.298828 0.406250 0.296875 0.404297 0.295898 0.404297 0.291016 0.399414 0.290039 0.399414 0.289062 0.398438 0.287109 0.398438 0.286133 0.397461 0.285156 0.397461 0.284180 0.396484 0.283203 0.396484 0.282227 0.395508 0.281250 0.395508 0.280273 0.394531 0.278320 0.394531 0.277344 0.393555 0.276367 0.393555 0.275391 0.392578 0.274414 0.392578 0.273438 0.391602 0.272461 0.391602 0.271484 0.390625 0.269531 0.390625
1 0.282227 0.412109 0.282227 0.413086 0.281250 0.414062 0.282227 0.414062 0.287109 0.418945 0.288086 0.418945 0.289062 0.419922 0.289062 0.418945 0.290039 0.417969 0.286133 0.414062 0.285156 0.414062 0.283203 0.412109
0 0.412109 0.649414 0.410156 0.651367 0.410156 0.652344 0.408203 0.654297 0.408203 0.656250 0.414062 0.662109 0.414062 0.664062 0.413086 0.665039 0.411133 0.665039 0.405273 0.659180 0.404297 0.660156 0.404297 0.661133 0.401367 0.664062 0.401367 0.665039 0.399414 0.666992 0.399414 0.667969 0.397461 0.669922 0.397461 0.670898 0.396484 0.671875 0.412109 0.687500 0.414062 0.687500 0.415039 0.688477 0.416992 0.688477 0.417969 0.689453 0.418945 0.689453 0.419922 0.690430 0.421875 0.690430 0.422852 0.691406 0.424805 0.691406 0.425781 0.692383 0.426758 0.692383 0.427734 0.693359 0.428711 0.693359 0.430664 0.691406 0.430664 0.690430 0.432617 0.688477 0.432617 0.687500 0.434570 0.685547 0.434570 0.684570 0.436523 0.682617 0.436523 0.681641 0.438477 0.679688 0.438477 0.678711 0.439453 0.677734 0.439453 0.676758 0.441406 0.674805 0.441406 0.673828 0.443359 0.671875 0.443359 0.669922 0.434570 0.661133 0.434570 0.660156 0.429688 0.655273 0.428711 0.655273 0.427734 0.654297 0.425781 0.654297 0.424805 0.653320 0.421875 0.653320 0.420898 0.652344 0.418945 0.652344 0.417969 0.651367 0.416016 0.651367 0.415039 0.650391 0.413086 0.650391
1 0.401367 0.652344 0.401367 0.654297 0.411133 0.664062 0.413086 0.664062 0.413086 0.662109 0.403320 0.652344
1 0.587891 0.520508 0.587891 0.521484 0.588867 0.522461 0.590820 0.522461 0.591797 0.523438 0.592773 0.522461 0.590820 0.520508
0 0.499023 0.715820 0.500000 0.716797 0.499023 0.717773 0.500977 0.717773
0 0.474609 0.699219 0.473633 0.700195 0.474609 0.701172 0.474609 0.703125
0 0.472656 0.705078 0.473633 0.706055 0.475586 0.706055 0.476562 0.707031 0.475586 0.708008 0.483398 0.715820 0.487305 0.715820 0.488281 0.716797 0.495117 0.716797 0.495117 0.714844 0.496094 0.713867 0.497070 0.714844 0.496094 0.713867 0.497070 0.712891 0.491211 0.707031 0.491211 0.705078 0.490234 0.706055 0.489258 0.705078 0.489258 0.703125 0.487305 0.701172 0.485352 0.701172 0.484375 0.700195 0.484375 0.699219 0.486328 0.697266 0.488281 0.697266 0.488281 0.696289 0.487305 0.696289 0.486328 0.695312 0.485352 0.696289 0.484375 0.696289 0.484375 0.698242 0.483398 0.699219 0.483398 0.700195 0.484375 0.700195 0.485352 0.701172 0.484375 0.702148 0.485352 0.703125 0.484375 0.704102 0.484375 0.705078 0.483398 0.706055 0.479492 0.706055 0.478516 0.705078 0.476562 0.705078 0.475586 0.706055 0.474609 0.706055 0.473633 0.705078
0 0.476562 0.692383 0.476562 0.694336 0.477539 0.695312 0.478516 0.695312 0.479492 0.694336 0.479492 0.692383
0 0.479492 0.685547 0.479492 0.686523 0.481445 0.688477 0.486328 0.688477 0.487305 0.687500 0.487305 0.685547 0.488281 0.684570 0.484375 0.684570 0.483398 0.683594 0.480469 0.683594 0.480469 0.684570
0 0.595703 0.511719 0.593750 0.513672 0.593750 0.514648 0.592773 0.515625 0.592773 0.516602 0.590820 0.518555 0.590820 0.519531 0.593750 0.522461 0.591797 0.524414 0.590820 0.524414 0.589844 0.523438 0.587891 0.523438 0.586914 0.524414 0.586914 0.525391 0.584961 0.527344 0.584961 0.528320 0.583008 0.530273 0.583008 0.531250 0.581055 0.533203 0.582031 0.533203 0.585938 0.537109 0.586914 0.537109 0.589844 0.540039 0.590820 0.540039 0.592773 0.541992 0.593750 0.541992 0.595703 0.543945 0.596680 0.543945 0.598633 0.545898 0.599609 0.545898 0.601562 0.547852 0.602539 0.547852 0.603516 0.548828 0.606445 0.548828 0.607422 0.549805 0.609375 0.549805 0.610352 0.550781 0.611328 0.550781 0.611328 0.549805 0.612305 0.548828 0.612305 0.547852 0.614258 0.545898 0.614258 0.544922 0.616211 0.542969 0.616211 0.541992 0.618164 0.540039 0.618164 0.539062 0.620117 0.537109 0.620117 0.536133 0.621094 0.535156 0.621094 0.534180 0.623047 0.532227 0.623047 0.531250 0.625000 0.529297 0.625000 0.527344 0.624023 0.526367 0.623047 0.526367 0.621094 0.524414 0.620117 0.524414 0.617188 0.521484 0.616211 0.521484 0.614258 0.519531 0.613281 0.519531 0.611328 0.517578 0.610352 0.517578 0.607422 0.514648 0.606445 0.514648 0.604492 0.512695 0.600586 0.512695 0.599609 0.511719
1 0.505859 0.702148 0.505859 0.703125 0.508789 0.703125 0.509766 0.702148 0.511719 0.704102 0.513672 0.704102 0.512695 0.703125 0.513672 0.702148 0.513672 0.701172 0.506836 0.701172
1 0.577148 0.513672 0.578125 0.514648 0.579102 0.514648 0.581055 0.516602 0.582031 0.516602 0.584961 0.519531 0.585938 0.519531 0.586914 0.520508 0.587891 0.519531 0.588867 0.519531 0.586914 0.517578 0.585938 0.517578 0.583984 0.515625 0.583008 0.515625 0.581055 0.513672 0.580078 0.513672 0.579102 0.512695 0.578125 0.512695
0 0.478516 0.687500 0.478516 0.689453 0.477539 0.690430 0.477539 0.691406 0.479492 0.691406 0.480469 0.692383 0.480469 0.694336 0.478516 0.696289 0.477539 0.696289 0.476562 0.695312 0.475586 0.695312 0.475586 0.696289 0.474609 0.697266 0.474609 0.698242 0.475586 0.699219 0.475586 0.703125 0.474609 0.704102 0.473633 0.703125 0.473633 0.701172 0.473633 0.702148 0.472656 0.703125 0.472656 0.704102 0.473633 0.704102 0.474609 0.705078 0.475586 0.705078 0.476562 0.704102 0.478516 0.704102 0.479492 0.705078 0.483398 0.705078 0.483398 0.704102 0.484375 0.703125 0.483398 0.702148 0.485352 0.700195 0.487305 0.700195 0.490234 0.703125 0.490234 0.705078 0.488281 0.707031 0.489258 0.706055 0.490234 0.707031 0.489258 0.706055 0.491211 0.704102 0.492188 0.705078 0.492188 0.707031 0.498047 0.712891 0.496094 0.714844 0.496094 0.716797 0.497070 0.716797 0.498047 0.717773 0.500000 0.715820 0.501953 0.717773 0.502930 0.716797 0.502930 0.715820 0.503906 0.714844 0.503906 0.712891 0.504883 0.711914 0.504883 0.709961 0.505859 0.708984 0.505859 0.708008 0.506836 0.707031 0.506836 0.705078 0.507812 0.704102 0.501953 0.704102 0.500000 0.702148 0.500000 0.700195 0.500977 0.699219 0.503906 0.699219 0.504883 0.700195 0.508789 0.700195 0.508789 0.699219 0.509766 0.698242 0.509766 0.696289 0.500977 0.687500 0.500977 0.686523 0.500000 0.685547 0.499023 0.686523 0.498047 0.685547 0.497070 0.685547 0.496094 0.684570 0.489258 0.684570 0.488281 0.685547 0.488281 0.687500 0.486328 0.689453 0.481445 0.689453 0.479492 0.687500
1 0.514648 0.702148 0.513672 0.703125 0.514648 0.703125
1 0.500977 0.700195 0.500977 0.702148 0.501953 0.703125 0.504883 0.703125 0.504883 0.702148 0.505859 0.701172 0.503906 0.701172 0.502930 0.700195
0 0.520508 0.533203 0.518555 0.533203 0.516602 0.535156 0.515625 0.535156 0.514648 0.536133 0.513672 0.536133 0.512695 0.537109 0.511719 0.537109 0.509766 0.539062 0.508789 0.539062 0.507812 0.540039 0.506836 0.540039 0.504883 0.541992 0.503906 0.541992 0.502930 0.542969 0.501953 0.542969 0.500977 0.543945 0.500000 0.543945 0.498047 0.545898 0.498047 0.546875 0.497070 0.547852 0.497070 0.550781 0.496094 0.551758 0.496094 0.553711 0.495117 0.554688 0.495117 0.556641 0.494141 0.557617 0.494141 0.560547 0.493164 0.561523 0.493164 0.563477 0.492188 0.564453 0.492188 0.565430 0.506836 0.580078 0.507812 0.580078 0.512695 0.584961 0.513672 0.584961 0.514648 0.583984 0.515625 0.583984 0.517578 0.582031 0.518555 0.582031 0.520508 0.580078 0.521484 0.580078 0.522461 0.579102 0.523438 0.579102 0.525391 0.577148 0.526367 0.577148 0.528320 0.575195 0.529297 0.575195 0.531250 0.573242 0.532227 0.573242 0.533203 0.572266 0.534180 0.572266 0.534180 0.571289 0.535156 0.570312 0.535156 0.568359 0.536133 0.567383 0.536133 0.565430 0.537109 0.564453 0.537109 0.562500 0.538086 0.561523 0.538086 0.559570 0.539062 0.558594 0.539062 0.557617 0.540039 0.556641 0.540039 0.554688 0.541016 0.553711 0.541016 0.551758 0.536133 0.546875 0.535156 0.546875 0.524414 0.536133 0.523438 0.536133
1 0.491211 0.536133 0.491211 0.538086 0.492188 0.538086 0.498047 0.543945 0.499023 0.543945 0.500000 0.542969 0.500977 0.542969 0.500977 0.541992 0.494141 0.535156 0.492188 0.535156
0 0.438477 0.737305 0.436523 0.739258 0.437500 0.739258 0.438477 0.740234
0 0.447266 0.729492 0.447266 0.730469 0.448242 0.730469 0.448242 0.729492
0 0.305664 0.356445 0.305664 0.362305 0.304688 0.363281 0.304688 0.371094 0.303711 0.372070 0.303711 0.379883 0.304688 0.380859 0.304688 0.382812 0.305664 0.383789 0.305664 0.384766 0.309570 0.384766 0.310547 0.385742 0.319336 0.385742 0.320312 0.386719 0.328125 0.386719 0.328125 0.383789 0.329102 0.382812 0.329102 0.375000 0.330078 0.374023 0.330078 0.362305 0.329102 0.361328 0.329102 0.358398 0.320312 0.358398 0.319336 0.357422 0.310547 0.357422 0.309570 0.356445
1 0.430664 0.734375 0.432617 0.736328 0.433594 0.735352 0.432617 0.734375
1 0.313477 0.363281 0.313477 0.365234 0.314453 0.366211 0.314453 0.368164 0.315430 0.369141 0.316406 0.368164 0.316406 0.364258 0.315430 0.363281
0 0.452148 0.724609 0.448242 0.728516 0.449219 0.729492 0.449219 0.730469 0.448242 0.731445 0.447266 0.731445 0.446289 0.730469 0.446289 0.729492 0.439453 0.736328 0.439453 0.740234 0.438477 0.741211 0.437500 0.740234 0.436523 0.740234 0.436523 0.759766 0.437500 0.760742 0.438477 0.760742 0.439453 0.761719 0.440430 0.761719 0.441406 0.762695 0.442383 0.762695 0.443359 0.763672 0.444336 0.763672 0.445312 0.764648 0.446289 0.764648 0.447266 0.765625 0.448242 0.765625 0.449219 0.766602 0.450195 0.766602 0.452148 0.768555 0.453125 0.768555 0.454102 0.769531 0.455078 0.769531 0.456055 0.770508 0.457031 0.770508 0.458008 0.771484 0.465820 0.763672 0.465820 0.762695 0.473633 0.754883 0.473633 0.734375 0.471680 0.734375 0.470703 0.733398 0.469727 0.733398 0.468750 0.732422 0.467773 0.732422 0.466797 0.731445 0.465820 0.731445 0.464844 0.730469 0.463867 0.730469 0.462891 0.729492 0.461914 0.729492 0.460938 0.728516 0.459961 0.728516 0.458984 0.727539 0.458008 0.727539 0.457031 0.726562 0.456055 0.726562 0.455078 0.725586 0.454102 0.725586 0.453125 0.724609
1 0.429688 0.734375 0.430664 0.733398 0.429688 0.734375 0.429688 0.736328 0.430664 0.737305 0.431641 0.737305 0.432617 0.738281 0.433594 0.738281 0.434570 0.739258 0.435547 0.739258 0.437500 0.737305 0.436523 0.736328 0.435547 0.736328 0.434570 0.735352 0.432617 0.737305
1 0.561523 0.509766 0.560547 0.510742 0.558594 0.510742 0.558594 0.511719 0.560547 0.511719 0.561523 0.510742
0 0.587891 0.495117 0.584961 0.495117 0.583984 0.496094 0.580078 0.496094 0.579102 0.497070 0.575195 0.497070 0.574219 0.498047 0.571289 0.498047 0.570312 0.499023 0.569336 0.499023 0.568359 0.500000 0.567383 0.500000 0.566406 0.500977 0.565430 0.500977 0.564453 0.501953 0.563477 0.501953 0.563477 0.502930 0.564453 0.503906 0.564453 0.506836 0.565430 0.507812 0.565430 0.510742 0.566406 0.511719 0.566406 0.513672 0.567383 0.514648 0.567383 0.517578 0.568359 0.518555 0.568359 0.519531 0.573242 0.519531 0.574219 0.518555 0.578125 0.518555 0.579102 0.517578 0.581055 0.517578 0.580078 0.516602 0.579102 0.516602 0.576172 0.513672 0.578125 0.511719 0.579102 0.511719 0.580078 0.512695 0.581055 0.512695 0.583008 0.514648 0.583984 0.514648 0.585938 0.516602 0.586914 0.515625 0.587891 0.515625 0.588867 0.514648 0.589844 0.514648 0.591797 0.512695 0.592773 0.512695 0.591797 0.511719 0.591797 0.508789 0.590820 0.507812 0.590820 0.505859 0.589844 0.504883 0.589844 0.501953 0.588867 0.500977 0.588867 0.498047 0.587891 0.497070
