0 0.614258 0.301758 0.612305 0.303711 0.612305 0.304688 0.610352 0.306641 0.610352 0.307617 0.608398 0.309570 0.608398 0.310547 0.606445 0.312500 0.606445 0.313477 0.604492 0.315430 0.604492 0.316406 0.602539 0.318359 0.602539 0.319336 0.601562 0.320312 0.601562 0.321289 0.602539 0.322266 0.602539 0.326172 0.603516 0.327148 0.604492 0.327148 0.605469 0.328125 0.606445 0.328125 0.608398 0.330078 0.609375 0.330078 0.611328 0.332031 0.612305 0.332031 0.613281 0.333008 0.614258 0.333008 0.616211 0.334961 0.617188 0.334961 0.619141 0.336914 0.621094 0.336914 0.622070 0.335938 0.622070 0.334961 0.624023 0.333008 0.624023 0.332031 0.625977 0.330078 0.625977 0.329102 0.628906 0.326172 0.628906 0.325195 0.630859 0.323242 0.630859 0.322266 0.632812 0.320312 0.632812 0.316406 0.631836 0.315430 0.631836 0.313477 0.629883 0.311523 0.628906 0.311523 0.627930 0.310547 0.626953 0.310547 0.625977 0.309570 0.625977 0.310547 0.625000 0.311523 0.624023 0.311523 0.622070 0.309570 0.623047 0.308594 0.623047 0.307617 0.622070 0.306641 0.621094 0.306641 0.620117 0.305664 0.619141 0.305664 0.617188 0.303711 0.616211 0.303711
1 0.632812 0.297852 0.630859 0.297852 0.629883 0.298828 0.629883 0.299805 0.627930 0.301758 0.627930 0.302734 0.625977 0.304688 0.625977 0.305664 0.624023 0.307617 0.624023 0.308594 0.623047 0.309570 0.624023 0.310547 0.625000 0.310547 0.625000 0.309570 0.626953 0.307617 0.626953 0.306641 0.628906 0.304688 0.628906 0.303711 0.630859 0.301758 0.630859 0.300781 0.632812 0.298828
0 0.363281 0.490234 0.362305 0.491211 0.361328 0.491211 0.359375 0.493164 0.358398 0.493164 0.357422 0.494141 0.356445 0.494141 0.355469 0.495117 0.354492 0.495117 0.352539 0.497070 0.351562 0.497070 0.350586 0.498047 0.349609 0.498047 0.347656 0.500000 0.346680 0.500000 0.347656 0.500977 0.347656 0.502930 0.348633 0.503906 0.348633 0.506836 0.349609 0.507812 0.349609 0.509766 0.350586 0.510742 0.350586 0.513672 0.351562 0.514648 0.351562 0.516602 0.352539 0.517578 0.352539 0.518555 0.353516 0.519531 0.354492 0.519531 0.355469 0.520508 0.356445 0.520508 0.357422 0.521484 0.359375 0.521484 0.360352 0.522461 0.361328 0.522461 0.362305 0.523438 0.363281 0.523438 0.364258 0.524414 0.366211 0.524414 0.368164 0.522461 0.369141 0.522461 0.370117 0.521484 0.371094 0.521484 0.372070 0.520508 0.373047 0.520508 0.375000 0.518555 0.375977 0.518555 0.376953 0.517578 0.377930 0.517578 0.379883 0.515625 0.380859 0.515625 0.381836 0.514648 0.382812 0.514648 0.382812 0.513672 0.381836 0.512695 0.381836 0.510742 0.380859 0.509766 0.380859 0.507812 0.379883 0.506836 0.379883 0.503906 0.378906 0.502930 0.378906 0.500977 0.377930 0.500000 0.377930 0.498047 0.376953 0.497070 0.376953 0.496094 0.375977 0.495117 0.375000 0.495117 0.374023 0.494141 0.373047 0.494141 0.372070 0.493164 0.371094 0.493164 0.370117 0.492188 0.369141 0.492188 0.368164 0.491211 0.367188 0.491211 0.366211 0.490234
1 0.357422 0.485352 0.357422 0.487305 0.358398 0.488281 0.358398 0.490234 0.359375 0.491211 0.359375 0.492188 0.361328 0.490234 0.360352 0.489258 0.360352 0.487305 0.359375 0.486328 0.359375 0.485352
0 0.582031 0.379883 0.582031 0.380859 0.581055 0.381836 0.581055 0.384766 0.580078 0.385742 0.580078 0.388672 0.579102 0.389648 0.579102 0.391602 0.581055 0.391602 0.582031 0.392578 0.582031 0.394531 0.581055 0.395508 0.579102 0.395508 0.579102 0.396484 0.580078 0.397461 0.580078 0.403320 0.581055 0.404297 0.581055 0.408203 0.588867 0.408203 0.589844 0.407227 0.600586 0.407227 0.600586 0.406250 0.601562 0.405273 0.601562 0.403320 0.602539 0.402344 0.602539 0.399414 0.603516 0.398438 0.603516 0.396484 0.604492 0.395508 0.603516 0.394531 0.603516 0.388672 0.602539 0.387695 0.602539 0.382812 0.601562 0.381836 0.601562 0.379883
1 0.567383 0.393555 0.567383 0.394531 0.581055 0.394531 0.581055 0.392578 0.568359 0.392578
0 0.402344 0.537109 0.402344 0.543945 0.401367 0.544922 0.401367 0.556641 0.411133 0.556641 0.412109 0.557617 0.424805 0.557617 0.425781 0.556641 0.425781 0.551758 0.426758 0.550781 0.426758 0.538086 0.425781 0.538086 0.424805 0.537109 0.414062 0.537109 0.413086 0.536133 0.406250 0.536133 0.405273 0.537109
1 0.416016 0.524414 0.415039 0.524414 0.415039 0.525391 0.414062 0.526367 0.414062 0.536133 0.415039 0.536133 0.416016 0.535156
1 0.394531 0.517578 0.393555 0.517578 0.393555 0.518555 0.392578 0.519531 0.393555 0.520508 0.393555 0.521484 0.394531 0.520508 0.394531 0.519531 0.395508 0.518555
0 0.378906 0.517578 0.378906 0.518555 0.377930 0.519531 0.377930 0.520508 0.375977 0.522461 0.375977 0.523438 0.375000 0.524414 0.375000 0.525391 0.373047 0.527344 0.373047 0.528320 0.371094 0.530273 0.371094 0.531250 0.370117 0.532227 0.370117 0.533203 0.368164 0.535156 0.368164 0.536133 0.367188 0.537109 0.367188 0.538086 0.366211 0.539062 0.366211 0.545898 0.367188 0.545898 0.368164 0.546875 0.369141 0.546875 0.370117 0.547852 0.371094 0.547852 0.372070 0.548828 0.373047 0.548828 0.374023 0.549805 0.375000 0.549805 0.376953 0.551758 0.377930 0.551758 0.378906 0.552734 0.379883 0.552734 0.380859 0.553711 0.381836 0.553711 0.382812 0.554688 0.383789 0.554688 0.384766 0.555664 0.385742 0.555664 0.386719 0.556641 0.387695 0.556641 0.387695 0.555664 0.388672 0.554688 0.388672 0.553711 0.389648 0.552734 0.389648 0.551758 0.391602 0.549805 0.391602 0.548828 0.392578 0.547852 0.392578 0.546875 0.394531 0.544922 0.394531 0.543945 0.395508 0.542969 0.395508 0.541992 0.397461 0.540039 0.397461 0.539062 0.398438 0.538086 0.398438 0.537109 0.399414 0.536133 0.399414 0.532227 0.400391 0.531250 0.400391 0.529297 0.399414 0.529297 0.398438 0.528320 0.397461 0.528320 0.396484 0.527344 0.395508 0.527344 0.393555 0.525391 0.392578 0.525391 0.391602 0.524414 0.390625 0.524414 0.389648 0.523438 0.388672 0.523438 0.387695 0.522461 0.386719 0.522461 0.385742 0.521484 0.384766 0.521484 0.383789 0.520508 0.382812 0.520508 0.380859 0.518555 0.379883 0.518555
1 0.442383 0.669922 0.442383 0.671875 0.445312 0.671875 0.446289 0.670898 0.449219 0.670898 0.448242 0.669922
1 0.392578 0.520508 0.390625 0.522461 0.390625 0.523438 0.392578 0.523438 0.393555 0.522461 0.392578 0.521484
1 0.397461 0.513672 0.396484 0.513672 0.395508 0.514648 0.395508 0.515625 0.394531 0.516602 0.395508 0.517578 0.394531 0.518555 0.395508 0.517578 0.396484 0.517578 0.396484 0.516602 0.397461 0.515625
0 0.444336 0.660156 0.444336 0.668945 0.449219 0.668945 0.450195 0.669922 0.450195 0.670898 0.449219 0.671875 0.446289 0.671875 0.445312 0.672852 0.444336 0.672852 0.444336 0.679688 0.445312 0.680664 0.452148 0.680664 0.453125 0.681641 0.459961 0.681641 0.460938 0.680664 0.472656 0.680664 0.472656 0.660156 0.468750 0.660156 0.467773 0.659180 0.446289 0.659180 0.445312 0.660156
0 0.360352 0.480469 0.361328 0.479492 0.362305 0.479492 0.363281 0.478516 0.364258 0.478516 0.365234 0.477539 0.366211 0.477539 0.367188 0.476562 0.367188 0.475586 0.366211 0.475586 0.365234 0.474609 0.361328 0.474609 0.360352 0.475586 0.360352 0.476562 0.361328 0.477539 0.360352 0.478516
0 0.353516 0.473633 0.352539 0.473633 0.351562 0.472656 0.350586 0.473633 0.350586 0.474609 0.348633 0.476562 0.346680 0.476562 0.345703 0.477539 0.345703 0.478516 0.344727 0.479492 0.343750 0.479492 0.344727 0.480469 0.344727 0.481445 0.346680 0.483398 0.349609 0.483398 0.350586 0.484375 0.352539 0.484375 0.353516 0.483398 0.354492 0.483398 0.355469 0.482422 0.354492 0.481445 0.354492 0.480469 0.355469 0.479492 0.356445 0.479492 0.356445 0.477539 0.355469 0.476562 0.355469 0.475586
0 0.341797 0.471680 0.339844 0.471680 0.340820 0.472656 0.340820 0.473633 0.341797 0.472656
1 0.437500 0.670898 0.438477 0.671875 0.441406 0.671875 0.441406 0.669922 0.440430 0.670898 0.439453 0.669922 0.438477 0.670898
1 0.365234 0.462891 0.366211 0.462891 0.367188 0.461914 0.366211 0.462891 0.365234 0.461914
0 0.346680 0.484375 0.347656 0.485352 0.347656 0.486328 0.348633 0.486328 0.349609 0.485352 0.350586 0.485352 0.349609 0.484375
0 0.353516 0.452148 0.352539 0.453125 0.351562 0.453125 0.350586 0.454102 0.349609 0.454102 0.348633 0.455078 0.347656 0.455078 0.346680 0.456055 0.345703 0.456055 0.344727 0.457031 0.343750 0.457031 0.342773 0.458008 0.341797 0.458008 0.340820 0.458984 0.339844 0.458984 0.338867 0.459961 0.336914 0.459961 0.335938 0.460938 0.334961 0.460938 0.334961 0.461914 0.335938 0.462891 0.335938 0.463867 0.336914 0.464844 0.336914 0.465820 0.337891 0.466797 0.337891 0.467773 0.338867 0.468750 0.338867 0.469727 0.339844 0.470703 0.341797 0.470703 0.342773 0.471680 0.342773 0.472656 0.341797 0.473633 0.341797 0.475586 0.342773 0.476562 0.342773 0.477539 0.343750 0.478516 0.344727 0.478516 0.344727 0.477539 0.346680 0.475586 0.348633 0.475586 0.349609 0.474609 0.349609 0.473633 0.351562 0.471680 0.352539 0.472656 0.353516 0.472656 0.356445 0.475586 0.356445 0.476562 0.357422 0.477539 0.357422 0.479492 0.356445 0.480469 0.355469 0.480469 0.355469 0.481445 0.356445 0.482422 0.357422 0.481445 0.358398 0.481445 0.359375 0.480469 0.359375 0.478516 0.360352 0.477539 0.359375 0.476562 0.359375 0.475586 0.361328 0.473633 0.365234 0.473633 0.366211 0.474609 0.366211 0.473633 0.365234 0.472656 0.365234 0.471680 0.364258 0.470703 0.364258 0.469727 0.363281 0.468750 0.363281 0.467773 0.362305 0.466797 0.362305 0.465820 0.361328 0.464844 0.361328 0.463867 0.360352 0.462891 0.360352 0.461914 0.359375 0.460938 0.359375 0.459961 0.358398 0.458984 0.358398 0.458008 0.357422 0.457031 0.357422 0.456055 0.356445 0.455078 0.356445 0.454102 0.354492 0.452148
1 0.375000 0.458008 0.374023 0.458008 0.373047 0.457031 0.372070 0.458008 0.371094 0.458008 0.370117 0.458984 0.369141 0.458984 0.368164 0.459961 0.367188 0.459961 0.366211 0.460938 0.365234 0.460938 0.364258 0.461914 0.364258 0.462891 0.363281 0.463867 0.362305 0.462891 0.361328 0.462891 0.362305 0.463867 0.362305 0.464844 0.363281 0.463867 0.364258 0.463867 0.364258 0.461914 0.365234 0.460938 0.366211 0.461914 0.367188 0.460938 0.368164 0.461914 0.369141 0.460938 0.370117 0.460938 0.371094 0.459961 0.373047 0.459961 0.374023 0.458984 0.375000 0.458984
1 0.654297 0.393555 0.653320 0.394531 0.654297 0.395508 0.655273 0.395508 0.655273 0.394531
0 0.392578 0.594727 0.393555 0.594727 0.394531 0.595703 0.395508 0.594727 0.396484 0.595703 0.398438 0.595703 0.396484 0.595703 0.395508 0.594727 0.394531 0.595703 0.393555 0.594727
0 0.673828 0.391602 0.673828 0.392578 0.671875 0.394531 0.671875 0.395508 0.670898 0.396484 0.669922 0.396484 0.669922 0.397461 0.668945 0.398438 0.667969 0.398438 0.666016 0.400391 0.666016 0.402344 0.664062 0.404297 0.662109 0.404297 0.660156 0.406250 0.660156 0.407227 0.659180 0.408203 0.660156 0.409180 0.658203 0.411133 0.657227 0.411133 0.657227 0.412109 0.655273 0.414062 0.658203 0.416992 0.659180 0.416992 0.665039 0.422852 0.666016 0.422852 0.670898 0.427734 0.671875 0.427734 0.686523 0.413086 0.686523 0.412109 0.687500 0.411133 0.687500 0.410156 0.688477 0.409180 0.688477 0.408203 0.689453 0.407227 0.689453 0.406250 0.690430 0.405273 0.689453 0.404297 0.688477 0.404297 0.682617 0.398438 0.681641 0.398438 0.675781 0.392578 0.674805 0.392578
1 0.654297 0.392578 0.653320 0.393555 0.654297 0.392578 0.656250 0.394531 0.656250 0.395508 0.655273 0.396484 0.657227 0.398438 0.658203 0.398438 0.663086 0.403320 0.664062 0.403320 0.665039 0.402344 0.657227 0.394531 0.656250 0.394531
0 0.398438 0.592773 0.397461 0.593750 0.395508 0.593750 0.393555 0.595703 0.389648 0.595703 0.388672 0.596680 0.385742 0.596680 0.384766 0.597656 0.382812 0.597656 0.381836 0.598633 0.380859 0.598633 0.380859 0.603516 0.381836 0.604492 0.381836 0.614258 0.382812 0.615234 0.382812 0.616211 0.387695 0.621094 0.387695 0.622070 0.389648 0.624023 0.391602 0.624023 0.392578 0.623047 0.394531 0.623047 0.395508 0.622070 0.397461 0.622070 0.398438 0.621094 0.400391 0.621094 0.401367 0.620117 0.403320 0.620117 0.404297 0.619141 0.406250 0.619141 0.407227 0.618164 0.407227 0.603516 0.406250 0.602539 0.406250 0.601562 0.400391 0.595703 0.400391 0.594727
1 0.415039 0.601562 0.414062 0.602539 0.413086 0.601562 0.412109 0.601562 0.410156 0.603516 0.409180 0.602539 0.408203 0.603516 0.408203 0.605469 0.409180 0.604492 0.411133 0.604492 0.412109 0.603516 0.414062 0.603516 0.415039 0.602539
0 0.671875 0.723633 0.663086 0.723633 0.662109 0.724609 0.656250 0.724609 0.655273 0.725586 0.655273 0.726562 0.653320 0.728516 0.653320 0.729492 0.651367 0.731445 0.651367 0.732422 0.649414 0.734375 0.649414 0.735352 0.647461 0.737305 0.647461 0.738281 0.646484 0.739258 0.646484 0.740234 0.644531 0.742188 0.644531 0.743164 0.643555 0.744141 0.643555 0.746094 0.655273 0.757812 0.655273 0.758789 0.660156 0.763672 0.665039 0.763672 0.666016 0.762695 0.670898 0.762695 0.671875 0.761719 0.675781 0.761719 0.677734 0.759766 0.677734 0.758789 0.679688 0.756836 0.679688 0.755859 0.681641 0.753906 0.681641 0.752930 0.683594 0.750977 0.683594 0.750000 0.685547 0.748047 0.685547 0.747070 0.687500 0.745117 0.687500 0.744141 0.689453 0.742188 0.689453 0.741211
