0 0.426814 0.316113 0.421894 0.321033 0.421894 0.322263 0.407134 0.337023 0.408364 0.338253 0.409594 0.338253 0.418204 0.346863 0.419434 0.346863 0.425584 0.353014 0.420664 0.357934 0.419434 0.357934 0.413284 0.351784 0.412054 0.351784 0.404674 0.344403 0.403444 0.344403 0.402214 0.343173 0.400984 0.343173 0.384994 0.359164 0.391144 0.365314 0.391144 0.366544 0.398524 0.373924 0.398524 0.375154 0.404674 0.381304 0.404674 0.382534 0.412054 0.389914 0.412054 0.391144 0.415744 0.394834 0.416974 0.394834 0.421894 0.399754 0.423124 0.399754 0.428044 0.404674 0.429274 0.404674 0.434194 0.409594 0.435424 0.409594 0.440344 0.414514 0.441574 0.414514 0.445264 0.418204 0.446494 0.418204 0.488315 0.376384 0.482165 0.370234 0.482165 0.369004 0.463715 0.350554 0.463715 0.349323 0.453875 0.339483 0.452645 0.339483 0.437884 0.324723 0.436654 0.324723 0.428044 0.316113
1 0.396064 0.334563 0.396064 0.335793 0.403444 0.343173 0.404674 0.343173 0.412054 0.350554 0.413284 0.350554 0.419434 0.356704 0.420664 0.356704 0.424354 0.353014 0.419434 0.348093 0.418204 0.348093 0.409594 0.339483 0.408364 0.339483 0.400984 0.332103 0.398524 0.332103
0 0.723247 0.276753 0.718327 0.276753 0.717097 0.275523 0.712177 0.275523 0.710947 0.274293 0.706027 0.274293 0.704797 0.273063 0.703567 0.273063 0.702337 0.274293 0.697417 0.274293 0.696187 0.275523 0.691267 0.275523 0.690037 0.276753 0.685117 0.276753 0.683887 0.277983 0.678967 0.277983 0.677737 0.279213 0.675277 0.279213 0.675277 0.298893 0.676507 0.300123 0.676507 0.313653 0.677737 0.314883 0.685117 0.314883 0.686347 0.316113 0.693727 0.316113 0.694957 0.317343 0.699877 0.317343 0.701107 0.316113 0.707257 0.316113 0.708487 0.314883 0.714637 0.314883 0.715867 0.313653 0.722017 0.313653 0.723247 0.312423 0.726937 0.312423 0.726937 0.302583 0.725707 0.301353 0.725707 0.293973 0.723247 0.293973 0.722017 0.295203 0.715867 0.295203 0.714637 0.293973 0.714637 0.291513 0.715867 0.290283 0.718327 0.290283 0.719557 0.289053 0.724477 0.289053 0.725707 0.287823 0.725707 0.282903 0.722017 0.279213 0.723247 0.277983
1 0.738007 0.287823 0.733087 0.287823 0.731857 0.289053 0.725707 0.289053 0.724477 0.290283 0.719557 0.290283 0.718327 0.291513 0.715867 0.291513 0.715867 0.293973 0.722017 0.293973 0.723247 0.292743 0.729397 0.292743 0.730627 0.291513 0.735547 0.291513 0.736777 0.290283 0.738007 0.290283
0 0.574416 0.546125 0.574416 0.552276 0.576876 0.554736 0.578106 0.554736 0.579336 0.555966 0.581796 0.555966 0.583026 0.557196 0.583026 0.554736 0.584256 0.553506 0.584256 0.551046 0.583026 0.549815 0.579336 0.549815 0.576876 0.547355 0.575646 0.547355
0 0.574416 0.520295 0.570726 0.520295 0.569496 0.521525 0.568266 0.521525 0.564576 0.525215 0.564576 0.530135 0.565806 0.531365 0.565806 0.532595 0.567036 0.533825 0.567036 0.535055 0.568266 0.536285 0.568266 0.537515 0.569496 0.538745 0.570726 0.538745 0.570726 0.532595 0.571956 0.531365 0.573186 0.531365 0.574416 0.530135 0.575646 0.530135 0.576876 0.528905 0.576876 0.526445 0.575646 0.525215 0.578106 0.522755 0.576876 0.521525 0.575646 0.521525
0 0.589176 0.214022 0.587946 0.215252 0.586716 0.215252 0.584256 0.217712 0.583026 0.217712 0.580566 0.220172 0.579336 0.220172 0.576876 0.222632 0.575646 0.222632 0.573186 0.225092 0.571956 0.225092 0.569496 0.227552 0.568266 0.227552 0.565806 0.230012 0.564576 0.230012 0.562116 0.232472 0.560886 0.232472 0.560886 0.234932 0.563346 0.237392 0.563346 0.238622 0.565806 0.241082 0.565806 0.242312 0.568266 0.244772 0.568266 0.246002 0.570726 0.248462 0.570726 0.249692 0.571956 0.250923 0.571956 0.252153 0.574416 0.254613 0.574416 0.255843 0.576876 0.258303 0.576876 0.259533 0.580566 0.263223 0.583026 0.263223 0.584256 0.261993 0.585486 0.261993 0.587946 0.259533 0.589176 0.259533 0.591636 0.257073 0.592866 0.257073 0.594096 0.255843 0.595326 0.255843 0.597786 0.253383 0.599016 0.253383 0.601476 0.250923 0.602706 0.250923 0.605166 0.248462 0.606396 0.248462 0.608856 0.246002 0.610086 0.246002 0.611316 0.244772 0.610086 0.243542 0.610086 0.242312 0.607626 0.239852 0.607626 0.238622 0.605166 0.236162 0.605166 0.234932 0.603936 0.233702 0.603936 0.232472 0.601476 0.230012 0.601476 0.228782 0.599016 0.226322 0.599016 0.225092 0.597786 0.223862 0.597786 0.222632 0.595326 0.220172 0.595326 0.218942 0.592866 0.216482 0.592866 0.215252 0.590406 0.215252
1 0.578106 0.515375 0.576876 0.515375 0.574416 0.517835 0.574416 0.519065 0.575646 0.520295 0.576876 0.519065 0.576876 0.516605
1 0.579336 0.505535 0.578106 0.506765 0.578106 0.510455 0.576876 0.511685 0.578106 0.512915 0.579336 0.511685 0.578106 0.510455 0.578106 0.509225 0.579336 0.507995 0.580566 0.507995 0.580566 0.506765
1 0.586716 0.238622 0.585486 0.239852 0.587946 0.242312 0.589176 0.242312 0.590406 0.243542 0.591636 0.242312 0.591636 0.239852 0.590406 0.238622
0 0.749077 0.238622 0.747847 0.239852 0.746617 0.239852 0.744157 0.242312 0.742927 0.242312 0.740467 0.244772 0.739237 0.244772 0.738007 0.246002 0.736777 0.246002 0.736777 0.247232 0.735547 0.248462 0.735547 0.250923 0.734317 0.252153 0.734317 0.253383 0.733087 0.254613 0.733087 0.257073 0.731857 0.258303 0.731857 0.259533 0.730627 0.260763 0.730627 0.261993 0.729397 0.263223 0.729397 0.265683 0.728167 0.266913 0.728167 0.268143 0.726937 0.269373 0.726937 0.271833 0.725707 0.273063 0.725707 0.274293 0.724477 0.275523 0.724477 0.277983 0.723247 0.279213 0.724477 0.280443 0.725707 0.280443 0.726937 0.281673 0.728167 0.281673 0.729397 0.282903 0.730627 0.282903 0.731857 0.284133 0.733087 0.284133 0.734317 0.285363 0.735547 0.285363 0.736777 0.286593 0.738007 0.286593 0.739237 0.287823 0.740467 0.287823 0.741697 0.289053 0.742927 0.289053 0.744157 0.290283 0.745387 0.290283 0.746617 0.291513 0.747847 0.291513 0.749077 0.292743 0.750308 0.292743 0.751538 0.293973 0.752768 0.293973 0.753998 0.295203 0.755228 0.295203 0.756458 0.296433 0.760148 0.292743 0.761378 0.292743 0.765068 0.289053 0.766298 0.289053 0.768758 0.286593 0.768758 0.285363 0.769988 0.284133 0.769988 0.282903 0.771218 0.281673 0.771218 0.280443 0.772448 0.279213 0.772448 0.276753 0.773678 0.275523 0.773678 0.274293 0.774908 0.273063 0.774908 0.271833 0.776138 0.270603 0.776138 0.268143 0.777368 0.266913 0.777368 0.265683 0.778598 0.264453 0.778598 0.263223 0.779828 0.261993 0.779828 0.260763 0.781058 0.259533 0.781058 0.257073 0.782288 0.255843 0.782288 0.253383 0.779828 0.253383 0.778598 0.252153 0.777368 0.252153 0.776138 0.250923 0.774908 0.250923 0.773678 0.249692 0.772448 0.249692 0.771218 0.248462 0.769988 0.248462 0.768758 0.247232 0.767528 0.247232 0.766298 0.246002 0.765068 0.246002 0.763838 0.244772 0.762608 0.244772 0.761378 0.243542 0.758918 0.243542 0.757688 0.242312 0.756458 0.242312 0.755228 0.241082 0.753998 0.241082 0.752768 0.239852 0.751538 0.239852 0.750308 0.238622
1 0.314883 0.531365 0.316113 0.532595 0.317343 0.531365 0.316113 0.532595
1 0.340713 0.509225 0.341943 0.510455 0.343173 0.509225 0.341943 0.510455
1 0.747847 0.270603 0.746617 0.270603 0.745387 0.269373 0.742927 0.271833 0.741697 0.271833 0.739237 0.274293 0.738007 0.274293 0.736777 0.275523 0.736777 0.276753 0.735547 0.277983 0.736777 0.279213 0.738007 0.279213 0.741697 0.275523 0.744157 0.275523 0.745387 0.274293 0.746617 0.274293 0.746617 0.273063 0.747847 0.271833
0 0.174662 0.393604 0.174662 0.394834 0.173432 0.396064 0.173432 0.398524 0.172202 0.399754 0.172202 0.402214 0.170972 0.403444 0.170972 0.405904 0.169742 0.407134 0.169742 0.408364 0.168512 0.409594 0.168512 0.412054 0.167282 0.413284 0.167282 0.415744 0.166052 0.416974 0.166052 0.419434 0.164822 0.420664 0.164822 0.423124 0.166052 0.424354 0.167282 0.424354 0.168512 0.425584 0.169742 0.425584 0.172202 0.428044 0.173432 0.428044 0.175892 0.430504 0.177122 0.430504 0.178352 0.431734 0.179582 0.431734 0.182042 0.434194 0.182042 0.431734 0.184502 0.429274 0.185732 0.429274 0.188192 0.431734 0.188192 0.434194 0.189422 0.435424 0.196802 0.435424 0.198032 0.436654 0.205412 0.436654 0.206642 0.437884 0.207872 0.436654 0.207872 0.434194 0.209102 0.432964 0.209102 0.431734 0.210332 0.430504 0.210332 0.428044 0.211562 0.426814 0.211562 0.424354 0.212792 0.423124 0.212792 0.420664 0.214022 0.419434 0.214022 0.416974 0.215252 0.415744 0.215252 0.413284 0.216482 0.412054 0.216482 0.408364 0.215252 0.407134 0.214022 0.407134 0.210332 0.403444 0.209102 0.403444 0.206642 0.400984 0.205412 0.400984 0.202952 0.398524 0.201722 0.398524 0.200492 0.397294 0.196802 0.397294 0.195572 0.396064 0.186962 0.396064 0.185732 0.394834 0.178352 0.394834 0.177122 0.393604
1 0.185732 0.430504 0.184502 0.431734 0.183272 0.431734 0.183272 0.434194 0.182042 0.435424 0.182042 0.436654 0.180812 0.437884 0.180812 0.440344 0.179582 0.441574 0.179582 0.444034 0.178352 0.445264 0.178352 0.447724 0.177122 0.448954 0.177122 0.450185 0.180812 0.450185 0.180812 0.448954 0.182042 0.447724 0.182042 0.445264 0.183272 0.444034 0.183272 0.441574 0.184502 0.440344 0.184502 0.437884 0.185732 0.436654 0.184502 0.435424 0.184502 0.431734
