0 0.534180 0.535156 0.529297 0.540039 0.529297 0.541016 0.528320 0.541992 0.528320 0.546875 0.527344 0.547852 0.527344 0.552734 0.526367 0.553711 0.526367 0.558594 0.525391 0.559570 0.528320 0.559570 0.529297 0.560547 0.532227 0.560547 0.533203 0.561523 0.537109 0.561523 0.538086 0.562500 0.541016 0.562500 0.541992 0.563477 0.545898 0.563477 0.547852 0.561523 0.548828 0.561523 0.551758 0.558594 0.551758 0.552734 0.552734 0.551758 0.552734 0.546875 0.553711 0.545898 0.553711 0.540039 0.552734 0.540039 0.551758 0.539062 0.548828 0.539062 0.547852 0.538086 0.544922 0.538086 0.543945 0.537109 0.541016 0.537109 0.540039 0.536133 0.536133 0.536133 0.535156 0.535156
1 0.552734 0.552734 0.552734 0.553711 0.554688 0.553711 0.555664 0.554688 0.558594 0.554688 0.559570 0.555664 0.562500 0.555664 0.562500 0.554688 0.561523 0.553711 0.558594 0.553711 0.557617 0.552734 0.554688 0.552734 0.553711 0.551758
0 0.655273 0.387695 0.652344 0.387695 0.651367 0.388672 0.647461 0.388672 0.646484 0.389648 0.641602 0.389648 0.640625 0.390625 0.636719 0.390625 0.635742 0.391602 0.635742 0.410156 0.643555 0.417969 0.644531 0.416992 0.649414 0.416992 0.650391 0.416016 0.654297 0.416016 0.655273 0.415039 0.659180 0.415039 0.660156 0.414062 0.663086 0.414062 0.663086 0.394531 0.661133 0.392578 0.660156 0.392578
1 0.650391 0.416992 0.649414 0.417969 0.648438 0.417969 0.648438 0.424805 0.649414 0.424805 0.649414 0.418945 0.650391 0.417969
0 0.417969 0.476562 0.416016 0.478516 0.415039 0.478516 0.412109 0.481445 0.411133 0.481445 0.409180 0.483398 0.408203 0.483398 0.406250 0.485352 0.405273 0.485352 0.405273 0.489258 0.406250 0.490234 0.406250 0.498047 0.407227 0.499023 0.407227 0.503906 0.409180 0.503906 0.410156 0.504883 0.412109 0.504883 0.413086 0.505859 0.415039 0.505859 0.416016 0.506836 0.418945 0.506836 0.419922 0.507812 0.421875 0.507812 0.422852 0.508789 0.423828 0.507812 0.424805 0.507812 0.426758 0.505859 0.427734 0.505859 0.429688 0.503906 0.430664 0.503906 0.432617 0.501953 0.433594 0.501953 0.434570 0.500977 0.435547 0.500977 0.436523 0.500000 0.436523 0.498047 0.435547 0.497070 0.435547 0.490234 0.434570 0.489258 0.434570 0.486328 0.433594 0.486328 0.431641 0.488281 0.430664 0.488281 0.428711 0.490234 0.426758 0.488281 0.426758 0.487305 0.429688 0.484375 0.430664 0.484375 0.432617 0.482422 0.433594 0.482422 0.433594 0.481445 0.431641 0.481445 0.430664 0.480469 0.428711 0.480469 0.427734 0.479492 0.425781 0.479492 0.424805 0.478516 0.422852 0.478516 0.421875 0.477539 0.419922 0.477539 0.418945 0.476562
1 0.437500 0.481445 0.435547 0.481445 0.433594 0.483398 0.432617 0.483398 0.430664 0.485352 0.429688 0.485352 0.427734 0.487305 0.427734 0.488281 0.428711 0.489258 0.430664 0.487305 0.431641 0.487305 0.433594 0.485352 0.434570 0.485352 0.436523 0.483398 0.437500 0.483398
0 0.518555 0.621094 0.517578 0.622070 0.516602 0.622070 0.515625 0.623047 0.515625 0.627930 0.516602 0.628906 0.516602 0.632812 0.517578 0.633789 0.517578 0.637695 0.518555 0.638672 0.518555 0.640625 0.517578 0.641602 0.516602 0.641602 0.514648 0.643555 0.513672 0.643555 0.513672 0.644531 0.518555 0.644531 0.519531 0.645508 0.524414 0.645508 0.524414 0.643555 0.525391 0.642578 0.525391 0.638672 0.526367 0.637695 0.526367 0.634766 0.527344 0.633789 0.527344 0.629883 0.528320 0.628906 0.528320 0.626953 0.527344 0.625977 0.527344 0.625000 0.524414 0.622070 0.523438 0.622070 0.522461 0.621094
1 0.520508 0.609375 0.519531 0.609375 0.518555 0.610352 0.518555 0.613281 0.517578 0.614258 0.517578 0.619141 0.518555 0.620117 0.518555 0.617188 0.519531 0.616211 0.519531 0.612305 0.520508 0.611328
0 0.578125 0.652344 0.578125 0.658203 0.577148 0.659180 0.577148 0.661133 0.584961 0.661133 0.585938 0.662109 0.585938 0.663086 0.584961 0.664062 0.577148 0.664062 0.577148 0.672852 0.583008 0.672852 0.583984 0.673828 0.593750 0.673828 0.594727 0.674805 0.606445 0.674805 0.606445 0.664062 0.607422 0.663086 0.607422 0.654297 0.602539 0.654297 0.601562 0.653320 0.590820 0.653320 0.589844 0.652344
1 0.439453 0.759766 0.438477 0.760742 0.437500 0.760742 0.438477 0.760742 0.439453 0.761719 0.439453 0.766602 0.440430 0.766602 0.442383 0.768555 0.441406 0.767578 0.441406 0.765625 0.440430 0.764648 0.440430 0.763672 0.439453 0.762695 0.439453 0.761719 0.438477 0.760742
1 0.574219 0.661133 0.575195 0.662109 0.574219 0.663086 0.584961 0.663086 0.584961 0.662109 0.575195 0.662109
0 0.429688 0.729492 0.424805 0.734375 0.423828 0.734375 0.414062 0.744141 0.414062 0.747070 0.415039 0.748047 0.415039 0.750000 0.416016 0.750977 0.416016 0.752930 0.416992 0.753906 0.416992 0.755859 0.417969 0.756836 0.417969 0.758789 0.418945 0.759766 0.418945 0.761719 0.419922 0.762695 0.419922 0.764648 0.420898 0.764648 0.421875 0.765625 0.423828 0.765625 0.424805 0.766602 0.426758 0.766602 0.427734 0.767578 0.429688 0.767578 0.430664 0.768555 0.433594 0.768555 0.434570 0.769531 0.436523 0.769531 0.437500 0.770508 0.438477 0.769531 0.438477 0.768555 0.437500 0.767578 0.437500 0.765625 0.436523 0.764648 0.436523 0.762695 0.435547 0.761719 0.435547 0.760742 0.437500 0.758789 0.439453 0.758789 0.440430 0.759766 0.440430 0.761719 0.441406 0.762695 0.441406 0.764648 0.442383 0.765625 0.442383 0.766602 0.451172 0.757812 0.452148 0.757812 0.454102 0.755859 0.454102 0.752930 0.453125 0.751953 0.453125 0.750000 0.452148 0.749023 0.452148 0.748047 0.451172 0.747070 0.451172 0.745117 0.450195 0.744141 0.450195 0.742188 0.449219 0.741211 0.449219 0.740234 0.448242 0.739258 0.448242 0.737305 0.447266 0.736328 0.447266 0.735352 0.446289 0.734375 0.444336 0.734375 0.443359 0.733398 0.441406 0.733398 0.440430 0.732422 0.438477 0.732422 0.437500 0.731445 0.435547 0.731445 0.434570 0.730469 0.432617 0.730469 0.431641 0.729492
1 0.437500 0.759766 0.436523 0.760742 0.436523 0.761719 0.437500 0.761719 0.438477 0.762695 0.438477 0.767578 0.439453 0.768555 0.439453 0.770508 0.440430 0.771484 0.440430 0.772461 0.441406 0.773438 0.441406 0.774414 0.442383 0.775391 0.444336 0.773438 0.443359 0.772461 0.443359 0.771484 0.442383 0.770508 0.442383 0.769531 0.440430 0.767578 0.439453 0.767578 0.438477 0.766602 0.438477 0.761719 0.439453 0.760742 0.438477 0.759766
0 0.566406 0.595703 0.554688 0.607422 0.554688 0.608398 0.551758 0.611328 0.551758 0.612305 0.550781 0.613281 0.550781 0.614258 0.555664 0.619141 0.556641 0.619141 0.562500 0.625000 0.563477 0.625000 0.569336 0.619141 0.569336 0.618164 0.575195 0.612305 0.575195 0.611328 0.579102 0.607422 0.575195 0.603516 0.574219 0.603516
1 0.572266 0.616211 0.571289 0.617188 0.571289 0.618164 0.572266 0.619141 0.573242 0.619141 0.579102 0.625000 0.580078 0.624023 0.580078 0.623047 0.579102 0.622070 0.578125 0.622070
0 0.493164 0.613281 0.492188 0.614258 0.491211 0.614258 0.489258 0.616211 0.488281 0.616211 0.487305 0.617188 0.486328 0.617188 0.484375 0.619141 0.483398 0.619141 0.482422 0.620117 0.481445 0.620117 0.479492 0.622070 0.478516 0.622070 0.477539 0.623047 0.476562 0.623047 0.475586 0.624023 0.476562 0.625000 0.476562 0.627930 0.477539 0.628906 0.477539 0.632812 0.478516 0.633789 0.478516 0.636719 0.479492 0.637695 0.479492 0.641602 0.480469 0.642578 0.480469 0.646484 0.481445 0.647461 0.481445 0.648438 0.486328 0.648438 0.487305 0.649414 0.492188 0.649414 0.493164 0.650391 0.499023 0.650391 0.500000 0.651367 0.500977 0.651367 0.502930 0.649414 0.503906 0.649414 0.505859 0.647461 0.506836 0.647461 0.508789 0.645508 0.509766 0.645508 0.510742 0.644531 0.511719 0.644531 0.513672 0.642578 0.514648 0.642578 0.516602 0.640625 0.517578 0.640625 0.517578 0.638672 0.516602 0.637695 0.516602 0.633789 0.515625 0.632812 0.515625 0.628906 0.514648 0.627930 0.514648 0.624023 0.513672 0.623047 0.513672 0.620117 0.512695 0.619141 0.512695 0.616211 0.510742 0.616211 0.509766 0.615234 0.502930 0.615234 0.501953 0.614258 0.495117 0.614258 0.494141 0.613281
1 0.516602 0.619141 0.515625 0.620117 0.514648 0.619141 0.515625 0.620117 0.514648 0.621094 0.514648 0.623047 0.516602 0.621094 0.517578 0.621094 0.517578 0.620117
0 0.644531 0.501953 0.643555 0.502930 0.642578 0.502930 0.636719 0.508789 0.635742 0.508789 0.629883 0.514648 0.628906 0.514648 0.625977 0.517578 0.627930 0.519531 0.627930 0.520508 0.630859 0.523438 0.630859 0.524414 0.634766 0.528320 0.634766 0.529297 0.637695 0.532227 0.637695 0.533203 0.640625 0.536133 0.641602 0.536133 0.643555 0.538086 0.644531 0.538086 0.646484 0.540039 0.647461 0.540039 0.648438 0.541016 0.650391 0.541016 0.656250 0.535156 0.657227 0.535156 0.663086 0.529297 0.664062 0.529297 0.667969 0.525391 0.666992 0.524414 0.666992 0.523438 0.663086 0.519531 0.663086 0.518555 0.660156 0.515625 0.660156 0.514648 0.657227 0.511719 0.657227 0.510742 0.654297 0.507812 0.654297 0.506836 0.653320 0.506836 0.652344 0.505859 0.651367 0.505859 0.650391 0.504883 0.649414 0.504883 0.648438 0.503906 0.647461 0.503906 0.645508 0.501953
1 0.650391 0.524414 0.653320 0.527344 0.654297 0.527344 0.655273 0.528320 0.656250 0.528320 0.658203 0.530273 0.659180 0.529297 0.659180 0.527344 0.658203 0.527344 0.656250 0.525391 0.655273 0.525391 0.654297 0.524414 0.653320 0.525391 0.652344 0.524414 0.652344 0.523438 0.652344 0.524414 0.651367 0.525391
