0 0.460938 0.523438 0.460938 0.549805 0.464844 0.549805 0.465820 0.550781 0.470703 0.550781 0.471680 0.551758 0.479492 0.551758 0.480469 0.550781 0.497070 0.550781 0.497070 0.523438 0.488281 0.523438 0.487305 0.522461 0.476562 0.522461 0.475586 0.523438
1 0.498047 0.535156 0.498047 0.537109 0.505859 0.537109 0.506836 0.536133 0.506836 0.535156
0 0.611328 0.306641 0.610352 0.307617 0.609375 0.307617 0.608398 0.308594 0.606445 0.308594 0.605469 0.309570 0.604492 0.309570 0.603516 0.310547 0.602539 0.310547 0.601562 0.311523 0.599609 0.311523 0.598633 0.312500 0.597656 0.312500 0.596680 0.313477 0.595703 0.313477 0.594727 0.314453 0.592773 0.314453 0.591797 0.315430 0.590820 0.315430 0.589844 0.316406 0.588867 0.316406 0.588867 0.319336 0.587891 0.320312 0.587891 0.326172 0.586914 0.327148 0.586914 0.333984 0.585938 0.334961 0.585938 0.338867 0.586914 0.338867 0.602539 0.354492 0.603516 0.353516 0.604492 0.353516 0.605469 0.352539 0.607422 0.352539 0.608398 0.351562 0.609375 0.351562 0.610352 0.350586 0.611328 0.350586 0.612305 0.349609 0.613281 0.349609 0.614258 0.348633 0.616211 0.348633 0.617188 0.347656 0.618164 0.347656 0.619141 0.346680 0.620117 0.346680 0.621094 0.345703 0.622070 0.345703 0.623047 0.344727 0.625000 0.344727 0.625000 0.339844 0.625977 0.338867 0.625977 0.334961 0.626953 0.333984 0.626953 0.330078 0.627930 0.329102 0.627930 0.324219 0.628906 0.323242 0.620117 0.314453 0.619141 0.314453
0 0.330078 0.478516 0.326172 0.478516 0.325195 0.479492 0.320312 0.479492 0.319336 0.480469 0.314453 0.480469 0.313477 0.481445 0.309570 0.481445 0.308594 0.482422 0.307617 0.482422 0.306641 0.483398 0.305664 0.483398 0.304688 0.484375 0.303711 0.484375 0.302734 0.485352 0.301758 0.485352 0.300781 0.486328 0.299805 0.486328 0.298828 0.487305 0.296875 0.487305 0.295898 0.488281 0.294922 0.488281 0.293945 0.489258 0.292969 0.489258 0.291992 0.490234 0.291016 0.490234 0.290039 0.491211 0.290039 0.493164 0.291016 0.494141 0.291016 0.496094 0.291992 0.497070 0.291992 0.499023 0.292969 0.500000 0.292969 0.501953 0.293945 0.502930 0.293945 0.503906 0.294922 0.504883 0.294922 0.506836 0.295898 0.507812 0.295898 0.509766 0.296875 0.510742 0.296875 0.512695 0.297852 0.513672 0.297852 0.515625 0.298828 0.516602 0.298828 0.518555 0.301758 0.518555 0.302734 0.517578 0.305664 0.517578 0.306641 0.516602 0.310547 0.516602 0.311523 0.515625 0.314453 0.515625 0.315430 0.514648 0.318359 0.514648 0.319336 0.513672 0.321289 0.513672 0.322266 0.512695 0.323242 0.512695 0.324219 0.511719 0.325195 0.511719 0.326172 0.510742 0.328125 0.510742 0.329102 0.509766 0.330078 0.509766 0.331055 0.508789 0.332031 0.508789 0.333008 0.507812 0.334961 0.507812 0.335938 0.506836 0.336914 0.506836 0.337891 0.505859 0.338867 0.505859 0.338867 0.502930 0.337891 0.501953 0.337891 0.500000 0.336914 0.499023 0.336914 0.498047 0.335938 0.497070 0.335938 0.495117 0.334961 0.494141 0.334961 0.492188 0.333008 0.492188 0.332031 0.493164 0.331055 0.493164 0.330078 0.494141 0.329102 0.494141 0.328125 0.495117 0.326172 0.495117 0.325195 0.496094 0.324219 0.495117 0.324219 0.494141 0.323242 0.493164 0.323242 0.492188 0.324219 0.491211 0.326172 0.491211 0.327148 0.490234 0.328125 0.490234 0.329102 0.489258 0.330078 0.489258 0.331055 0.488281 0.332031 0.488281 0.333008 0.487305 0.333008 0.486328 0.332031 0.485352 0.332031 0.483398 0.331055 0.482422 0.331055 0.480469 0.330078 0.479492
1 0.340820 0.487305 0.339844 0.486328 0.337891 0.486328 0.336914 0.487305 0.335938 0.487305 0.334961 0.488281 0.333008 0.488281 0.332031 0.489258 0.331055 0.489258 0.330078 0.490234 0.329102 0.490234 0.328125 0.491211 0.327148 0.491211 0.326172 0.492188 0.324219 0.492188 0.324219 0.493164 0.325195 0.494141 0.325195 0.495117 0.326172 0.494141 0.328125 0.494141 0.329102 0.493164 0.330078 0.493164 0.331055 0.492188 0.332031 0.492188 0.333008 0.491211 0.333984 0.491211 0.334961 0.490234 0.336914 0.490234 0.337891 0.489258 0.338867 0.489258 0.339844 0.488281 0.340820 0.488281
0 0.438477 0.610352 0.437500 0.611328 0.437500 0.618164 0.436523 0.619141 0.436523 0.638672 0.458008 0.638672 0.458984 0.639648 0.460938 0.639648 0.460938 0.635742 0.461914 0.634766 0.461914 0.611328 0.452148 0.611328 0.451172 0.612305 0.449219 0.612305 0.448242 0.611328 0.448242 0.610352
1 0.451172 0.595703 0.450195 0.595703 0.450195 0.598633 0.449219 0.599609 0.449219 0.611328 0.451172 0.611328
0 0.546875 0.635742 0.545898 0.636719 0.544922 0.636719 0.542969 0.638672 0.541992 0.638672 0.540039 0.640625 0.539062 0.640625 0.537109 0.642578 0.536133 0.642578 0.535156 0.643555 0.535156 0.664062 0.536133 0.665039 0.536133 0.666992 0.537109 0.667969 0.541016 0.667969 0.541992 0.668945 0.545898 0.668945 0.546875 0.669922 0.550781 0.669922 0.551758 0.670898 0.554688 0.670898 0.555664 0.671875 0.557617 0.671875 0.559570 0.669922 0.560547 0.669922 0.562500 0.667969 0.563477 0.667969 0.566406 0.665039 0.567383 0.665039 0.569336 0.663086 0.569336 0.639648 0.567383 0.639648 0.566406 0.638672 0.561523 0.638672 0.560547 0.637695 0.556641 0.637695 0.555664 0.636719 0.550781 0.636719 0.549805 0.635742
1 0.440430 0.895508 0.441406 0.896484 0.441406 0.897461 0.442383 0.897461 0.442383 0.896484 0.443359 0.895508 0.445312 0.897461 0.445312 0.898438 0.446289 0.899414 0.447266 0.898438 0.445312 0.896484 0.445312 0.895508 0.444336 0.894531 0.444336 0.893555 0.443359 0.893555 0.442383 0.894531 0.441406 0.894531
1 0.546875 0.657227 0.543945 0.657227 0.542969 0.658203 0.541992 0.658203 0.540039 0.660156 0.539062 0.660156 0.537109 0.662109 0.536133 0.662109 0.536133 0.664062 0.537109 0.664062 0.538086 0.665039 0.540039 0.663086 0.541016 0.663086 0.542969 0.661133 0.543945 0.661133 0.545898 0.659180 0.546875 0.659180
0 0.434570 0.839844 0.433594 0.840820 0.432617 0.840820 0.431641 0.841797 0.430664 0.841797 0.428711 0.843750 0.427734 0.843750 0.426758 0.844727 0.425781 0.844727 0.423828 0.846680 0.422852 0.846680 0.421875 0.847656 0.420898 0.847656 0.418945 0.849609 0.417969 0.849609 0.413086 0.854492 0.412109 0.854492 0.407227 0.859375 0.406250 0.859375 0.401367 0.864258 0.400391 0.864258 0.397461 0.867188 0.397461 0.868164 0.399414 0.870117 0.399414 0.871094 0.401367 0.873047 0.401367 0.874023 0.402344 0.875000 0.402344 0.875977 0.404297 0.877930 0.404297 0.878906 0.406250 0.880859 0.406250 0.881836 0.407227 0.882812 0.407227 0.883789 0.409180 0.885742 0.409180 0.886719 0.411133 0.888672 0.411133 0.889648 0.412109 0.890625 0.412109 0.891602 0.414062 0.893555 0.414062 0.894531 0.415039 0.895508 0.416992 0.893555 0.417969 0.893555 0.419922 0.891602 0.420898 0.891602 0.423828 0.888672 0.424805 0.888672 0.426758 0.886719 0.427734 0.886719 0.429688 0.884766 0.430664 0.884766 0.431641 0.883789 0.431641 0.882812 0.434570 0.879883 0.436523 0.879883 0.440430 0.875977 0.441406 0.875977 0.447266 0.870117 0.448242 0.870117 0.451172 0.867188 0.452148 0.867188 0.450195 0.865234 0.450195 0.864258 0.448242 0.862305 0.448242 0.861328 0.447266 0.860352 0.447266 0.859375 0.445312 0.857422 0.445312 0.856445 0.443359 0.854492 0.443359 0.853516 0.441406 0.851562 0.441406 0.850586 0.439453 0.848633 0.439453 0.847656 0.437500 0.845703 0.437500 0.844727 0.436523 0.843750 0.436523 0.842773 0.434570 0.840820
1 0.443359 0.896484 0.443359 0.897461 0.442383 0.898438 0.443359 0.899414 0.443359 0.900391 0.444336 0.901367 0.445312 0.900391 0.445312 0.899414 0.446289 0.898438 0.447266 0.899414 0.446289 0.898438 0.445312 0.899414 0.444336 0.898438 0.444336 0.897461
1 0.434570 0.880859 0.432617 0.882812 0.433594 0.883789 0.433594 0.884766 0.434570 0.885742 0.434570 0.886719 0.435547 0.886719 0.436523 0.887695 0.436523 0.889648 0.437500 0.890625 0.437500 0.891602 0.439453 0.893555 0.439453 0.894531 0.440430 0.894531 0.441406 0.893555 0.442383 0.893555 0.443359 0.892578 0.442383 0.891602 0.442383 0.890625 0.440430 0.888672 0.440430 0.887695 0.438477 0.885742 0.438477 0.884766 0.437500 0.883789 0.437500 0.882812 0.435547 0.880859
0 0.495117 0.726562 0.494141 0.727539 0.494141 0.728516 0.493164 0.729492 0.493164 0.730469 0.492188 0.731445 0.492188 0.732422 0.491211 0.733398 0.491211 0.735352 0.490234 0.736328 0.490234 0.737305 0.489258 0.738281 0.489258 0.739258 0.488281 0.740234 0.488281 0.741211 0.487305 0.742188 0.487305 0.743164 0.486328 0.744141 0.486328 0.745117 0.485352 0.746094 0.485352 0.747070 0.484375 0.748047 0.484375 0.749023 0.483398 0.750000 0.483398 0.750977 0.482422 0.751953 0.482422 0.752930 0.481445 0.753906 0.481445 0.755859 0.482422 0.756836 0.482422 0.758789 0.483398 0.759766 0.483398 0.761719 0.484375 0.762695 0.484375 0.764648 0.485352 0.765625 0.485352 0.767578 0.486328 0.768555 0.486328 0.770508 0.487305 0.771484 0.487305 0.773438 0.488281 0.774414 0.488281 0.775391 0.489258 0.776367 0.492188 0.776367 0.493164 0.777344 0.496094 0.777344 0.497070 0.778320 0.500000 0.778320 0.500977 0.779297 0.503906 0.779297 0.504883 0.780273 0.507812 0.780273 0.508789 0.781250 0.510742 0.781250 0.511719 0.782227 0.514648 0.782227 0.515625 0.783203 0.518555 0.783203 0.519531 0.784180 0.520508 0.784180 0.520508 0.782227 0.521484 0.781250 0.521484 0.780273 0.522461 0.779297 0.522461 0.778320 0.523438 0.777344 0.523438 0.775391 0.524414 0.774414 0.524414 0.773438 0.525391 0.772461 0.525391 0.771484 0.526367 0.770508 0.526367 0.768555 0.527344 0.767578 0.527344 0.766602 0.528320 0.765625 0.528320 0.764648 0.529297 0.763672 0.529297 0.761719 0.530273 0.760742 0.530273 0.759766 0.531250 0.758789 0.531250 0.757812 0.532227 0.756836 0.532227 0.751953 0.531250 0.750977 0.531250 0.748047 0.530273 0.747070 0.530273 0.744141 0.529297 0.743164 0.529297 0.740234 0.528320 0.739258 0.528320 0.737305 0.527344 0.736328 0.527344 0.733398 0.524414 0.733398 0.523438 0.732422 0.520508 0.732422 0.519531 0.731445 0.515625 0.731445 0.514648 0.730469 0.511719 0.730469 0.510742 0.729492 0.507812 0.729492 0.506836 0.728516 0.503906 0.728516 0.502930 0.727539 0.499023 0.727539 0.498047 0.726562
1 0.523438 0.720703 0.520508 0.720703 0.520508 0.721680 0.519531 0.722656 0.519531 0.724609 0.518555 0.725586 0.518555 0.726562 0.517578 0.727539 0.517578 0.728516 0.516602 0.729492 0.516602 0.730469 0.519531 0.730469 0.520508 0.731445 0.520508 0.729492 0.521484 0.728516 0.521484 0.727539 0.522461 0.726562 0.522461 0.725586 0.523438 0.724609
1 0.675781 0.564453 0.674805 0.563477 0.675781 0.562500 0.674805 0.563477 0.673828 0.563477 0.674805 0.563477
0 0.657227 0.526367 0.657227 0.527344 0.648438 0.536133 0.648438 0.537109 0.638672 0.546875 0.638672 0.547852 0.635742 0.550781 0.651367 0.566406 0.652344 0.566406 0.657227 0.571289 0.658203 0.571289 0.663086 0.576172 0.664062 0.576172 0.668945 0.581055 0.670898 0.581055 0.670898 0.580078 0.679688 0.571289 0.679688 0.569336 0.678711 0.569336 0.672852 0.563477 0.675781 0.560547 0.679688 0.564453 0.680664 0.564453 0.682617 0.566406 0.683594 0.566406 0.689453 0.560547 0.689453 0.559570 0.691406 0.557617 0.691406 0.556641 0.684570 0.549805 0.684570 0.548828 0.677734 0.541992 0.676758 0.541992 0.672852 0.538086 0.671875 0.538086 0.668945 0.535156 0.667969 0.535156 0.664062 0.531250 0.663086 0.531250 0.660156 0.528320 0.659180 0.528320
1 0.675781 0.561523 0.674805 0.562500 0.675781 0.563477 0.674805 0.564453 0.678711 0.568359 0.679688 0.568359 0.682617 0.571289 0.683594 0.571289 0.689453 0.577148 0.691406 0.575195 0.685547 0.569336 0.684570 0.569336 0.680664 0.565430 0.679688 0.565430
