0 0.787109 0.261719 0.784180 0.261719 0.780273 0.265625 0.779297 0.265625 0.775391 0.269531 0.775391 0.270508 0.773438 0.272461 0.771484 0.272461 0.768555 0.275391 0.767578 0.275391 0.762695 0.280273 0.762695 0.282227 0.767578 0.287109 0.767578 0.288086 0.772461 0.292969 0.772461 0.293945 0.777344 0.298828 0.777344 0.299805 0.779297 0.301758 0.780273 0.301758 0.781250 0.302734 0.784180 0.299805 0.785156 0.299805 0.789062 0.295898 0.790039 0.295898 0.794922 0.291016 0.795898 0.291016 0.800781 0.286133 0.801758 0.286133 0.804688 0.283203 0.801758 0.280273 0.801758 0.279297 0.796875 0.274414 0.796875 0.273438 0.791992 0.268555 0.791992 0.267578 0.787109 0.262695
1 0.762695 0.255859 0.760742 0.257812 0.764648 0.261719 0.764648 0.262695 0.769531 0.267578 0.769531 0.268555 0.772461 0.271484 0.773438 0.271484 0.774414 0.270508 0.774414 0.269531 0.769531 0.264648 0.769531 0.263672 0.764648 0.258789 0.764648 0.257812
0 0.347656 0.459961 0.342773 0.464844 0.343750 0.465820 0.343750 0.466797 0.347656 0.470703 0.347656 0.471680 0.346680 0.472656 0.345703 0.472656 0.340820 0.467773 0.333984 0.474609 0.333984 0.475586 0.346680 0.488281 0.347656 0.488281 0.350586 0.491211 0.351562 0.491211 0.355469 0.495117 0.358398 0.492188 0.358398 0.491211 0.369141 0.480469 0.369141 0.479492 0.366211 0.476562 0.366211 0.475586 0.357422 0.466797 0.356445 0.466797 0.353516 0.463867 0.352539 0.463867 0.349609 0.460938 0.348633 0.460938
1 0.339844 0.462891 0.338867 0.463867 0.338867 0.464844 0.345703 0.471680 0.346680 0.471680 0.346680 0.470703 0.342773 0.466797 0.342773 0.465820
0 0.739258 0.387695 0.738281 0.387695 0.737305 0.388672 0.736328 0.388672 0.734375 0.390625 0.733398 0.390625 0.731445 0.392578 0.730469 0.392578 0.728516 0.394531 0.727539 0.394531 0.718750 0.403320 0.717773 0.403320 0.709961 0.411133 0.712891 0.414062 0.712891 0.415039 0.719727 0.421875 0.719727 0.422852 0.726562 0.429688 0.726562 0.430664 0.727539 0.430664 0.728516 0.429688 0.729492 0.429688 0.731445 0.427734 0.732422 0.427734 0.733398 0.426758 0.734375 0.426758 0.735352 0.425781 0.736328 0.425781 0.737305 0.424805 0.738281 0.424805 0.748047 0.415039 0.749023 0.415039 0.755859 0.408203 0.755859 0.407227 0.754883 0.406250 0.754883 0.405273 0.748047 0.398438 0.748047 0.397461 0.741211 0.390625 0.741211 0.389648
1 0.744141 0.419922 0.742188 0.421875 0.743164 0.422852 0.743164 0.423828 0.750000 0.430664 0.750000 0.431641 0.751953 0.433594 0.752930 0.433594 0.753906 0.432617 0.754883 0.432617 0.754883 0.431641 0.748047 0.424805 0.748047 0.423828
0 0.669922 0.446289 0.666992 0.449219 0.666016 0.449219 0.660156 0.455078 0.659180 0.455078 0.658203 0.456055 0.658203 0.457031 0.657227 0.458008 0.657227 0.458984 0.656250 0.459961 0.656250 0.460938 0.655273 0.461914 0.655273 0.462891 0.654297 0.463867 0.654297 0.464844 0.653320 0.465820 0.653320 0.466797 0.652344 0.467773 0.652344 0.468750 0.651367 0.469727 0.651367 0.471680 0.653320 0.473633 0.654297 0.473633 0.657227 0.476562 0.658203 0.476562 0.660156 0.478516 0.661133 0.478516 0.664062 0.481445 0.665039 0.481445 0.667969 0.484375 0.668945 0.484375 0.680664 0.472656 0.680664 0.471680 0.681641 0.470703 0.681641 0.469727 0.682617 0.468750 0.682617 0.467773 0.684570 0.465820 0.684570 0.464844 0.685547 0.463867 0.685547 0.462891 0.686523 0.461914 0.686523 0.460938 0.687500 0.459961 0.687500 0.458984 0.685547 0.457031 0.684570 0.457031 0.682617 0.455078 0.681641 0.455078 0.678711 0.452148 0.677734 0.452148 0.675781 0.450195 0.674805 0.450195 0.671875 0.447266 0.670898 0.447266
1 0.648438 0.449219 0.648438 0.450195 0.647461 0.451172 0.648438 0.452148 0.649414 0.452148 0.652344 0.455078 0.653320 0.455078 0.655273 0.457031 0.657227 0.457031 0.657227 0.455078 0.656250 0.454102 0.655273 0.454102 0.652344 0.451172 0.651367 0.451172 0.649414 0.449219
0 0.446289 0.510742 0.430664 0.526367 0.430664 0.528320 0.431641 0.529297 0.431641 0.530273 0.432617 0.531250 0.432617 0.533203 0.433594 0.534180 0.433594 0.535156 0.434570 0.536133 0.434570 0.538086 0.435547 0.539062 0.435547 0.540039 0.436523 0.541016 0.436523 0.542969 0.437500 0.543945 0.437500 0.544922 0.439453 0.546875 0.441406 0.546875 0.442383 0.547852 0.444336 0.547852 0.445312 0.548828 0.447266 0.548828 0.448242 0.549805 0.450195 0.549805 0.451172 0.550781 0.453125 0.550781 0.454102 0.551758 0.456055 0.551758 0.457031 0.552734 0.473633 0.536133 0.472656 0.535156 0.472656 0.533203 0.471680 0.532227 0.471680 0.530273 0.470703 0.529297 0.470703 0.527344 0.469727 0.526367 0.469727 0.525391 0.468750 0.524414 0.468750 0.522461 0.467773 0.521484 0.467773 0.519531 0.466797 0.518555 0.466797 0.517578 0.465820 0.516602 0.465820 0.515625 0.462891 0.515625 0.461914 0.514648 0.459961 0.514648 0.458984 0.513672 0.457031 0.513672 0.456055 0.512695 0.453125 0.512695 0.452148 0.511719 0.450195 0.511719 0.449219 0.510742
1 0.460938 0.549805 0.458984 0.551758 0.458984 0.553711 0.459961 0.554688 0.460938 0.554688 0.461914 0.553711 0.461914 0.551758 0.460938 0.550781
1 0.557617 0.312500 0.558594 0.313477 0.559570 0.313477 0.560547 0.314453 0.562500 0.314453 0.561523 0.313477 0.559570 0.313477 0.558594 0.312500
0 0.579102 0.300781 0.579102 0.301758 0.578125 0.302734 0.578125 0.303711 0.576172 0.305664 0.576172 0.306641 0.575195 0.307617 0.575195 0.308594 0.573242 0.310547 0.573242 0.311523 0.571289 0.313477 0.571289 0.314453 0.570312 0.315430 0.570312 0.316406 0.569336 0.317383 0.569336 0.319336 0.568359 0.320312 0.568359 0.330078 0.567383 0.331055 0.567383 0.333984 0.568359 0.333984 0.569336 0.334961 0.571289 0.334961 0.572266 0.335938 0.573242 0.335938 0.574219 0.336914 0.576172 0.336914 0.577148 0.337891 0.578125 0.337891 0.579102 0.338867 0.581055 0.338867 0.582031 0.339844 0.583008 0.339844 0.583984 0.340820 0.585938 0.340820 0.586914 0.341797 0.587891 0.341797 0.588867 0.342773 0.590820 0.340820 0.590820 0.339844 0.591797 0.338867 0.591797 0.337891 0.592773 0.336914 0.592773 0.335938 0.594727 0.333984 0.594727 0.333008 0.595703 0.332031 0.595703 0.331055 0.597656 0.329102 0.597656 0.328125 0.598633 0.327148 0.598633 0.326172 0.599609 0.325195 0.599609 0.319336 0.600586 0.318359 0.600586 0.313477 0.601562 0.312500 0.601562 0.309570 0.600586 0.309570 0.599609 0.308594 0.597656 0.308594 0.596680 0.307617 0.595703 0.307617 0.594727 0.306641 0.592773 0.306641 0.591797 0.305664 0.590820 0.305664 0.589844 0.304688 0.587891 0.304688 0.586914 0.303711 0.584961 0.303711 0.583984 0.302734 0.583008 0.302734 0.582031 0.301758 0.580078 0.301758
1 0.558594 0.310547 0.558594 0.311523 0.559570 0.312500 0.561523 0.312500 0.563477 0.314453 0.563477 0.315430 0.564453 0.315430 0.565430 0.316406 0.567383 0.316406 0.568359 0.317383 0.568359 0.316406 0.569336 0.315430 0.569336 0.314453 0.568359 0.314453 0.567383 0.313477 0.565430 0.313477 0.564453 0.312500 0.563477 0.312500 0.562500 0.311523 0.560547 0.311523 0.559570 0.310547
0 0.350586 0.307617 0.349609 0.307617 0.348633 0.308594 0.347656 0.308594 0.346680 0.309570 0.344727 0.309570 0.343750 0.310547 0.342773 0.310547 0.341797 0.311523 0.339844 0.311523 0.338867 0.312500 0.336914 0.312500 0.335938 0.313477 0.334961 0.313477 0.333984 0.314453 0.332031 0.314453 0.331055 0.315430 0.330078 0.315430 0.329102 0.316406 0.327148 0.316406 0.327148 0.319336 0.328125 0.320312 0.328125 0.322266 0.329102 0.323242 0.329102 0.325195 0.330078 0.326172 0.330078 0.328125 0.331055 0.329102 0.331055 0.331055 0.332031 0.332031 0.332031 0.333984 0.333008 0.334961 0.333008 0.336914 0.333984 0.337891 0.333984 0.339844 0.334961 0.340820 0.334961 0.341797 0.335938 0.341797 0.339844 0.345703 0.340820 0.345703 0.341797 0.346680 0.344727 0.346680 0.345703 0.345703 0.346680 0.345703 0.347656 0.344727 0.349609 0.344727 0.350586 0.343750 0.352539 0.343750 0.353516 0.342773 0.354492 0.342773 0.355469 0.341797 0.357422 0.341797 0.358398 0.340820 0.360352 0.340820 0.361328 0.339844 0.362305 0.339844 0.363281 0.338867 0.365234 0.338867 0.365234 0.335938 0.364258 0.334961 0.364258 0.333008 0.363281 0.332031 0.363281 0.330078 0.362305 0.329102 0.362305 0.327148 0.361328 0.326172 0.361328 0.324219 0.360352 0.325195 0.359375 0.325195 0.358398 0.324219 0.358398 0.323242 0.357422 0.322266 0.359375 0.320312 0.359375 0.318359 0.358398 0.317383 0.358398 0.315430
1 0.375000 0.316406 0.374023 0.315430 0.373047 0.316406 0.372070 0.316406 0.371094 0.317383 0.369141 0.317383 0.368164 0.318359 0.366211 0.318359 0.365234 0.319336 0.364258 0.319336 0.362305 0.321289 0.361328 0.320312 0.360352 0.321289 0.359375 0.321289 0.358398 0.322266 0.359375 0.323242 0.359375 0.324219 0.360352 0.324219 0.361328 0.323242 0.362305 0.323242 0.363281 0.322266 0.365234 0.322266 0.366211 0.321289 0.367188 0.321289 0.369141 0.319336 0.370117 0.320312 0.371094 0.319336 0.373047 0.319336 0.374023 0.318359 0.375000 0.318359
