0 0.502930 0.558594 0.499023 0.558594 0.498047 0.559570 0.494141 0.559570 0.493164 0.560547 0.490234 0.560547 0.489258 0.561523 0.486328 0.561523 0.485352 0.562500 0.482422 0.562500 0.481445 0.563477 0.479492 0.563477 0.479492 0.565430 0.480469 0.566406 0.480469 0.581055 0.481445 0.582031 0.481445 0.585938 0.491211 0.595703 0.492188 0.594727 0.495117 0.594727 0.496094 0.593750 0.499023 0.593750 0.500000 0.592773 0.501953 0.592773 0.502930 0.591797 0.505859 0.591797 0.506836 0.590820 0.509766 0.590820 0.510742 0.589844 0.513672 0.589844 0.513672 0.580078 0.512695 0.579102 0.512695 0.567383 0.507812 0.562500 0.506836 0.562500
1 0.500977 0.581055 0.500977 0.582031 0.507812 0.588867 0.509766 0.588867 0.509766 0.585938 0.508789 0.584961 0.507812 0.584961 0.502930 0.580078 0.501953 0.581055
0 0.373047 0.383789 0.372070 0.384766 0.369141 0.384766 0.368164 0.385742 0.366211 0.385742 0.365234 0.386719 0.363281 0.386719 0.362305 0.387695 0.360352 0.387695 0.359375 0.388672 0.357422 0.388672 0.356445 0.389648 0.353516 0.389648 0.353516 0.392578 0.354492 0.393555 0.354492 0.396484 0.355469 0.397461 0.355469 0.398438 0.356445 0.399414 0.356445 0.401367 0.357422 0.402344 0.357422 0.404297 0.358398 0.405273 0.358398 0.407227 0.359375 0.408203 0.359375 0.410156 0.360352 0.411133 0.360352 0.413086 0.363281 0.413086 0.364258 0.412109 0.366211 0.412109 0.367188 0.411133 0.370117 0.411133 0.371094 0.410156 0.373047 0.410156 0.374023 0.409180 0.375977 0.409180 0.376953 0.408203 0.378906 0.408203 0.379883 0.407227 0.380859 0.407227 0.379883 0.406250 0.379883 0.404297 0.378906 0.403320 0.378906 0.401367 0.377930 0.400391 0.377930 0.398438 0.376953 0.397461 0.376953 0.395508 0.375977 0.394531 0.375977 0.392578 0.375000 0.391602 0.375000 0.389648 0.374023 0.388672 0.374023 0.386719 0.373047 0.385742
1 0.356445 0.402344 0.355469 0.401367 0.354492 0.401367 0.353516 0.402344 0.351562 0.402344 0.350586 0.403320 0.348633 0.403320 0.347656 0.404297 0.345703 0.404297 0.344727 0.405273 0.342773 0.405273 0.343750 0.406250 0.343750 0.407227 0.344727 0.406250 0.346680 0.406250 0.347656 0.405273 0.349609 0.405273 0.350586 0.404297 0.352539 0.404297 0.353516 0.403320 0.355469 0.403320
0 0.610352 0.499023 0.591797 0.517578 0.591797 0.519531 0.611328 0.539062 0.612305 0.539062 0.630859 0.520508 0.630859 0.518555 0.611328 0.499023
0 0.510742 0.266602 0.509766 0.266602 0.508789 0.265625 0.506836 0.265625 0.505859 0.264648 0.503906 0.264648 0.502930 0.263672 0.501953 0.263672 0.500977 0.264648 0.500000 0.264648 0.499023 0.265625 0.497070 0.265625 0.496094 0.266602 0.495117 0.266602 0.494141 0.267578 0.493164 0.267578 0.492188 0.268555 0.490234 0.268555 0.489258 0.269531 0.488281 0.269531 0.487305 0.270508 0.486328 0.270508 0.485352 0.271484 0.484375 0.271484 0.483398 0.272461 0.481445 0.272461 0.481445 0.275391 0.482422 0.276367 0.482422 0.278320 0.483398 0.279297 0.483398 0.281250 0.484375 0.282227 0.484375 0.284180 0.485352 0.285156 0.485352 0.287109 0.486328 0.288086 0.486328 0.290039 0.487305 0.291016 0.487305 0.292969 0.488281 0.293945 0.488281 0.295898 0.489258 0.295898 0.490234 0.296875 0.493164 0.296875 0.494141 0.297852 0.499023 0.297852 0.500000 0.296875 0.500977 0.296875 0.501953 0.295898 0.501953 0.292969 0.502930 0.291992 0.504883 0.291992 0.505859 0.292969 0.505859 0.294922 0.506836 0.293945 0.507812 0.293945 0.508789 0.292969 0.509766 0.292969 0.510742 0.291992 0.512695 0.291992 0.513672 0.291016 0.514648 0.291016 0.515625 0.290039 0.516602 0.290039 0.517578 0.289062 0.517578 0.287109 0.516602 0.286133 0.516602 0.284180 0.515625 0.283203 0.515625 0.281250 0.514648 0.280273 0.514648 0.277344 0.513672 0.276367 0.513672 0.274414 0.512695 0.273438 0.512695 0.271484 0.511719 0.270508 0.511719 0.268555 0.510742 0.267578
1 0.467773 0.313477 0.467773 0.314453 0.465820 0.316406 0.467773 0.316406
1 0.502930 0.292969 0.502930 0.295898 0.503906 0.296875 0.503906 0.298828 0.504883 0.299805 0.504883 0.301758 0.505859 0.302734 0.505859 0.304688 0.506836 0.305664 0.506836 0.307617 0.507812 0.308594 0.508789 0.308594 0.509766 0.307617 0.508789 0.306641 0.508789 0.304688 0.507812 0.303711 0.507812 0.301758 0.506836 0.300781 0.506836 0.298828 0.505859 0.297852 0.505859 0.295898 0.504883 0.294922 0.504883 0.292969
0 0.455078 0.302734 0.452148 0.302734 0.451172 0.303711 0.447266 0.303711 0.446289 0.304688 0.442383 0.304688 0.441406 0.305664 0.440430 0.305664 0.439453 0.306641 0.439453 0.308594 0.438477 0.309570 0.438477 0.312500 0.437500 0.313477 0.437500 0.315430 0.436523 0.316406 0.436523 0.318359 0.435547 0.319336 0.435547 0.321289 0.434570 0.322266 0.437500 0.325195 0.438477 0.325195 0.442383 0.329102 0.443359 0.329102 0.447266 0.333008 0.449219 0.333008 0.450195 0.332031 0.455078 0.332031 0.456055 0.331055 0.460938 0.331055 0.462891 0.329102 0.462891 0.326172 0.463867 0.325195 0.463867 0.323242 0.464844 0.322266 0.464844 0.320312 0.465820 0.319336 0.465820 0.317383 0.462891 0.317383 0.461914 0.318359 0.458984 0.318359 0.457031 0.316406 0.458984 0.314453 0.461914 0.314453 0.462891 0.313477 0.466797 0.313477 0.466797 0.312500 0.465820 0.311523 0.464844 0.311523 0.459961 0.306641 0.458984 0.306641
1 0.466797 0.314453 0.462891 0.314453 0.461914 0.315430 0.458984 0.315430 0.458008 0.316406 0.458984 0.317383 0.461914 0.317383 0.462891 0.316406 0.464844 0.316406
