0 0.539362 0.243617 0.531915 0.243617 0.530851 0.244681 0.520213 0.244681 0.519149 0.245745 0.517021 0.245745 0.517021 0.246809 0.515957 0.247872 0.515957 0.251064 0.514894 0.252128 0.514894 0.256383 0.513830 0.257447 0.513830 0.260638 0.515957 0.260638 0.517021 0.259574 0.518085 0.260638 0.518085 0.263830 0.517021 0.264894 0.514894 0.264894 0.514894 0.265957 0.515957 0.267021 0.515957 0.270213 0.517021 0.271277 0.517021 0.275532 0.518085 0.276596 0.518085 0.278723 0.524468 0.278723 0.525532 0.277660 0.535106 0.277660 0.536170 0.276596 0.540426 0.276596 0.541489 0.275532 0.541489 0.272340 0.542553 0.271277 0.542553 0.268085 0.543617 0.267021 0.543617 0.263830 0.544681 0.262766 0.544681 0.261702 0.543617 0.260638 0.543617 0.257447 0.542553 0.256383 0.542553 0.254255 0.541489 0.253191 0.541489 0.250000 0.540426 0.248936 0.540426 0.245745 0.539362 0.244681
1 0.517021 0.260638 0.515957 0.261702 0.505319 0.261702 0.504255 0.262766 0.502128 0.262766 0.502128 0.264894 0.507447 0.264894 0.508511 0.263830 0.517021 0.263830
0 0.472340 0.343617 0.471277 0.343617 0.469149 0.345745 0.468085 0.345745 0.465957 0.347872 0.464894 0.347872 0.463830 0.348936 0.462766 0.348936 0.460638 0.351064 0.459574 0.351064 0.457447 0.353191 0.456383 0.353191 0.456383 0.354255 0.457447 0.355319 0.457447 0.356383 0.458511 0.357447 0.458511 0.358511 0.460638 0.360638 0.460638 0.361702 0.462766 0.363830 0.462766 0.364894 0.463830 0.365957 0.463830 0.367021 0.465957 0.369149 0.465957 0.370213 0.468085 0.372340 0.468085 0.373404 0.469149 0.373404 0.471277 0.371277 0.472340 0.371277 0.474468 0.369149 0.475532 0.369149 0.476596 0.368085 0.477660 0.368085 0.479787 0.365957 0.480851 0.365957 0.482979 0.363830 0.484043 0.363830 0.484043 0.362766 0.482979 0.361702 0.482979 0.360638 0.481915 0.359574 0.481915 0.358511 0.479787 0.356383 0.479787 0.355319 0.478723 0.354255 0.478723 0.353191 0.476596 0.351064 0.476596 0.350000 0.474468 0.347872 0.474468 0.346809 0.473404 0.345745 0.473404 0.344681
1 0.461702 0.363830 0.459574 0.363830 0.457447 0.365957 0.456383 0.365957 0.455319 0.367021 0.454255 0.367021 0.452128 0.369149 0.451064 0.369149 0.451064 0.370213 0.453191 0.370213 0.455319 0.368085 0.456383 0.368085 0.457447 0.367021 0.458511 0.367021 0.460638 0.364894 0.461702 0.364894
0 0.317021 0.413830 0.308511 0.422340 0.308511 0.423404 0.296809 0.435106 0.300000 0.438298 0.300000 0.439362 0.302128 0.441489 0.302128 0.442553 0.305319 0.445745 0.305319 0.446809 0.307447 0.448936 0.307447 0.450000 0.310638 0.453191 0.310638 0.454255 0.312766 0.456383 0.312766 0.457447 0.313830 0.458511 0.326596 0.458511 0.327660 0.459574 0.331915 0.459574 0.341489 0.450000 0.341489 0.448936 0.351064 0.439362 0.351064 0.438298 0.350000 0.437234 0.350000 0.436170 0.346809 0.432979 0.346809 0.431915 0.343617 0.428723 0.343617 0.427660 0.340426 0.424468 0.340426 0.423404 0.340426 0.424468 0.337234 0.427660 0.334043 0.427660 0.332979 0.426596 0.332979 0.424468 0.337234 0.420213 0.337234 0.419149 0.335106 0.417021 0.335106 0.415957 0.328723 0.415957 0.327660 0.414894 0.320213 0.414894 0.319149 0.413830
1 0.348936 0.412766 0.347872 0.411702 0.345745 0.411702 0.342553 0.414894 0.342553 0.415957 0.334043 0.424468 0.334043 0.426596 0.337234 0.426596 0.339362 0.424468 0.339362 0.423404 0.348936 0.413830
0 0.593617 0.251064 0.591489 0.251064 0.590426 0.252128 0.589362 0.252128 0.587234 0.254255 0.586170 0.254255 0.585106 0.255319 0.584043 0.255319 0.582979 0.256383 0.581915 0.256383 0.580851 0.257447 0.579787 0.257447 0.578723 0.258511 0.577660 0.258511 0.576596 0.259574 0.575532 0.259574 0.574468 0.260638 0.574468 0.261702 0.573404 0.262766 0.573404 0.264894 0.572340 0.265957 0.572340 0.269149 0.571277 0.270213 0.571277 0.273404 0.570213 0.274468 0.570213 0.277660 0.569149 0.278723 0.569149 0.279787 0.573404 0.284043 0.574468 0.284043 0.579787 0.289362 0.580851 0.289362 0.586170 0.294681 0.587234 0.293617 0.588298 0.293617 0.589362 0.292553 0.590426 0.292553 0.591489 0.291489 0.592553 0.291489 0.593617 0.290426 0.594681 0.290426 0.595745 0.289362 0.597872 0.289362 0.598936 0.288298 0.600000 0.288298 0.601064 0.287234 0.602128 0.287234 0.603191 0.286170 0.604255 0.286170 0.605319 0.285106 0.605319 0.281915 0.606383 0.280851 0.606383 0.277660 0.607447 0.276596 0.607447 0.273404 0.608511 0.272340 0.608511 0.269149 0.609574 0.268085 0.609574 0.265957 0.602128 0.258511 0.601064 0.258511
0 0.439362 0.379787 0.436170 0.382979 0.436170 0.384043 0.434043 0.386170 0.434043 0.400000 0.435106 0.401064 0.435106 0.406383 0.442553 0.406383 0.443617 0.407447 0.455319 0.407447 0.459574 0.403191 0.459574 0.402128 0.460638 0.401064 0.460638 0.382979 0.459574 0.381915 0.459574 0.380851 0.450000 0.380851 0.448936 0.379787
1 0.461702 0.393617 0.461702 0.395745 0.463830 0.395745 0.464894 0.394681 0.465957 0.395745 0.470213 0.395745 0.471277 0.396809 0.471277 0.394681 0.464894 0.394681 0.463830 0.393617
0 0.273404 0.463830 0.269149 0.463830 0.268085 0.464894 0.262766 0.464894 0.261702 0.465957 0.257447 0.465957 0.256383 0.467021 0.251064 0.467021 0.250000 0.468085 0.250000 0.473404 0.251064 0.474468 0.251064 0.478723 0.252128 0.479787 0.252128 0.484043 0.253191 0.485106 0.253191 0.490426 0.254255 0.491489 0.254255 0.495745 0.255319 0.496809 0.256383 0.495745 0.260638 0.495745 0.261702 0.494681 0.267021 0.494681 0.268085 0.493617 0.272340 0.493617 0.273404 0.492553 0.277660 0.492553 0.278723 0.491489 0.279787 0.491489 0.278723 0.490426 0.278723 0.486170 0.277660 0.485106 0.277660 0.479787 0.276596 0.478723 0.276596 0.474468 0.275532 0.473404 0.275532 0.469149 0.274468 0.468085 0.274468 0.464894
0 0.404255 0.619149 0.403191 0.619149 0.402128 0.620213 0.397872 0.620213 0.396809 0.621277 0.392553 0.621277 0.391489 0.622340 0.387234 0.622340 0.386170 0.623404 0.384043 0.623404 0.384043 0.630851 0.385106 0.631915 0.385106 0.637234 0.386170 0.638298 0.386170 0.642553 0.387234 0.643617 0.387234 0.646809 0.388298 0.647872 0.388298 0.652128 0.389362 0.653191 0.390426 0.652128 0.394681 0.652128 0.395745 0.651064 0.398936 0.651064 0.400000 0.650000 0.404255 0.650000 0.405319 0.648936 0.409574 0.648936 0.409574 0.646809 0.408511 0.645745 0.408511 0.640426 0.407447 0.639362 0.407447 0.635106 0.406383 0.634043 0.406383 0.629787 0.405319 0.628723 0.405319 0.624468 0.404255 0.623404
1 0.385106 0.638298 0.384043 0.637234 0.382979 0.637234 0.381915 0.638298 0.378723 0.638298 0.377660 0.639362 0.373404 0.639362 0.372340 0.640426 0.371277 0.640426 0.371277 0.641489 0.372340 0.642553 0.373404 0.641489 0.376596 0.641489 0.377660 0.640426 0.381915 0.640426 0.382979 0.639362 0.385106 0.639362
