0 0.184570 0.377930 0.184570 0.388672 0.183594 0.389648 0.183594 0.399414 0.182617 0.400391 0.182617 0.408203 0.184570 0.410156 0.185547 0.410156 0.194336 0.418945 0.216797 0.418945 0.217773 0.417969 0.225586 0.417969 0.225586 0.414062 0.226562 0.413086 0.226562 0.405273 0.227539 0.404297 0.227539 0.396484 0.228516 0.395508 0.228516 0.387695 0.227539 0.387695 0.222656 0.382812 0.221680 0.382812 0.216797 0.377930
1 0.210938 0.403320 0.210938 0.405273 0.218750 0.413086 0.222656 0.413086 0.222656 0.411133 0.215820 0.404297 0.214844 0.404297 0.213867 0.403320
0 0.162109 0.651367 0.153320 0.660156 0.152344 0.660156 0.143555 0.668945 0.142578 0.668945 0.138672 0.672852 0.142578 0.676758 0.142578 0.677734 0.147461 0.682617 0.147461 0.683594 0.151367 0.687500 0.151367 0.688477 0.155273 0.692383 0.155273 0.693359 0.156250 0.694336 0.157227 0.694336 0.158203 0.695312 0.166016 0.695312 0.166992 0.696289 0.169922 0.696289 0.175781 0.690430 0.175781 0.689453 0.172852 0.686523 0.175781 0.683594 0.176758 0.683594 0.179688 0.686523 0.179688 0.687500 0.187500 0.679688 0.188477 0.679688 0.192383 0.675781 0.190430 0.673828 0.190430 0.672852 0.185547 0.667969 0.185547 0.666992 0.181641 0.663086 0.181641 0.662109 0.176758 0.657227 0.176758 0.656250 0.174805 0.654297 0.171875 0.654297 0.170898 0.653320 0.167969 0.653320 0.166992 0.652344 0.163086 0.652344
1 0.175781 0.684570 0.173828 0.686523 0.176758 0.689453 0.176758 0.690430 0.181641 0.695312 0.181641 0.696289 0.186523 0.701172 0.188477 0.699219 0.187500 0.698242 0.187500 0.697266 0.182617 0.692383 0.182617 0.691406 0.178711 0.687500 0.178711 0.686523 0.176758 0.684570
0 0.672852 0.329102 0.671875 0.330078 0.670898 0.330078 0.669922 0.331055 0.668945 0.331055 0.667969 0.332031 0.666992 0.332031 0.666016 0.333008 0.665039 0.333008 0.664062 0.333984 0.663086 0.333984 0.660156 0.336914 0.659180 0.336914 0.657227 0.338867 0.656250 0.338867 0.654297 0.340820 0.653320 0.340820 0.650391 0.343750 0.649414 0.343750 0.647461 0.345703 0.646484 0.345703 0.644531 0.347656 0.643555 0.347656 0.641602 0.349609 0.640625 0.349609 0.637695 0.352539 0.636719 0.352539 0.636719 0.353516 0.638672 0.355469 0.638672 0.356445 0.640625 0.358398 0.640625 0.359375 0.642578 0.361328 0.642578 0.362305 0.644531 0.364258 0.644531 0.365234 0.646484 0.367188 0.646484 0.368164 0.648438 0.370117 0.648438 0.371094 0.650391 0.373047 0.650391 0.374023 0.652344 0.375977 0.652344 0.376953 0.654297 0.378906 0.654297 0.379883 0.655273 0.380859 0.656250 0.380859 0.658203 0.378906 0.659180 0.378906 0.661133 0.376953 0.662109 0.376953 0.664062 0.375000 0.665039 0.375000 0.666992 0.373047 0.667969 0.373047 0.669922 0.371094 0.670898 0.371094 0.672852 0.369141 0.673828 0.369141 0.675781 0.367188 0.676758 0.367188 0.678711 0.365234 0.679688 0.365234 0.681641 0.363281 0.682617 0.363281 0.684570 0.361328 0.685547 0.361328 0.687500 0.359375 0.688477 0.359375 0.690430 0.357422 0.691406 0.357422 0.690430 0.356445 0.690430 0.355469 0.688477 0.353516 0.688477 0.352539 0.686523 0.350586 0.686523 0.349609 0.684570 0.347656 0.684570 0.346680 0.682617 0.344727 0.682617 0.343750 0.680664 0.341797 0.680664 0.340820 0.678711 0.338867 0.678711 0.337891 0.676758 0.335938 0.676758 0.334961 0.674805 0.333008 0.674805 0.332031 0.672852 0.330078
1 0.642578 0.321289 0.640625 0.323242 0.642578 0.325195 0.642578 0.326172 0.644531 0.328125 0.644531 0.329102 0.646484 0.331055 0.646484 0.332031 0.648438 0.333984 0.648438 0.334961 0.650391 0.336914 0.650391 0.337891 0.652344 0.339844 0.652344 0.340820 0.653320 0.339844 0.654297 0.339844 0.655273 0.338867 0.655273 0.337891 0.653320 0.335938 0.653320 0.334961 0.651367 0.333008 0.651367 0.332031 0.649414 0.330078 0.649414 0.329102 0.647461 0.327148 0.647461 0.326172 0.645508 0.324219 0.645508 0.323242 0.643555 0.321289
0 0.263672 0.282227 0.262695 0.283203 0.262695 0.288086 0.261719 0.289062 0.261719 0.296875 0.260742 0.297852 0.260742 0.298828 0.261719 0.299805 0.261719 0.302734 0.260742 0.303711 0.260742 0.310547 0.259766 0.311523 0.259766 0.321289 0.264648 0.321289 0.265625 0.322266 0.272461 0.322266 0.273438 0.323242 0.279297 0.323242 0.280273 0.324219 0.286133 0.324219 0.287109 0.325195 0.289062 0.325195 0.290039 0.324219 0.290039 0.321289 0.291016 0.320312 0.291016 0.318359 0.291992 0.317383 0.291992 0.311523 0.292969 0.310547 0.292969 0.296875 0.293945 0.295898 0.293945 0.286133 0.290039 0.286133 0.289062 0.285156 0.283203 0.285156 0.282227 0.284180 0.276367 0.284180 0.275391 0.283203 0.269531 0.283203 0.268555 0.282227
1 0.240234 0.296875 0.240234 0.299805 0.241211 0.300781 0.247070 0.300781 0.248047 0.301758 0.253906 0.301758 0.254883 0.302734 0.260742 0.302734 0.260742 0.299805 0.255859 0.299805 0.254883 0.298828 0.249023 0.298828 0.248047 0.297852 0.242188 0.297852 0.241211 0.296875
0 0.294922 0.578125 0.294922 0.580078 0.293945 0.581055 0.293945 0.583984 0.292969 0.584961 0.292969 0.586914 0.291992 0.587891 0.291992 0.590820 0.291016 0.591797 0.291016 0.594727 0.290039 0.595703 0.290039 0.598633 0.289062 0.599609 0.289062 0.602539 0.288086 0.603516 0.288086 0.606445 0.298828 0.617188 0.304688 0.617188 0.305664 0.618164 0.324219 0.618164 0.325195 0.619141 0.326172 0.619141 0.327148 0.618164 0.327148 0.615234 0.328125 0.614258 0.328125 0.611328 0.329102 0.610352 0.329102 0.607422 0.330078 0.606445 0.330078 0.604492 0.331055 0.603516 0.331055 0.600586 0.332031 0.599609 0.332031 0.596680 0.333008 0.595703 0.333008 0.592773 0.333984 0.591797 0.333984 0.590820 0.332031 0.588867 0.331055 0.588867 0.325195 0.583008 0.324219 0.583008 0.321289 0.580078 0.310547 0.580078 0.309570 0.579102 0.297852 0.579102 0.296875 0.578125
1 0.583984 0.657227 0.583008 0.657227 0.582031 0.658203 0.582031 0.659180 0.580078 0.661133 0.580078 0.662109 0.581055 0.663086 0.581055 0.664062 0.582031 0.665039 0.581055 0.666016 0.582031 0.665039 0.583008 0.665039 0.583008 0.664062 0.582031 0.663086 0.583008 0.662109 0.583984 0.662109 0.586914 0.659180 0.585938 0.658203 0.584961 0.658203
0 0.585938 0.616211 0.584961 0.617188 0.584961 0.618164 0.582031 0.621094 0.582031 0.622070 0.580078 0.624023 0.580078 0.625000 0.578125 0.626953 0.578125 0.627930 0.575195 0.630859 0.575195 0.631836 0.573242 0.633789 0.573242 0.634766 0.570312 0.637695 0.570312 0.638672 0.568359 0.640625 0.568359 0.641602 0.566406 0.643555 0.567383 0.643555 0.573242 0.649414 0.574219 0.649414 0.579102 0.654297 0.580078 0.654297 0.582031 0.656250 0.583008 0.656250 0.583984 0.655273 0.587891 0.659180 0.587891 0.660156 0.588867 0.661133 0.589844 0.661133 0.591797 0.663086 0.592773 0.663086 0.594727 0.665039 0.595703 0.665039 0.598633 0.667969 0.599609 0.667969 0.601562 0.669922 0.602539 0.669922 0.603516 0.670898 0.604492 0.670898 0.604492 0.669922 0.607422 0.666992 0.607422 0.666016 0.609375 0.664062 0.609375 0.663086 0.611328 0.661133 0.611328 0.660156 0.614258 0.657227 0.614258 0.656250 0.616211 0.654297 0.616211 0.653320 0.618164 0.651367 0.618164 0.650391 0.620117 0.648438 0.620117 0.647461 0.623047 0.644531 0.623047 0.643555 0.610352 0.630859 0.609375 0.630859 0.607422 0.628906 0.606445 0.628906 0.605469 0.627930 0.604492 0.627930 0.602539 0.625977 0.601562 0.625977 0.599609 0.624023 0.598633 0.624023 0.596680 0.622070 0.595703 0.622070 0.593750 0.620117 0.592773 0.620117 0.590820 0.618164 0.589844 0.618164 0.587891 0.616211
1 0.558594 0.724609 0.557617 0.725586 0.560547 0.728516 0.561523 0.728516 0.561523 0.727539
1 0.555664 0.721680 0.554688 0.722656 0.555664 0.723633 0.556641 0.722656
1 0.584961 0.662109 0.583984 0.663086 0.583008 0.663086 0.581055 0.665039 0.580078 0.664062 0.580078 0.663086 0.579102 0.663086 0.578125 0.664062 0.578125 0.665039 0.575195 0.667969 0.575195 0.668945 0.573242 0.670898 0.573242 0.671875 0.571289 0.673828 0.572266 0.674805 0.571289 0.675781 0.572266 0.676758 0.574219 0.676758 0.576172 0.674805 0.576172 0.673828 0.578125 0.671875 0.578125 0.670898 0.580078 0.668945 0.580078 0.667969 0.582031 0.666016 0.581055 0.665039 0.583008 0.663086 0.583984 0.663086
0 0.543945 0.693359 0.527344 0.709961 0.527344 0.710938 0.529297 0.712891 0.529297 0.713867 0.531250 0.715820 0.531250 0.716797 0.543945 0.729492 0.543945 0.730469 0.548828 0.735352 0.556641 0.727539 0.556641 0.726562 0.553711 0.723633 0.553711 0.722656 0.555664 0.720703 0.559570 0.724609 0.566406 0.717773 0.565430 0.716797 0.565430 0.715820 0.564453 0.714844 0.564453 0.713867 0.562500 0.711914 0.562500 0.710938 0.561523 0.709961 0.561523 0.708984 0.547852 0.695312 0.546875 0.695312 0.544922 0.693359
1 0.555664 0.722656 0.554688 0.723633 0.565430 0.734375 0.566406 0.734375 0.567383 0.733398 0.566406 0.732422 0.566406 0.731445 0.564453 0.729492 0.563477 0.729492 0.562500 0.728516 0.561523 0.729492 0.560547 0.729492 0.556641 0.725586 0.557617 0.724609 0.557617 0.723633 0.556641 0.723633
