0 0.339844 0.716797 0.338867 0.716797 0.337891 0.717773 0.336914 0.717773 0.335938 0.718750 0.334961 0.718750 0.333984 0.719727 0.333008 0.719727 0.332031 0.720703 0.331055 0.720703 0.330078 0.721680 0.329102 0.721680 0.328125 0.722656 0.326172 0.722656 0.324219 0.724609 0.324219 0.727539 0.323242 0.728516 0.323242 0.730469 0.322266 0.731445 0.322266 0.733398 0.321289 0.734375 0.321289 0.737305 0.320312 0.738281 0.320312 0.740234 0.319336 0.741211 0.319336 0.743164 0.318359 0.744141 0.319336 0.745117 0.320312 0.745117 0.321289 0.746094 0.322266 0.746094 0.324219 0.748047 0.325195 0.748047 0.327148 0.750000 0.328125 0.750000 0.330078 0.751953 0.331055 0.751953 0.332031 0.752930 0.333008 0.752930 0.334961 0.754883 0.335938 0.754883 0.336914 0.755859 0.337891 0.754883 0.338867 0.754883 0.339844 0.753906 0.340820 0.753906 0.341797 0.752930 0.342773 0.752930 0.343750 0.751953 0.344727 0.751953 0.345703 0.750977 0.346680 0.750977 0.348633 0.749023 0.349609 0.749023 0.350586 0.748047 0.351562 0.748047 0.351562 0.745117 0.352539 0.744141 0.352539 0.742188 0.353516 0.741211 0.353516 0.739258 0.354492 0.738281 0.354492 0.736328 0.355469 0.735352 0.355469 0.732422 0.356445 0.731445 0.356445 0.729492 0.357422 0.728516 0.357422 0.727539 0.356445 0.727539 0.355469 0.726562 0.354492 0.726562 0.352539 0.724609 0.351562 0.724609 0.349609 0.722656 0.348633 0.722656 0.347656 0.721680 0.346680 0.721680 0.345703 0.720703 0.344727 0.720703 0.344727 0.722656 0.343750 0.723633 0.343750 0.725586 0.342773 0.726562 0.340820 0.726562 0.339844 0.725586 0.339844 0.721680 0.340820 0.720703 0.340820 0.717773
1 0.345703 0.710938 0.344727 0.710938 0.343750 0.711914 0.343750 0.714844 0.342773 0.715820 0.342773 0.717773 0.341797 0.718750 0.341797 0.720703 0.340820 0.721680 0.340820 0.725586 0.342773 0.725586 0.342773 0.723633 0.343750 0.722656 0.343750 0.720703 0.344727 0.719727 0.344727 0.716797 0.345703 0.715820 0.345703 0.713867 0.346680 0.712891 0.346680 0.711914
0 0.499023 0.499023 0.499023 0.502930 0.498047 0.503906 0.498047 0.507812 0.497070 0.508789 0.497070 0.513672 0.496094 0.514648 0.496094 0.517578 0.497070 0.517578 0.498047 0.518555 0.500000 0.518555 0.500977 0.519531 0.503906 0.519531 0.504883 0.520508 0.509766 0.520508 0.510742 0.521484 0.515625 0.521484 0.516602 0.522461 0.521484 0.522461 0.521484 0.520508 0.522461 0.519531 0.522461 0.515625 0.523438 0.514648 0.522461 0.515625 0.520508 0.515625 0.519531 0.514648 0.516602 0.514648 0.515625 0.513672 0.514648 0.513672 0.513672 0.512695 0.515625 0.510742 0.517578 0.510742 0.518555 0.511719 0.520508 0.511719 0.521484 0.512695 0.523438 0.512695 0.523438 0.510742 0.524414 0.509766 0.524414 0.504883 0.525391 0.503906 0.522461 0.503906 0.521484 0.502930 0.517578 0.502930 0.516602 0.501953 0.512695 0.501953 0.511719 0.500977 0.506836 0.500977 0.505859 0.500000 0.500977 0.500000 0.500000 0.499023
1 0.514648 0.512695 0.515625 0.512695 0.516602 0.513672 0.519531 0.513672 0.520508 0.514648 0.522461 0.514648 0.523438 0.513672 0.521484 0.513672 0.520508 0.512695 0.518555 0.512695 0.517578 0.511719 0.515625 0.511719
0 0.511719 0.569336 0.510742 0.570312 0.508789 0.570312 0.507812 0.571289 0.505859 0.571289 0.504883 0.572266 0.502930 0.572266 0.498047 0.577148 0.498047 0.578125 0.490234 0.585938 0.490234 0.586914 0.489258 0.587891 0.494141 0.592773 0.494141 0.593750 0.503906 0.603516 0.504883 0.603516 0.505859 0.602539 0.506836 0.602539 0.507812 0.601562 0.509766 0.601562 0.510742 0.600586 0.511719 0.600586 0.512695 0.599609 0.513672 0.599609 0.513672 0.598633 0.523438 0.588867 0.523438 0.587891 0.526367 0.584961 0.514648 0.573242 0.514648 0.572266
1 0.491211 0.567383 0.490234 0.568359 0.490234 0.569336 0.497070 0.576172 0.498047 0.576172 0.499023 0.575195
0 0.474609 0.534180 0.472656 0.534180 0.471680 0.535156 0.469727 0.535156 0.468750 0.536133 0.466797 0.536133 0.465820 0.537109 0.463867 0.537109 0.462891 0.538086 0.459961 0.538086 0.458984 0.539062 0.457031 0.539062 0.455078 0.541016 0.455078 0.541992 0.453125 0.543945 0.453125 0.544922 0.450195 0.547852 0.450195 0.548828 0.447266 0.551758 0.447266 0.552734 0.445312 0.554688 0.445312 0.555664 0.443359 0.557617 0.443359 0.558594 0.446289 0.561523 0.446289 0.562500 0.451172 0.567383 0.451172 0.568359 0.457031 0.574219 0.457031 0.575195 0.459961 0.578125 0.461914 0.578125 0.462891 0.577148 0.465820 0.577148 0.466797 0.576172 0.469727 0.576172 0.470703 0.575195 0.473633 0.575195 0.474609 0.574219 0.476562 0.574219 0.477539 0.573242 0.478516 0.573242 0.480469 0.571289 0.480469 0.570312 0.482422 0.568359 0.482422 0.567383 0.484375 0.565430 0.484375 0.564453 0.486328 0.562500 0.486328 0.561523 0.488281 0.559570 0.488281 0.558594 0.490234 0.556641 0.490234 0.555664 0.491211 0.554688 0.491211 0.553711 0.488281 0.550781 0.488281 0.549805 0.483398 0.544922 0.483398 0.543945 0.478516 0.539062 0.478516 0.538086
1 0.481445 0.570312 0.481445 0.571289 0.479492 0.573242 0.481445 0.575195 0.481445 0.576172 0.486328 0.581055 0.488281 0.579102 0.487305 0.578125 0.487305 0.577148 0.482422 0.572266 0.482422 0.571289
0 0.404297 0.568359 0.403320 0.569336 0.403320 0.570312 0.401367 0.572266 0.401367 0.578125 0.400391 0.579102 0.400391 0.584961 0.399414 0.585938 0.399414 0.591797 0.398438 0.592773 0.401367 0.592773 0.402344 0.593750 0.407227 0.593750 0.408203 0.594727 0.413086 0.594727 0.414062 0.595703 0.419922 0.595703 0.420898 0.594727 0.420898 0.593750 0.421875 0.592773 0.421875 0.589844 0.422852 0.588867 0.422852 0.583008 0.423828 0.582031 0.423828 0.577148 0.424805 0.576172 0.424805 0.571289 0.420898 0.571289 0.419922 0.570312 0.414062 0.570312 0.413086 0.569336 0.408203 0.569336 0.407227 0.568359
1 0.358398 0.624023 0.361328 0.626953 0.361328 0.627930 0.362305 0.628906 0.362305 0.629883 0.363281 0.630859 0.364258 0.630859 0.365234 0.629883 0.363281 0.627930 0.363281 0.626953 0.362305 0.625977 0.362305 0.625000 0.360352 0.623047 0.359375 0.624023
0 0.373047 0.622070 0.371094 0.622070 0.369141 0.624023 0.368164 0.624023 0.366211 0.625977 0.365234 0.625977 0.364258 0.626953 0.364258 0.627930 0.366211 0.629883 0.364258 0.631836 0.363281 0.631836 0.361328 0.629883 0.359375 0.629883 0.357422 0.631836 0.356445 0.631836 0.354492 0.633789 0.353516 0.633789 0.351562 0.635742 0.350586 0.635742 0.350586 0.636719 0.351562 0.637695 0.351562 0.638672 0.353516 0.640625 0.353516 0.641602 0.355469 0.643555 0.355469 0.644531 0.356445 0.645508 0.356445 0.646484 0.358398 0.648438 0.358398 0.649414 0.360352 0.651367 0.360352 0.652344 0.361328 0.653320 0.361328 0.654297 0.363281 0.656250 0.363281 0.657227 0.366211 0.660156 0.367188 0.660156 0.369141 0.662109 0.371094 0.662109 0.373047 0.660156 0.374023 0.660156 0.375977 0.658203 0.376953 0.658203 0.378906 0.656250 0.379883 0.656250 0.381836 0.654297 0.382812 0.654297 0.385742 0.651367 0.386719 0.651367 0.388672 0.649414 0.389648 0.649414 0.391602 0.647461 0.390625 0.646484 0.390625 0.645508 0.389648 0.644531 0.389648 0.643555 0.387695 0.641602 0.387695 0.640625 0.386719 0.639648 0.386719 0.638672 0.384766 0.636719 0.384766 0.635742 0.383789 0.634766 0.383789 0.633789 0.381836 0.631836 0.381836 0.630859 0.380859 0.629883 0.380859 0.628906 0.378906 0.626953 0.378906 0.625977 0.377930 0.625000 0.376953 0.625000 0.375000 0.623047 0.374023 0.623047
1 0.355469 0.616211 0.354492 0.617188 0.355469 0.618164 0.355469 0.619141 0.357422 0.621094 0.357422 0.622070 0.358398 0.623047 0.359375 0.623047 0.360352 0.622070 0.359375 0.621094 0.359375 0.620117 0.357422 0.618164 0.357422 0.617188 0.356445 0.616211
0 0.551758 0.390625 0.550781 0.390625 0.549805 0.391602 0.548828 0.391602 0.546875 0.393555 0.545898 0.393555 0.543945 0.395508 0.542969 0.395508 0.541016 0.397461 0.540039 0.397461 0.538086 0.399414 0.537109 0.399414 0.535156 0.401367 0.534180 0.401367 0.533203 0.402344 0.534180 0.403320 0.534180 0.404297 0.535156 0.405273 0.535156 0.406250 0.537109 0.408203 0.537109 0.409180 0.539062 0.411133 0.539062 0.412109 0.540039 0.413086 0.540039 0.414062 0.541992 0.416016 0.541992 0.416992 0.543945 0.418945 0.543945 0.419922 0.546875 0.422852 0.546875 0.423828 0.547852 0.423828 0.548828 0.422852 0.549805 0.422852 0.551758 0.420898 0.552734 0.420898 0.554688 0.418945 0.554688 0.417969 0.553711 0.416992 0.554688 0.416016 0.556641 0.416016 0.557617 0.416992 0.558594 0.416992 0.559570 0.416016 0.560547 0.416016 0.562500 0.414062 0.563477 0.414062 0.565430 0.412109 0.564453 0.411133 0.564453 0.410156 0.563477 0.409180 0.563477 0.408203 0.561523 0.406250 0.561523 0.405273 0.559570 0.403320 0.559570 0.402344 0.557617 0.400391 0.557617 0.399414 0.555664 0.397461 0.555664 0.396484 0.554688 0.395508 0.554688 0.394531 0.552734 0.392578 0.552734 0.391602
1 0.554688 0.416992 0.555664 0.417969 0.555664 0.418945 0.558594 0.421875 0.558594 0.422852 0.559570 0.423828 0.559570 0.424805 0.560547 0.425781 0.560547 0.426758 0.562500 0.428711 0.562500 0.429688 0.563477 0.428711 0.563477 0.427734 0.562500 0.426758 0.562500 0.425781 0.560547 0.423828 0.560547 0.422852 0.559570 0.422852 0.558594 0.421875 0.558594 0.419922 0.557617 0.418945 0.557617 0.417969 0.556641 0.416992
