0 0.525391 0.581055 0.526367 0.582031 0.526367 0.585938 0.527344 0.586914 0.527344 0.588867 0.525391 0.590820 0.523438 0.588867 0.523438 0.585938 0.522461 0.584961 0.522461 0.583008 0.520508 0.584961 0.519531 0.584961 0.517578 0.586914 0.516602 0.586914 0.514648 0.588867 0.513672 0.588867 0.512695 0.589844 0.512695 0.591797 0.513672 0.592773 0.513672 0.596680 0.514648 0.597656 0.514648 0.601562 0.515625 0.602539 0.515625 0.603516 0.518555 0.606445 0.519531 0.606445 0.522461 0.609375 0.523438 0.609375 0.526367 0.612305 0.527344 0.612305 0.528320 0.611328 0.529297 0.611328 0.531250 0.609375 0.532227 0.609375 0.534180 0.607422 0.535156 0.607422 0.537109 0.605469 0.538086 0.605469 0.540039 0.603516 0.541016 0.603516 0.541016 0.598633 0.540039 0.597656 0.540039 0.593750 0.539062 0.592773 0.539062 0.588867 0.538086 0.587891 0.537109 0.587891 0.535156 0.585938 0.534180 0.585938 0.531250 0.583008 0.530273 0.583008 0.528320 0.581055
1 0.523438 0.579102 0.522461 0.580078 0.523438 0.581055 0.523438 0.584961 0.524414 0.585938 0.524414 0.588867 0.525391 0.589844 0.526367 0.588867 0.526367 0.586914 0.525391 0.585938 0.525391 0.582031 0.524414 0.581055 0.524414 0.579102
0 0.674805 0.521484 0.674805 0.522461 0.673828 0.523438 0.673828 0.527344 0.672852 0.528320 0.672852 0.532227 0.671875 0.533203 0.671875 0.537109 0.670898 0.538086 0.674805 0.538086 0.675781 0.539062 0.675781 0.541992 0.674805 0.542969 0.669922 0.542969 0.670898 0.543945 0.670898 0.545898 0.671875 0.546875 0.671875 0.547852 0.672852 0.548828 0.672852 0.550781 0.673828 0.551758 0.673828 0.552734 0.674805 0.553711 0.674805 0.554688 0.675781 0.555664 0.675781 0.557617 0.676758 0.558594 0.702148 0.558594 0.703125 0.557617 0.703125 0.553711 0.704102 0.552734 0.704102 0.549805 0.705078 0.548828 0.705078 0.544922 0.706055 0.543945 0.706055 0.541016 0.707031 0.540039 0.707031 0.536133 0.706055 0.535156 0.706055 0.534180 0.705078 0.533203 0.705078 0.532227 0.704102 0.531250 0.704102 0.530273 0.703125 0.529297 0.703125 0.527344 0.702148 0.526367 0.702148 0.525391 0.701172 0.524414 0.701172 0.523438 0.700195 0.522461 0.686523 0.522461 0.685547 0.521484
1 0.657227 0.540039 0.657227 0.541016 0.658203 0.541992 0.674805 0.541992 0.674805 0.539062 0.658203 0.539062
0 0.536133 0.544922 0.536133 0.545898 0.530273 0.551758 0.530273 0.552734 0.524414 0.558594 0.524414 0.559570 0.521484 0.562500 0.521484 0.563477 0.524414 0.566406 0.524414 0.567383 0.529297 0.572266 0.529297 0.573242 0.532227 0.576172 0.533203 0.576172 0.534180 0.577148 0.535156 0.577148 0.537109 0.579102 0.538086 0.579102 0.540039 0.581055 0.541016 0.581055 0.542969 0.583008 0.543945 0.583008 0.545898 0.584961 0.546875 0.584961 0.550781 0.581055 0.550781 0.580078 0.555664 0.575195 0.555664 0.574219 0.560547 0.569336 0.560547 0.568359 0.561523 0.567383 0.561523 0.566406 0.557617 0.562500 0.557617 0.561523 0.554688 0.558594 0.554688 0.557617 0.550781 0.553711 0.549805 0.553711 0.547852 0.551758 0.546875 0.551758 0.545898 0.550781 0.544922 0.550781 0.542969 0.548828 0.541992 0.548828 0.541016 0.547852 0.540039 0.547852 0.538086 0.545898 0.537109 0.545898
1 0.560547 0.544922 0.558594 0.542969 0.555664 0.545898 0.555664 0.546875 0.549805 0.552734 0.550781 0.552734 0.551758 0.553711 0.552734 0.553711 0.556641 0.549805 0.556641 0.548828
0 0.386719 0.434570 0.385742 0.435547 0.384766 0.435547 0.380859 0.439453 0.379883 0.439453 0.378906 0.440430 0.378906 0.444336 0.377930 0.445312 0.377930 0.450195 0.376953 0.451172 0.376953 0.457031 0.375977 0.458008 0.375977 0.460938 0.377930 0.460938 0.378906 0.461914 0.381836 0.461914 0.382812 0.462891 0.385742 0.462891 0.386719 0.463867 0.387695 0.463867 0.387695 0.460938 0.388672 0.459961 0.390625 0.459961 0.391602 0.460938 0.391602 0.464844 0.392578 0.464844 0.393555 0.465820 0.396484 0.465820 0.397461 0.464844 0.398438 0.464844 0.401367 0.461914 0.402344 0.461914 0.404297 0.459961 0.404297 0.455078 0.405273 0.454102 0.405273 0.448242 0.406250 0.447266 0.406250 0.441406 0.407227 0.440430 0.406250 0.440430 0.405273 0.439453 0.403320 0.439453 0.402344 0.438477 0.399414 0.438477 0.398438 0.437500 0.395508 0.437500 0.394531 0.436523 0.392578 0.436523 0.391602 0.435547 0.388672 0.435547 0.387695 0.434570
1 0.622070 0.540039 0.624023 0.541992 0.623047 0.542969 0.622070 0.542969 0.625000 0.542969 0.625977 0.543945 0.626953 0.543945 0.627930 0.542969 0.629883 0.544922 0.630859 0.543945 0.630859 0.542969 0.629883 0.541992 0.628906 0.541992 0.627930 0.542969 0.625977 0.541016 0.625000 0.541992 0.624023 0.541992
1 0.618164 0.539062 0.619141 0.540039 0.620117 0.540039 0.619141 0.540039
1 0.390625 0.460938 0.388672 0.460938 0.388672 0.464844 0.387695 0.465820 0.387695 0.471680 0.386719 0.472656 0.386719 0.474609 0.388672 0.474609 0.388672 0.472656 0.389648 0.471680 0.389648 0.465820 0.390625 0.464844
0 0.600586 0.520508 0.599609 0.521484 0.599609 0.522461 0.594727 0.527344 0.594727 0.528320 0.592773 0.530273 0.592773 0.538086 0.591797 0.539062 0.591797 0.548828 0.592773 0.548828 0.593750 0.549805 0.596680 0.549805 0.597656 0.550781 0.599609 0.550781 0.600586 0.551758 0.603516 0.551758 0.604492 0.552734 0.606445 0.552734 0.607422 0.553711 0.610352 0.553711 0.611328 0.554688 0.612305 0.554688 0.612305 0.553711 0.615234 0.550781 0.615234 0.549805 0.618164 0.546875 0.618164 0.545898 0.620117 0.543945 0.620117 0.542969 0.618164 0.542969 0.616211 0.541016 0.616211 0.539062 0.617188 0.538086 0.618164 0.538086 0.619141 0.539062 0.620117 0.539062 0.620117 0.534180 0.621094 0.533203 0.621094 0.525391 0.619141 0.525391 0.618164 0.524414 0.615234 0.524414 0.614258 0.523438 0.611328 0.523438 0.610352 0.522461 0.607422 0.522461 0.606445 0.521484 0.603516 0.521484 0.602539 0.520508
1 0.627930 0.541992 0.628906 0.542969 0.627930 0.543945 0.628906 0.542969 0.630859 0.544922
1 0.617188 0.539062 0.617188 0.541016 0.618164 0.541992 0.623047 0.541992 0.624023 0.541016 0.625000 0.541016 0.625977 0.541992 0.625000 0.541016 0.624023 0.541016 0.623047 0.541992 0.621094 0.540039 0.620117 0.541016 0.619141 0.541016
1 0.464844 0.492188 0.464844 0.496094 0.465820 0.496094 0.465820 0.494141 0.464844 0.493164
0 0.455078 0.496094 0.455078 0.497070 0.454102 0.498047 0.454102 0.503906 0.453125 0.504883 0.453125 0.509766 0.452148 0.510742 0.452148 0.516602 0.453125 0.517578 0.457031 0.517578 0.458008 0.518555 0.463867 0.518555 0.464844 0.519531 0.470703 0.519531 0.471680 0.520508 0.471680 0.518555 0.472656 0.517578 0.472656 0.511719 0.473633 0.510742 0.473633 0.505859 0.474609 0.504883 0.474609 0.499023 0.473633 0.499023 0.472656 0.498047 0.466797 0.498047 0.465820 0.497070 0.459961 0.497070 0.458984 0.496094
1 0.467773 0.485352 0.465820 0.485352 0.465820 0.493164 0.466797 0.492188 0.465820 0.491211 0.465820 0.490234 0.466797 0.489258 0.466797 0.486328
0 0.553711 0.365234 0.552734 0.366211 0.552734 0.367188 0.550781 0.369141 0.550781 0.370117 0.549805 0.371094 0.549805 0.372070 0.547852 0.374023 0.547852 0.375000 0.546875 0.375977 0.546875 0.376953 0.544922 0.378906 0.544922 0.379883 0.543945 0.380859 0.543945 0.381836 0.541992 0.383789 0.541992 0.384766 0.541016 0.385742 0.541016 0.386719 0.539062 0.388672 0.539062 0.389648 0.547852 0.398438 0.547852 0.399414 0.548828 0.399414 0.549805 0.400391 0.551758 0.400391 0.553711 0.398438 0.556641 0.401367 0.555664 0.402344 0.555664 0.403320 0.556641 0.403320 0.557617 0.404297 0.558594 0.404297 0.559570 0.405273 0.560547 0.405273 0.561523 0.406250 0.562500 0.406250 0.563477 0.407227 0.564453 0.407227 0.565430 0.408203 0.567383 0.408203 0.568359 0.409180 0.569336 0.409180 0.570312 0.410156 0.571289 0.409180 0.571289 0.408203 0.572266 0.407227 0.572266 0.406250 0.574219 0.404297 0.574219 0.403320 0.575195 0.402344 0.575195 0.401367 0.577148 0.399414 0.577148 0.398438 0.578125 0.397461 0.578125 0.396484 0.580078 0.394531 0.580078 0.393555 0.581055 0.392578 0.581055 0.391602 0.583008 0.389648 0.583008 0.388672 0.583984 0.387695 0.583984 0.385742 0.581055 0.382812 0.581055 0.381836 0.577148 0.377930 0.577148 0.376953 0.576172 0.375977 0.575195 0.375977 0.574219 0.375000 0.573242 0.375000 0.572266 0.374023 0.571289 0.374023 0.570312 0.373047 0.569336 0.373047 0.568359 0.372070 0.567383 0.372070 0.566406 0.371094 0.564453 0.371094 0.563477 0.370117 0.562500 0.370117 0.561523 0.369141 0.560547 0.369141 0.559570 0.368164 0.558594 0.368164 0.557617 0.367188 0.556641 0.367188 0.555664 0.366211 0.554688 0.366211
1 0.553711 0.399414 0.551758 0.401367 0.551758 0.404297 0.550781 0.405273 0.549805 0.405273 0.548828 0.406250 0.548828 0.407227 0.547852 0.408203 0.547852 0.409180 0.545898 0.411133 0.545898 0.412109 0.544922 0.413086 0.544922 0.414062 0.543945 0.415039 0.544922 0.416016 0.546875 0.416016 0.547852 0.415039 0.547852 0.414062 0.548828 0.413086 0.548828 0.412109 0.550781 0.410156 0.550781 0.409180 0.551758 0.408203 0.551758 0.407227 0.553711 0.405273 0.553711 0.404297 0.554688 0.403320 0.554688 0.402344 0.555664 0.401367
