0 0.231861 0.864353 0.228707 0.864353 0.227129 0.865931 0.223975 0.865931 0.222397 0.867508 0.219243 0.867508 0.217666 0.869085 0.214511 0.869085 0.212934 0.870662 0.209779 0.870662 0.208202 0.872240 0.205047 0.872240 0.205047 0.873817 0.203470 0.875394 0.203470 0.878549 0.201893 0.880126 0.201893 0.884858 0.200315 0.886435 0.200315 0.889590 0.198738 0.891167 0.198738 0.895899 0.197161 0.897476 0.197161 0.902208 0.195584 0.903785 0.195584 0.905363 0.198738 0.908517 0.200315 0.908517 0.206625 0.914826 0.208202 0.914826 0.212934 0.919558 0.214511 0.919558 0.219243 0.924290 0.225552 0.924290 0.227129 0.922713 0.228707 0.922713 0.230284 0.921136 0.233438 0.921136 0.235016 0.919558 0.238170 0.919558 0.239748 0.917981 0.241325 0.917981 0.242902 0.916404 0.246057 0.916404 0.249211 0.913249 0.249211 0.910095 0.250789 0.908517 0.250789 0.905363 0.252366 0.903785 0.252366 0.899054 0.253943 0.897476 0.253943 0.894322 0.255521 0.892744 0.255521 0.888013 0.257098 0.886435 0.257098 0.883281 0.252366 0.878549 0.250789 0.878549 0.246057 0.873817 0.244479 0.873817 0.241325 0.870662 0.239748 0.870662 0.238170 0.869085 0.236593 0.870662 0.236593 0.873817 0.235016 0.875394 0.235016 0.876972 0.231861 0.880126 0.230284 0.878549 0.228707 0.878549 0.227129 0.876972 0.228707 0.875394 0.228707 0.872240 0.230284 0.870662 0.230284 0.865931
1 0.238170 0.854890 0.235016 0.854890 0.235016 0.859621 0.233438 0.861199 0.233438 0.864353 0.231861 0.865931 0.231861 0.870662 0.230284 0.872240 0.230284 0.875394 0.228707 0.876972 0.230284 0.876972 0.231861 0.878549 0.233438 0.876972 0.233438 0.875394 0.235016 0.873817 0.235016 0.870662 0.236593 0.869085 0.236593 0.864353 0.238170 0.862776 0.238170 0.859621 0.239748 0.858044 0.239748 0.856467
0 0.528391 0.522082 0.526814 0.523659 0.526814 0.529968 0.525237 0.531546 0.525237 0.537855 0.523659 0.539432 0.523659 0.545741 0.522082 0.547319 0.522082 0.553628 0.525237 0.553628 0.526814 0.555205 0.529968 0.555205 0.531546 0.556782 0.534700 0.556782 0.536278 0.558360 0.544164 0.558360 0.545741 0.559937 0.552050 0.559937 0.553628 0.561514 0.561514 0.561514 0.563091 0.563091 0.563091 0.559937 0.564669 0.558360 0.564669 0.552050 0.566246 0.550473 0.566246 0.544164 0.567823 0.542587 0.567823 0.537855 0.569401 0.536278 0.569401 0.531546 0.567823 0.531546 0.566246 0.529968 0.563091 0.529968 0.561514 0.528391 0.556782 0.528391 0.555205 0.526814 0.548896 0.526814 0.547319 0.525237 0.539432 0.525237 0.537855 0.523659 0.531546 0.523659 0.529968 0.522082
1 0.552050 0.544164 0.552050 0.545741 0.555205 0.545741 0.556782 0.547319 0.559937 0.547319 0.561514 0.548896 0.563091 0.548896 0.563091 0.545741 0.558360 0.545741 0.556782 0.544164
0 0.526814 0.637224 0.525237 0.637224 0.523659 0.638801 0.517350 0.638801 0.515773 0.640379 0.509464 0.640379 0.507886 0.641956 0.506309 0.641956 0.506309 0.643533 0.495268 0.654574 0.495268 0.656151 0.485804 0.665615 0.488959 0.668770 0.488959 0.670347 0.496845 0.678233 0.496845 0.679811 0.503155 0.686120 0.503155 0.687697 0.507886 0.692429 0.512618 0.692429 0.514196 0.690852 0.518927 0.690852 0.520505 0.689274 0.525237 0.689274 0.526814 0.687697 0.528391 0.687697 0.534700 0.681388 0.534700 0.679811 0.548896 0.665615 0.548896 0.664038 0.545741 0.660883 0.545741 0.659306 0.537855 0.651420 0.537855 0.649842 0.529968 0.641956 0.529968 0.640379
1 0.492114 0.632492 0.490536 0.634069 0.490536 0.635647 0.495268 0.640379 0.495268 0.641956 0.500000 0.646688 0.501577 0.646688 0.503155 0.645110 0.501577 0.643533 0.501577 0.641956 0.493691 0.634069 0.493691 0.632492
0 0.417981 0.567823 0.414826 0.567823 0.413249 0.569401 0.410095 0.569401 0.408517 0.570978 0.405363 0.570978 0.403785 0.572555 0.402208 0.572555 0.400631 0.574132 0.397476 0.574132 0.395899 0.575710 0.392744 0.575710 0.383281 0.585174 0.383281 0.586751 0.365931 0.604101 0.365931 0.608833 0.373817 0.616719 0.373817 0.618297 0.383281 0.627760 0.383281 0.629338 0.391167 0.637224 0.391167 0.638801 0.394322 0.641956 0.395899 0.640379 0.399054 0.640379 0.400631 0.638801 0.403785 0.638801 0.405363 0.637224 0.410095 0.637224 0.411672 0.635647 0.414826 0.635647 0.416404 0.634069 0.419558 0.634069 0.424290 0.629338 0.424290 0.627760 0.435331 0.616719 0.435331 0.615142 0.444795 0.605678 0.444795 0.604101 0.446372 0.602524 0.443218 0.599369 0.443218 0.597792 0.436909 0.591483 0.436909 0.589905 0.429022 0.582019 0.429022 0.580442 0.421136 0.572555 0.421136 0.570978
1 0.427445 0.626183 0.425868 0.627760 0.425868 0.629338 0.424290 0.630915 0.427445 0.634069 0.427445 0.635647 0.435331 0.643533 0.435331 0.645110 0.436909 0.646688 0.440063 0.646688 0.441640 0.645110 0.441640 0.643533 0.438486 0.640379 0.438486 0.638801 0.430599 0.630915 0.430599 0.629338
0 0.351735 0.632492 0.348580 0.635647 0.347003 0.635647 0.347003 0.645110 0.345426 0.646688 0.345426 0.654574 0.343849 0.656151 0.343849 0.665615 0.342271 0.667192 0.342271 0.668770 0.343849 0.670347 0.350158 0.670347 0.351735 0.671924 0.358044 0.671924 0.359621 0.673502 0.365931 0.673502 0.367508 0.675079 0.373817 0.675079 0.375394 0.676656 0.376972 0.676656 0.384858 0.668770 0.384858 0.659306 0.386435 0.657729 0.386435 0.649842 0.388013 0.648265 0.388013 0.640379 0.389590 0.638801 0.389590 0.637224 0.388013 0.637224 0.386435 0.635647 0.380126 0.635647 0.378549 0.634069 0.372240 0.634069 0.370662 0.632492 0.364353 0.632492 0.362776 0.630915 0.354890 0.630915 0.353312 0.632492
1 0.249211 0.720820 0.250789 0.722397 0.249211 0.723975 0.250789 0.722397
1 0.238170 0.700315 0.236593 0.700315 0.235016 0.701893 0.236593 0.703470 0.236593 0.705047 0.236593 0.703470 0.238170 0.701893
0 0.266562 0.709779 0.264984 0.711356 0.263407 0.711356 0.260252 0.714511 0.258675 0.714511 0.257098 0.716088 0.255521 0.716088 0.252366 0.719243 0.250789 0.719243 0.252366 0.720820 0.252366 0.723975 0.250789 0.725552 0.247634 0.725552 0.246057 0.723975 0.246057 0.722397 0.244479 0.723975 0.242902 0.723975 0.241325 0.725552 0.239748 0.725552 0.236593 0.728707 0.235016 0.728707 0.233438 0.730284 0.231861 0.730284 0.230284 0.731861 0.230284 0.733438 0.231861 0.735016 0.231861 0.736593 0.233438 0.738170 0.233438 0.739748 0.235016 0.741325 0.235016 0.742902 0.238170 0.746057 0.238170 0.747634 0.239748 0.749211 0.239748 0.750789 0.242902 0.753943 0.242902 0.755521 0.246057 0.758675 0.246057 0.760252 0.247634 0.761830 0.247634 0.763407 0.250789 0.766562 0.250789 0.768139 0.252366 0.769716 0.252366 0.771293 0.255521 0.774448 0.255521 0.776025 0.257098 0.776025 0.260252 0.772871 0.261830 0.772871 0.263407 0.771293 0.264984 0.771293 0.268139 0.768139 0.269716 0.768139 0.271293 0.766562 0.272871 0.766562 0.276025 0.763407 0.277603 0.763407 0.279180 0.761830 0.280757 0.761830 0.283912 0.758675 0.285489 0.758675 0.287066 0.757098 0.288644 0.757098 0.291798 0.753943 0.293375 0.753943 0.293375 0.752366 0.290221 0.749211 0.290221 0.747634 0.288644 0.746057 0.288644 0.744479 0.285489 0.741325 0.285489 0.739748 0.283912 0.738170 0.283912 0.736593 0.280757 0.733438 0.280757 0.731861 0.279180 0.730284 0.279180 0.728707 0.276025 0.725552 0.276025 0.723975 0.274448 0.722397 0.274448 0.720820 0.271293 0.717666 0.271293 0.716088 0.268139 0.712934 0.268139 0.711356
1 0.233438 0.700315 0.235016 0.700315 0.238170 0.703470 0.238170 0.708202 0.241325 0.711356 0.241325 0.712934 0.242902 0.714511 0.242902 0.716088 0.246057 0.719243 0.246057 0.720820 0.247634 0.722397 0.247634 0.723975 0.249211 0.722397 0.250789 0.723975 0.249211 0.722397 0.250789 0.720820 0.247634 0.717666 0.247634 0.716088 0.246057 0.714511 0.246057 0.712934 0.242902 0.709779 0.242902 0.708202 0.241325 0.706625 0.241325 0.705047 0.239748 0.703470 0.238170 0.703470 0.235016 0.700315 0.236593 0.698738 0.235016 0.700315
0 0.599369 0.332808 0.597792 0.334385 0.596215 0.334385 0.593060 0.337539 0.591483 0.337539 0.588328 0.340694 0.586751 0.340694 0.585174 0.342271 0.583596 0.342271 0.580442 0.345426 0.578864 0.345426 0.575710 0.348580 0.574132 0.348580 0.570978 0.351735 0.569401 0.351735 0.567823 0.353312 0.567823 0.354890 0.569401 0.356467 0.569401 0.358044 0.570978 0.359621 0.570978 0.361199 0.574132 0.364353 0.574132 0.365931 0.575710 0.367508 0.575710 0.369085 0.577287 0.370662 0.577287 0.372240 0.580442 0.375394 0.580442 0.376972 0.582019 0.378549 0.582019 0.380126 0.585174 0.383281 0.585174 0.384858 0.588328 0.388013 0.589905 0.388013 0.593060 0.391167 0.596215 0.391167 0.597792 0.389590 0.599369 0.389590 0.602524 0.386435 0.604101 0.386435 0.605678 0.384858 0.605678 0.383281 0.604101 0.381703 0.604101 0.378549 0.605678 0.376972 0.607256 0.376972 0.610410 0.380126 0.610410 0.381703 0.611987 0.380126 0.613565 0.380126 0.616719 0.376972 0.618297 0.376972 0.619874 0.375394 0.621451 0.375394 0.624606 0.372240 0.626183 0.372240 0.624606 0.370662 0.624606 0.369085 0.621451 0.365931 0.621451 0.364353 0.619874 0.362776 0.619874 0.361199 0.616719 0.358044 0.616719 0.356467 0.615142 0.354890 0.615142 0.353312 0.611987 0.350158 0.611987 0.348580 0.610410 0.347003 0.610410 0.345426 0.608833 0.343849 0.608833 0.342271
1 0.605678 0.378549 0.605678 0.381703 0.607256 0.383281 0.607256 0.384858 0.608833 0.386435 0.608833 0.388013 0.611987 0.391167 0.611987 0.392744 0.613565 0.394322 0.613565 0.395899 0.616719 0.399054 0.616719 0.400631 0.618297 0.400631 0.619874 0.399054 0.616719 0.395899 0.616719 0.394322 0.615142 0.392744 0.615142 0.391167 0.613565 0.389590 0.613565 0.388013 0.610410 0.384858 0.610410 0.383281 0.608833 0.381703 0.608833 0.380126 0.607256 0.378549
