0 0.377930 0.510742 0.360352 0.528320 0.360352 0.529297 0.361328 0.530273 0.361328 0.531250 0.362305 0.532227 0.362305 0.533203 0.363281 0.534180 0.363281 0.535156 0.364258 0.536133 0.364258 0.537109 0.366211 0.539062 0.366211 0.540039 0.367188 0.541016 0.367188 0.541992 0.368164 0.542969 0.368164 0.543945 0.369141 0.544922 0.369141 0.545898 0.370117 0.546875 0.370117 0.547852 0.371094 0.548828 0.371094 0.549805 0.373047 0.549805 0.374023 0.550781 0.377930 0.550781 0.378906 0.551758 0.382812 0.551758 0.383789 0.552734 0.387695 0.552734 0.388672 0.553711 0.391602 0.553711 0.397461 0.547852 0.397461 0.546875 0.407227 0.537109 0.407227 0.536133 0.408203 0.535156 0.407227 0.534180 0.407227 0.533203 0.406250 0.532227 0.406250 0.531250 0.405273 0.530273 0.405273 0.529297 0.404297 0.528320 0.404297 0.527344 0.403320 0.526367 0.403320 0.525391 0.402344 0.524414 0.402344 0.523438 0.401367 0.522461 0.401367 0.521484 0.400391 0.520508 0.400391 0.519531 0.399414 0.518555 0.399414 0.517578 0.398438 0.516602 0.398438 0.515625 0.396484 0.513672 0.391602 0.513672 0.390625 0.512695 0.384766 0.512695 0.383789 0.511719 0.378906 0.511719
0 0.607422 0.441406 0.607422 0.444336 0.606445 0.445312 0.606445 0.451172 0.605469 0.452148 0.605469 0.473633 0.608398 0.473633 0.609375 0.474609 0.625000 0.474609 0.625977 0.475586 0.628906 0.475586 0.628906 0.468750 0.629883 0.467773 0.629883 0.460938 0.630859 0.459961 0.630859 0.442383 0.621094 0.442383 0.620117 0.441406 0.620117 0.449219 0.618164 0.451172 0.617188 0.451172 0.616211 0.450195 0.616211 0.441406
1 0.617188 0.437500 0.617188 0.450195 0.618164 0.450195 0.619141 0.449219 0.619141 0.440430 0.618164 0.439453 0.618164 0.437500
0 0.757812 0.394531 0.756836 0.394531 0.753906 0.397461 0.752930 0.397461 0.746094 0.404297 0.745117 0.404297 0.739258 0.410156 0.738281 0.410156 0.734375 0.414062 0.734375 0.415039 0.736328 0.416992 0.736328 0.417969 0.749023 0.430664 0.749023 0.431641 0.750000 0.432617 0.751953 0.430664 0.752930 0.430664 0.755859 0.427734 0.756836 0.427734 0.763672 0.420898 0.764648 0.420898 0.771484 0.414062 0.772461 0.414062 0.773438 0.413086 0.773438 0.411133 0.759766 0.397461 0.759766 0.396484
1 0.761719 0.408203 0.760742 0.407227 0.759766 0.407227 0.757812 0.409180 0.756836 0.409180 0.754883 0.411133 0.755859 0.412109 0.756836 0.412109 0.759766 0.409180 0.760742 0.409180
0 0.544922 0.658203 0.543945 0.659180 0.543945 0.662109 0.542969 0.663086 0.542969 0.666016 0.541992 0.666992 0.541992 0.669922 0.541016 0.670898 0.541016 0.673828 0.540039 0.674805 0.540039 0.677734 0.539062 0.678711 0.542969 0.682617 0.543945 0.682617 0.547852 0.686523 0.552734 0.686523 0.553711 0.687500 0.560547 0.687500 0.561523 0.688477 0.566406 0.688477 0.567383 0.687500 0.567383 0.684570 0.568359 0.683594 0.568359 0.679688 0.569336 0.678711 0.569336 0.676758 0.566406 0.676758 0.564453 0.674805 0.564453 0.673828 0.565430 0.672852 0.570312 0.672852 0.570312 0.671875 0.571289 0.670898 0.571289 0.667969 0.563477 0.660156 0.556641 0.660156 0.555664 0.659180 0.546875 0.659180 0.545898 0.658203
1 0.565430 0.673828 0.565430 0.674805 0.566406 0.675781 0.571289 0.675781 0.572266 0.676758 0.579102 0.676758 0.579102 0.674805 0.572266 0.674805 0.571289 0.673828
0 0.504883 0.652344 0.500000 0.657227 0.500000 0.658203 0.497070 0.661133 0.497070 0.662109 0.495117 0.664062 0.495117 0.665039 0.493164 0.666992 0.493164 0.667969 0.492188 0.668945 0.492188 0.669922 0.490234 0.671875 0.490234 0.672852 0.488281 0.674805 0.488281 0.675781 0.486328 0.677734 0.486328 0.678711 0.485352 0.679688 0.485352 0.680664 0.487305 0.682617 0.488281 0.682617 0.490234 0.684570 0.491211 0.684570 0.494141 0.687500 0.495117 0.687500 0.497070 0.689453 0.498047 0.689453 0.500000 0.691406 0.500977 0.691406 0.503906 0.694336 0.504883 0.694336 0.505859 0.695312 0.506836 0.695312 0.507812 0.694336 0.507812 0.693359 0.510742 0.690430 0.510742 0.689453 0.513672 0.686523 0.513672 0.685547 0.515625 0.683594 0.515625 0.682617 0.517578 0.680664 0.517578 0.679688 0.518555 0.678711 0.518555 0.677734 0.520508 0.675781 0.520508 0.674805 0.522461 0.672852 0.522461 0.671875 0.524414 0.669922 0.524414 0.668945 0.526367 0.666992 0.525391 0.666016 0.524414 0.666016 0.522461 0.664062 0.521484 0.664062 0.518555 0.661133 0.517578 0.661133 0.516602 0.660156 0.515625 0.661133 0.515625 0.662109 0.513672 0.664062 0.511719 0.664062 0.510742 0.663086 0.510742 0.662109 0.512695 0.660156 0.512695 0.659180 0.513672 0.658203 0.512695 0.657227 0.511719 0.657227 0.508789 0.654297 0.507812 0.654297 0.505859 0.652344
1 0.624023 0.749023 0.623047 0.748047 0.623047 0.749023 0.622070 0.750000 0.624023 0.750000
1 0.522461 0.649414 0.521484 0.649414 0.520508 0.648438 0.520508 0.649414 0.518555 0.651367 0.518555 0.652344 0.517578 0.653320 0.517578 0.654297 0.515625 0.656250 0.515625 0.657227 0.513672 0.659180 0.513672 0.660156 0.511719 0.662109 0.511719 0.663086 0.513672 0.663086 0.514648 0.662109 0.514648 0.661133 0.516602 0.659180 0.516602 0.658203 0.518555 0.656250 0.518555 0.655273 0.520508 0.653320 0.520508 0.652344 0.522461 0.650391
0 0.605469 0.749023 0.604492 0.750000 0.604492 0.750977 0.602539 0.752930 0.602539 0.753906 0.601562 0.754883 0.601562 0.755859 0.599609 0.757812 0.599609 0.758789 0.597656 0.760742 0.597656 0.761719 0.596680 0.762695 0.596680 0.763672 0.594727 0.765625 0.594727 0.766602 0.593750 0.767578 0.593750 0.768555 0.594727 0.769531 0.594727 0.770508 0.597656 0.773438 0.597656 0.774414 0.600586 0.777344 0.600586 0.778320 0.601562 0.779297 0.602539 0.779297 0.603516 0.780273 0.604492 0.780273 0.605469 0.781250 0.606445 0.781250 0.607422 0.782227 0.608398 0.782227 0.609375 0.783203 0.610352 0.783203 0.611328 0.784180 0.612305 0.784180 0.613281 0.785156 0.614258 0.785156 0.615234 0.786133 0.616211 0.786133 0.617188 0.787109 0.618164 0.787109 0.619141 0.788086 0.620117 0.787109 0.620117 0.786133 0.621094 0.785156 0.621094 0.784180 0.623047 0.782227 0.623047 0.781250 0.624023 0.780273 0.624023 0.779297 0.625977 0.777344 0.625977 0.776367 0.626953 0.775391 0.626953 0.774414 0.628906 0.772461 0.628906 0.771484 0.630859 0.769531 0.630859 0.768555 0.628906 0.766602 0.628906 0.765625 0.626953 0.763672 0.626953 0.762695 0.625000 0.760742 0.625000 0.759766 0.623047 0.757812 0.622070 0.757812 0.621094 0.756836 0.620117 0.756836 0.619141 0.755859 0.618164 0.755859 0.617188 0.754883 0.616211 0.754883 0.615234 0.753906 0.614258 0.753906 0.613281 0.752930 0.612305 0.752930 0.611328 0.751953 0.610352 0.751953 0.609375 0.750977 0.608398 0.750977 0.607422 0.750000 0.606445 0.750000
1 0.625977 0.746094 0.625000 0.746094 0.624023 0.747070 0.624023 0.748047 0.625000 0.749023 0.625000 0.750000 0.624023 0.750977 0.621094 0.750977 0.621094 0.751953 0.620117 0.752930 0.620117 0.753906 0.619141 0.754883 0.620117 0.755859 0.622070 0.753906 0.623047 0.753906 0.623047 0.752930 0.624023 0.751953 0.624023 0.750977 0.625977 0.749023 0.625977 0.748047 0.626953 0.747070
0 0.377930 0.443359 0.366211 0.455078 0.366211 0.456055 0.365234 0.457031 0.365234 0.458008 0.366211 0.458984 0.366211 0.459961 0.378906 0.472656 0.386719 0.472656 0.392578 0.466797 0.392578 0.465820 0.400391 0.458008 0.395508 0.453125 0.395508 0.452148 0.386719 0.443359
