0 0.768555 0.338867 0.767578 0.339844 0.767578 0.340820 0.766602 0.341797 0.766602 0.342773 0.764648 0.344727 0.764648 0.345703 0.763672 0.346680 0.763672 0.347656 0.761719 0.349609 0.761719 0.350586 0.760742 0.351562 0.760742 0.352539 0.758789 0.354492 0.758789 0.355469 0.757812 0.356445 0.757812 0.357422 0.755859 0.359375 0.755859 0.360352 0.754883 0.361328 0.754883 0.362305 0.752930 0.364258 0.753906 0.365234 0.753906 0.401367 0.754883 0.402344 0.754883 0.403320 0.756836 0.403320 0.757812 0.404297 0.765625 0.404297 0.766602 0.405273 0.774414 0.405273 0.775391 0.406250 0.782227 0.406250 0.782227 0.394531 0.784180 0.392578 0.787109 0.392578 0.789062 0.394531 0.789062 0.398438 0.790039 0.399414 0.790039 0.407227 0.791016 0.407227 0.791992 0.408203 0.800781 0.408203 0.801758 0.407227 0.801758 0.406250 0.804688 0.403320 0.804688 0.402344 0.807617 0.399414 0.807617 0.398438 0.810547 0.395508 0.810547 0.394531 0.813477 0.391602 0.813477 0.390625 0.816406 0.387695 0.816406 0.386719 0.818359 0.384766 0.818359 0.378906 0.817383 0.377930 0.817383 0.362305 0.816406 0.361328 0.816406 0.346680 0.815430 0.345703 0.815430 0.343750 0.809570 0.343750 0.808594 0.342773 0.800781 0.342773 0.799805 0.341797 0.792969 0.341797 0.791992 0.340820 0.784180 0.340820 0.783203 0.339844 0.775391 0.339844 0.774414 0.338867
1 0.784180 0.393555 0.783203 0.394531 0.783203 0.416016 0.784180 0.416992 0.784180 0.422852 0.786133 0.422852 0.787109 0.423828 0.788086 0.423828 0.789062 0.422852 0.789062 0.421875 0.790039 0.420898 0.789062 0.419922 0.789062 0.399414 0.788086 0.398438 0.788086 0.394531 0.787109 0.393555
0 0.366211 0.287109 0.354492 0.287109 0.354492 0.299805 0.353516 0.300781 0.350586 0.300781 0.348633 0.298828 0.348633 0.288086 0.332031 0.288086 0.331055 0.289062 0.329102 0.289062 0.329102 0.319336 0.330078 0.320312 0.330078 0.322266 0.331055 0.323242 0.331055 0.326172 0.332031 0.327148 0.332031 0.330078 0.333008 0.331055 0.333008 0.333984 0.333984 0.334961 0.333984 0.336914 0.334961 0.337891 0.334961 0.340820 0.335938 0.341797 0.346680 0.341797 0.347656 0.340820 0.359375 0.340820 0.360352 0.339844 0.372070 0.339844 0.372070 0.334961 0.373047 0.333984 0.373047 0.316406 0.374023 0.315430 0.374023 0.309570 0.373047 0.308594 0.373047 0.306641 0.372070 0.305664 0.372070 0.303711 0.371094 0.302734 0.371094 0.299805 0.370117 0.298828 0.370117 0.296875 0.369141 0.295898 0.369141 0.293945 0.368164 0.292969 0.368164 0.291016 0.367188 0.290039 0.367188 0.288086
1 0.353516 0.276367 0.352539 0.277344 0.350586 0.277344 0.350586 0.280273 0.349609 0.281250 0.349609 0.298828 0.350586 0.299805 0.353516 0.299805
0 0.260742 0.121094 0.260742 0.122070 0.258789 0.124023 0.258789 0.125000 0.256836 0.126953 0.256836 0.127930 0.254883 0.129883 0.254883 0.130859 0.252930 0.132812 0.252930 0.133789 0.250977 0.135742 0.250977 0.136719 0.249023 0.138672 0.249023 0.139648 0.247070 0.141602 0.247070 0.142578 0.245117 0.144531 0.245117 0.145508 0.243164 0.147461 0.243164 0.148438 0.242188 0.149414 0.242188 0.151367 0.245117 0.154297 0.246094 0.154297 0.258789 0.166992 0.259766 0.166992 0.267578 0.174805 0.269531 0.174805 0.270508 0.175781 0.276367 0.175781 0.277344 0.176758 0.284180 0.176758 0.284180 0.175781 0.286133 0.173828 0.286133 0.172852 0.288086 0.170898 0.288086 0.169922 0.290039 0.167969 0.290039 0.166992 0.292969 0.164062 0.292969 0.163086 0.294922 0.161133 0.294922 0.160156 0.296875 0.158203 0.296875 0.157227 0.298828 0.155273 0.298828 0.154297 0.301758 0.151367 0.301758 0.150391 0.302734 0.149414 0.293945 0.140625 0.292969 0.140625 0.287109 0.134766 0.286133 0.134766 0.286133 0.135742 0.285156 0.136719 0.283203 0.136719 0.280273 0.133789 0.280273 0.132812 0.282227 0.130859 0.282227 0.129883 0.279297 0.126953 0.278320 0.126953 0.276367 0.125000 0.274414 0.125000 0.273438 0.124023 0.270508 0.124023 0.269531 0.123047 0.266602 0.123047 0.265625 0.122070 0.262695 0.122070 0.261719 0.121094
1 0.295898 0.115234 0.294922 0.115234 0.293945 0.114258 0.292969 0.115234 0.292969 0.116211 0.291016 0.118164 0.291016 0.119141 0.289062 0.121094 0.289062 0.122070 0.287109 0.124023 0.287109 0.125000 0.285156 0.126953 0.285156 0.127930 0.283203 0.129883 0.283203 0.130859 0.281250 0.132812 0.281250 0.133789 0.283203 0.135742 0.285156 0.135742 0.285156 0.134766 0.287109 0.132812 0.287109 0.131836 0.289062 0.129883 0.289062 0.128906 0.291016 0.126953 0.291016 0.125977 0.292969 0.124023 0.292969 0.123047 0.294922 0.121094 0.294922 0.120117 0.296875 0.118164 0.296875 0.116211
0 0.514648 0.524414 0.503906 0.535156 0.503906 0.544922 0.504883 0.545898 0.504883 0.554688 0.505859 0.555664 0.505859 0.562500 0.520508 0.562500 0.521484 0.563477 0.532227 0.563477 0.534180 0.561523 0.535156 0.561523 0.541016 0.555664 0.541992 0.555664 0.543945 0.553711 0.543945 0.550781 0.542969 0.549805 0.542969 0.541992 0.541992 0.541016 0.541992 0.534180 0.541016 0.533203 0.541016 0.527344 0.540039 0.526367 0.528320 0.526367 0.527344 0.525391 0.515625 0.525391
1 0.519531 0.512695 0.518555 0.513672 0.518555 0.517578 0.519531 0.518555 0.519531 0.524414 0.522461 0.524414 0.522461 0.519531 0.521484 0.518555 0.521484 0.513672 0.520508 0.513672
1 0.676758 0.398438 0.675781 0.399414 0.676758 0.400391 0.676758 0.401367 0.677734 0.402344 0.677734 0.403320 0.679688 0.405273 0.679688 0.406250 0.681641 0.406250 0.681641 0.403320 0.679688 0.401367 0.679688 0.400391 0.678711 0.399414 0.678711 0.398438
1 0.671875 0.393555 0.674805 0.396484 0.674805 0.394531 0.675781 0.393555 0.674805 0.392578 0.672852 0.394531
0 0.570312 0.496094 0.570312 0.498047 0.571289 0.499023 0.571289 0.500000 0.573242 0.500000 0.573242 0.499023 0.574219 0.498047 0.573242 0.497070 0.571289 0.497070
0 0.696289 0.395508 0.695312 0.395508 0.694336 0.396484 0.693359 0.396484 0.692383 0.397461 0.691406 0.397461 0.689453 0.399414 0.688477 0.399414 0.687500 0.400391 0.686523 0.400391 0.685547 0.401367 0.684570 0.401367 0.683594 0.402344 0.682617 0.402344 0.682617 0.403320 0.683594 0.404297 0.683594 0.405273 0.684570 0.406250 0.684570 0.407227 0.685547 0.408203 0.685547 0.410156 0.684570 0.411133 0.683594 0.411133 0.682617 0.412109 0.681641 0.411133 0.681641 0.410156 0.680664 0.409180 0.680664 0.408203 0.678711 0.406250 0.678711 0.405273 0.677734 0.405273 0.676758 0.406250 0.675781 0.406250 0.673828 0.408203 0.672852 0.408203 0.671875 0.409180 0.670898 0.409180 0.669922 0.410156 0.668945 0.410156 0.666992 0.412109 0.666992 0.413086 0.667969 0.414062 0.667969 0.416016 0.668945 0.416992 0.668945 0.418945 0.669922 0.419922 0.669922 0.421875 0.670898 0.422852 0.670898 0.424805 0.671875 0.425781 0.671875 0.426758 0.673828 0.428711 0.673828 0.429688 0.675781 0.431641 0.675781 0.432617 0.676758 0.433594 0.676758 0.434570 0.678711 0.436523 0.678711 0.437500 0.680664 0.439453 0.680664 0.440430 0.681641 0.441406 0.681641 0.442383 0.683594 0.444336 0.683594 0.445312 0.685547 0.447266 0.685547 0.448242 0.686523 0.449219 0.686523 0.450195 0.687500 0.451172 0.688477 0.450195 0.689453 0.450195 0.690430 0.449219 0.691406 0.449219 0.692383 0.448242 0.693359 0.448242 0.695312 0.446289 0.696289 0.446289 0.697266 0.445312 0.698242 0.445312 0.699219 0.444336 0.700195 0.444336 0.701172 0.443359 0.702148 0.443359 0.703125 0.442383 0.704102 0.442383 0.706055 0.440430 0.707031 0.440430 0.708008 0.439453 0.708984 0.439453 0.709961 0.438477 0.710938 0.438477 0.711914 0.437500 0.712891 0.437500 0.713867 0.436523 0.714844 0.436523 0.716797 0.434570 0.717773 0.434570 0.716797 0.433594 0.716797 0.431641 0.715820 0.430664 0.715820 0.429688 0.714844 0.428711 0.714844 0.427734 0.713867 0.426758 0.713867 0.424805 0.712891 0.423828 0.712891 0.422852 0.711914 0.421875 0.711914 0.420898 0.710938 0.419922 0.710938 0.418945 0.708984 0.416992 0.708984 0.416016 0.708008 0.415039 0.708008 0.414062 0.706055 0.412109 0.706055 0.411133 0.705078 0.410156 0.705078 0.409180 0.703125 0.407227 0.703125 0.406250 0.702148 0.405273 0.702148 0.404297 0.700195 0.402344 0.700195 0.401367 0.699219 0.400391 0.699219 0.399414 0.697266 0.397461 0.697266 0.396484
1 0.562500 0.487305 0.563477 0.487305 0.565430 0.489258 0.567383 0.489258 0.568359 0.490234 0.569336 0.489258 0.569336 0.487305 0.566406 0.487305 0.567383 0.488281 0.566406 0.489258 0.565430 0.489258 0.564453 0.488281 0.564453 0.487305
1 0.556641 0.486328 0.557617 0.486328 0.558594 0.487305 0.557617 0.486328
1 0.554688 0.483398 0.555664 0.484375 0.554688 0.483398 0.553711 0.484375 0.553711 0.485352 0.554688 0.486328 0.553711 0.485352 0.553711 0.484375
1 0.682617 0.404297 0.682617 0.406250 0.681641 0.407227 0.680664 0.407227 0.681641 0.408203 0.681641 0.409180 0.682617 0.410156 0.682617 0.411133 0.683594 0.410156 0.684570 0.410156 0.684570 0.408203 0.682617 0.406250
1 0.676758 0.394531 0.675781 0.394531 0.675781 0.396484 0.674805 0.397461 0.673828 0.396484 0.674805 0.397461 0.674805 0.398438 0.675781 0.398438 0.676758 0.397461 0.677734 0.397461 0.677734 0.396484 0.676758 0.395508
1 0.673828 0.390625 0.671875 0.392578 0.673828 0.394531 0.672852 0.393555 0.674805 0.391602
0 0.575195 0.473633 0.573242 0.475586 0.573242 0.476562 0.570312 0.479492 0.570312 0.480469 0.568359 0.482422 0.568359 0.485352 0.567383 0.486328 0.569336 0.486328 0.570312 0.487305 0.570312 0.489258 0.568359 0.491211 0.567383 0.490234 0.566406 0.490234 0.566406 0.494141 0.565430 0.495117 0.565430 0.499023 0.564453 0.500000 0.564453 0.502930 0.563477 0.503906 0.563477 0.504883 0.565430 0.504883 0.566406 0.505859 0.568359 0.505859 0.569336 0.506836 0.571289 0.506836 0.572266 0.507812 0.575195 0.507812 0.576172 0.508789 0.578125 0.508789 0.579102 0.509766 0.581055 0.509766 0.582031 0.510742 0.584961 0.510742 0.585938 0.511719 0.587891 0.511719 0.588867 0.510742 0.588867 0.509766 0.594727 0.503906 0.594727 0.501953 0.595703 0.500977 0.595703 0.497070 0.596680 0.496094 0.596680 0.492188 0.597656 0.491211 0.597656 0.488281 0.598633 0.487305 0.598633 0.483398 0.599609 0.482422 0.599609 0.480469 0.598633 0.480469 0.597656 0.479492 0.594727 0.479492 0.593750 0.478516 0.591797 0.478516 0.590820 0.477539 0.588867 0.477539 0.587891 0.476562 0.585938 0.476562 0.584961 0.475586 0.582031 0.475586 0.581055 0.474609 0.579102 0.474609 0.578125 0.473633
1 0.552734 0.484375 0.552734 0.485352 0.552734 0.484375 0.553711 0.483398 0.554688 0.484375 0.554688 0.485352 0.555664 0.486328 0.556641 0.485352 0.557617 0.485352 0.559570 0.487305 0.560547 0.487305 0.561523 0.488281 0.563477 0.488281 0.564453 0.489258 0.565430 0.488281 0.566406 0.488281 0.565430 0.487305 0.566406 0.486328 0.561523 0.486328 0.559570 0.484375 0.557617 0.484375 0.556641 0.483398 0.555664 0.483398 0.554688 0.484375 0.553711 0.483398 0.553711 0.482422 0.553711 0.483398
0 0.400391 0.686523 0.400391 0.687500 0.399414 0.688477 0.399414 0.690430 0.398438 0.691406 0.398438 0.692383 0.397461 0.693359 0.397461 0.695312 0.396484 0.696289 0.396484 0.697266 0.395508 0.698242 0.395508 0.700195 0.394531 0.701172 0.394531 0.702148 0.393555 0.703125 0.393555 0.705078 0.392578 0.706055 0.392578 0.708008 0.391602 0.708984 0.391602 0.709961 0.390625 0.710938 0.390625 0.712891 0.389648 0.713867 0.389648 0.714844 0.388672 0.715820 0.388672 0.717773 0.387695 0.718750 0.387695 0.719727 0.386719 0.720703 0.386719 0.722656 0.385742 0.723633 0.385742 0.724609 0.384766 0.725586 0.384766 0.727539 0.383789 0.728516 0.383789 0.730469 0.382812 0.731445 0.382812 0.740234 0.383789 0.741211 0.384766 0.741211 0.385742 0.742188 0.387695 0.742188 0.388672 0.743164 0.390625 0.743164 0.391602 0.744141 0.392578 0.744141 0.393555 0.745117 0.395508 0.745117 0.396484 0.746094 0.398438 0.746094 0.399414 0.747070 0.401367 0.747070 0.402344 0.748047 0.403320 0.748047 0.404297 0.749023 0.406250 0.749023 0.407227 0.750000 0.409180 0.750000 0.410156 0.750977 0.411133 0.750977 0.412109 0.751953 0.414062 0.751953 0.415039 0.752930 0.416992 0.752930 0.417969 0.753906 0.419922 0.753906 0.420898 0.754883 0.421875 0.754883 0.422852 0.755859 0.424805 0.755859 0.425781 0.756836 0.427734 0.756836 0.428711 0.757812 0.430664 0.757812 0.430664 0.755859 0.431641 0.754883 0.431641 0.753906 0.432617 0.752930 0.432617 0.750977 0.433594 0.750000 0.433594 0.749023 0.434570 0.748047 0.434570 0.746094 0.435547 0.745117 0.435547 0.743164 0.436523 0.742188 0.436523 0.741211 0.437500 0.740234 0.437500 0.738281 0.438477 0.737305 0.438477 0.735352 0.439453 0.734375 0.439453 0.733398 0.440430 0.732422 0.440430 0.730469 0.441406 0.729492 0.441406 0.728516 0.442383 0.727539 0.442383 0.725586 0.443359 0.724609 0.443359 0.722656 0.444336 0.721680 0.444336 0.720703 0.445312 0.719727 0.445312 0.717773 0.446289 0.716797 0.446289 0.714844 0.447266 0.713867 0.447266 0.712891 0.448242 0.711914 0.448242 0.708984 0.447266 0.708008 0.447266 0.707031 0.445312 0.705078 0.445312 0.704102 0.444336 0.703125 0.443359 0.703125 0.442383 0.702148 0.440430 0.702148 0.439453 0.701172 0.437500 0.701172 0.436523 0.700195 0.435547 0.700195 0.434570 0.699219 0.432617 0.699219 0.431641 0.698242 0.429688 0.698242 0.428711 0.697266 0.427734 0.697266 0.426758 0.696289 0.424805 0.696289 0.423828 0.695312 0.421875 0.695312 0.420898 0.694336 0.419922 0.694336 0.418945 0.693359 0.416992 0.693359 0.416016 0.692383 0.414062 0.692383 0.413086 0.691406 0.412109 0.691406 0.411133 0.690430 0.409180 0.690430 0.408203 0.689453 0.406250 0.689453 0.405273 0.688477 0.404297 0.688477 0.403320 0.687500 0.401367 0.687500
1 0.406250 0.750000 0.404297 0.750000 0.403320 0.749023 0.401367 0.749023 0.402344 0.750000 0.400391 0.751953 0.400391 0.753906 0.399414 0.754883 0.399414 0.756836 0.398438 0.757812 0.398438 0.759766 0.396484 0.761719 0.396484 0.763672 0.395508 0.764648 0.395508 0.765625 0.394531 0.766602 0.394531 0.768555 0.393555 0.769531 0.393555 0.771484 0.392578 0.772461 0.392578 0.773438 0.391602 0.774414 0.391602 0.776367 0.392578 0.777344 0.393555 0.777344 0.394531 0.778320 0.395508 0.778320 0.395508 0.777344 0.396484 0.776367 0.396484 0.774414 0.397461 0.773438 0.397461 0.772461 0.398438 0.771484 0.398438 0.769531 0.399414 0.768555 0.399414 0.766602 0.400391 0.765625 0.400391 0.764648 0.401367 0.763672 0.401367 0.761719 0.402344 0.760742 0.402344 0.759766 0.403320 0.758789 0.403320 0.756836 0.404297 0.755859 0.404297 0.753906 0.405273 0.752930 0.405273 0.751953 0.406250 0.750977
