0 0.500000 0.357422 0.500000 0.358398 0.499023 0.359375 0.499023 0.362305 0.498047 0.363281 0.498047 0.367188 0.497070 0.368164 0.497070 0.369141 0.496094 0.370117 0.496094 0.373047 0.495117 0.374023 0.495117 0.377930 0.494141 0.378906 0.497070 0.378906 0.498047 0.379883 0.500000 0.379883 0.500977 0.380859 0.503906 0.380859 0.504883 0.381836 0.507812 0.381836 0.508789 0.382812 0.510742 0.382812 0.511719 0.383789 0.511719 0.380859 0.512695 0.379883 0.512695 0.377930 0.513672 0.376953 0.513672 0.374023 0.514648 0.373047 0.514648 0.371094 0.515625 0.370117 0.515625 0.367188 0.516602 0.366211 0.516602 0.362305 0.514648 0.362305 0.513672 0.361328 0.511719 0.361328 0.510742 0.360352 0.507812 0.360352 0.506836 0.359375 0.503906 0.359375 0.502930 0.358398 0.500977 0.358398
1 0.485352 0.364258 0.485352 0.365234 0.486328 0.366211 0.489258 0.366211 0.490234 0.367188 0.492188 0.367188 0.493164 0.368164 0.496094 0.368164 0.497070 0.367188 0.495117 0.367188 0.494141 0.366211 0.491211 0.366211 0.490234 0.365234 0.487305 0.365234 0.486328 0.364258
0 0.563477 0.405273 0.562500 0.406250 0.562500 0.407227 0.560547 0.409180 0.560547 0.410156 0.557617 0.413086 0.557617 0.414062 0.555664 0.416016 0.555664 0.416992 0.553711 0.418945 0.553711 0.419922 0.551758 0.421875 0.554688 0.424805 0.555664 0.424805 0.559570 0.428711 0.560547 0.428711 0.563477 0.431641 0.564453 0.431641 0.566406 0.433594 0.567383 0.433594 0.568359 0.434570 0.569336 0.434570 0.570312 0.435547 0.572266 0.435547 0.573242 0.436523 0.574219 0.436523 0.575195 0.435547 0.575195 0.434570 0.577148 0.432617 0.577148 0.431641 0.578125 0.430664 0.575195 0.427734 0.575195 0.426758 0.576172 0.425781 0.577148 0.425781 0.578125 0.426758 0.579102 0.426758 0.580078 0.427734 0.582031 0.425781 0.582031 0.424805 0.583984 0.422852 0.583984 0.421875 0.585938 0.419922 0.584961 0.419922 0.582031 0.416992 0.581055 0.416992 0.579102 0.415039 0.578125 0.415039 0.575195 0.412109 0.574219 0.412109 0.571289 0.409180 0.570312 0.409180 0.569336 0.408203 0.568359 0.408203 0.567383 0.407227 0.566406 0.407227 0.565430 0.406250 0.564453 0.406250
1 0.576172 0.426758 0.576172 0.427734 0.578125 0.429688 0.579102 0.429688 0.582031 0.432617 0.583008 0.432617 0.585938 0.435547 0.586914 0.434570 0.586914 0.433594 0.585938 0.433594 0.583008 0.430664 0.582031 0.430664 0.579102 0.427734 0.578125 0.427734 0.577148 0.426758
0 0.693359 0.442383 0.692383 0.443359 0.691406 0.443359 0.690430 0.444336 0.689453 0.444336 0.687500 0.446289 0.686523 0.446289 0.685547 0.447266 0.684570 0.447266 0.684570 0.452148 0.683594 0.453125 0.683594 0.464844 0.682617 0.465820 0.682617 0.467773 0.684570 0.467773 0.685547 0.468750 0.689453 0.468750 0.690430 0.469727 0.695312 0.469727 0.695312 0.467773 0.696289 0.466797 0.698242 0.466797 0.699219 0.467773 0.699219 0.470703 0.700195 0.470703 0.701172 0.471680 0.703125 0.471680 0.704102 0.470703 0.705078 0.470703 0.706055 0.469727 0.707031 0.469727 0.708008 0.468750 0.708984 0.468750 0.709961 0.467773 0.710938 0.467773 0.711914 0.466797 0.711914 0.461914 0.712891 0.460938 0.712891 0.447266 0.713867 0.446289 0.711914 0.446289 0.710938 0.445312 0.706055 0.445312 0.705078 0.444336 0.701172 0.444336 0.700195 0.443359 0.696289 0.443359 0.695312 0.442383
1 0.698242 0.467773 0.696289 0.467773 0.696289 0.473633 0.695312 0.474609 0.695312 0.481445 0.697266 0.481445 0.697266 0.475586 0.698242 0.474609
0 0.463867 0.541016 0.462891 0.541016 0.461914 0.541992 0.458008 0.541992 0.457031 0.542969 0.454102 0.542969 0.453125 0.543945 0.452148 0.543945 0.452148 0.544922 0.451172 0.545898 0.451172 0.546875 0.450195 0.547852 0.450195 0.548828 0.449219 0.549805 0.449219 0.550781 0.448242 0.551758 0.448242 0.552734 0.447266 0.553711 0.447266 0.554688 0.446289 0.555664 0.446289 0.556641 0.445312 0.557617 0.445312 0.558594 0.446289 0.558594 0.453125 0.565430 0.454102 0.565430 0.457031 0.568359 0.461914 0.568359 0.462891 0.567383 0.466797 0.567383 0.467773 0.566406 0.468750 0.566406 0.469727 0.565430 0.469727 0.564453 0.470703 0.563477 0.470703 0.562500 0.471680 0.561523 0.471680 0.560547 0.472656 0.559570 0.472656 0.558594 0.473633 0.557617 0.473633 0.556641 0.474609 0.555664 0.474609 0.554688 0.475586 0.553711 0.475586 0.551758 0.468750 0.544922 0.467773 0.544922
1 0.471680 0.563477 0.470703 0.564453 0.470703 0.565430 0.471680 0.566406 0.472656 0.566406 0.474609 0.568359 0.475586 0.568359 0.475586 0.567383
1 0.670898 0.522461 0.670898 0.523438 0.673828 0.523438 0.673828 0.522461
0 0.640625 0.510742 0.640625 0.533203 0.662109 0.533203 0.663086 0.534180 0.664062 0.534180 0.664062 0.531250 0.665039 0.530273 0.665039 0.524414 0.664062 0.523438 0.664062 0.522461 0.665039 0.521484 0.665039 0.511719 0.648438 0.511719 0.647461 0.510742
1 0.674805 0.522461 0.674805 0.523438 0.678711 0.523438 0.679688 0.524414 0.679688 0.522461
1 0.665039 0.522461 0.665039 0.523438 0.669922 0.523438 0.669922 0.522461
1 0.327148 0.518555 0.332031 0.518555 0.333008 0.517578 0.327148 0.517578
0 0.339844 0.508789 0.339844 0.530273 0.352539 0.530273 0.353516 0.531250 0.361328 0.531250 0.363281 0.529297 0.364258 0.529297 0.364258 0.518555 0.365234 0.517578 0.365234 0.507812 0.350586 0.507812 0.349609 0.506836 0.343750 0.506836 0.342773 0.507812 0.341797 0.507812 0.340820 0.508789
1 0.333008 0.518555 0.338867 0.518555 0.338867 0.517578 0.333984 0.517578
