0 0.380519 0.245455 0.380519 0.251948 0.379221 0.253247 0.379221 0.264935 0.377922 0.266234 0.377922 0.271429 0.387013 0.271429 0.388312 0.272727 0.398701 0.272727 0.400000 0.274026 0.403896 0.274026 0.403896 0.262338 0.405195 0.261039 0.405195 0.249351 0.406494 0.248052 0.397403 0.248052 0.396104 0.246753 0.385714 0.246753 0.384416 0.245455
1 0.362338 0.255844 0.362338 0.257143 0.366234 0.257143 0.367532 0.258442 0.377922 0.258442 0.377922 0.257143 0.368831 0.257143 0.367532 0.255844
0 0.485714 0.240260 0.485714 0.241558 0.484416 0.242857 0.484416 0.244156 0.483117 0.245455 0.483117 0.248052 0.481818 0.249351 0.481818 0.250649 0.480519 0.251948 0.480519 0.253247 0.479221 0.254545 0.479221 0.255844 0.477922 0.257143 0.477922 0.259740 0.476623 0.261039 0.476623 0.262338 0.475325 0.263636 0.475325 0.264935 0.474026 0.266234 0.480519 0.272727 0.481818 0.272727 0.485714 0.276623 0.487013 0.276623 0.488312 0.277922 0.490909 0.277922 0.492208 0.279221 0.494805 0.279221 0.496104 0.280519 0.498701 0.280519 0.500000 0.281818 0.502597 0.281818 0.503896 0.283117 0.506494 0.283117 0.507792 0.284416 0.510390 0.284416 0.510390 0.283117 0.511688 0.281818 0.511688 0.279221 0.512987 0.277922 0.512987 0.276623 0.514286 0.275325 0.514286 0.274026 0.515584 0.272727 0.515584 0.271429 0.516883 0.270130 0.514286 0.270130 0.512987 0.268831 0.510390 0.268831 0.509091 0.267532 0.509091 0.266234 0.511688 0.263636 0.512987 0.263636 0.514286 0.264935 0.516883 0.264935 0.518182 0.266234 0.518182 0.264935 0.519481 0.263636 0.519481 0.262338 0.520779 0.261039 0.520779 0.259740 0.522078 0.258442 0.510390 0.246753 0.507792 0.246753 0.506494 0.245455 0.503896 0.245455 0.502597 0.244156 0.500000 0.244156 0.498701 0.242857 0.494805 0.242857 0.493506 0.241558 0.490909 0.241558 0.489610 0.240260
1 0.510390 0.266234 0.510390 0.267532 0.512987 0.267532 0.514286 0.268831 0.516883 0.268831 0.518182 0.270130 0.520779 0.270130 0.522078 0.271429 0.524675 0.271429 0.525974 0.272727 0.527273 0.272727 0.528571 0.271429 0.528571 0.270130 0.525974 0.270130 0.524675 0.268831 0.522078 0.268831 0.520779 0.267532 0.518182 0.267532 0.516883 0.266234 0.514286 0.266234 0.512987 0.264935 0.511688 0.264935
0 0.681818 0.235065 0.681818 0.236364 0.679221 0.238961 0.679221 0.240260 0.676623 0.242857 0.676623 0.244156 0.675325 0.245455 0.675325 0.246753 0.672727 0.249351 0.672727 0.250649 0.670130 0.253247 0.670130 0.257143 0.671429 0.258442 0.671429 0.263636 0.672727 0.264935 0.672727 0.270130 0.674026 0.271429 0.674026 0.276623 0.675325 0.277922 0.675325 0.279221 0.683117 0.279221 0.684416 0.280519 0.694805 0.280519 0.694805 0.279221 0.693506 0.277922 0.693506 0.271429 0.694805 0.270130 0.697403 0.270130 0.698701 0.271429 0.698701 0.274026 0.700000 0.275325 0.700000 0.280519 0.701299 0.280519 0.702597 0.281818 0.703896 0.281818 0.703896 0.280519 0.706494 0.277922 0.706494 0.276623 0.709091 0.274026 0.709091 0.272727 0.712987 0.268831 0.712987 0.267532 0.715584 0.264935 0.715584 0.257143 0.714286 0.255844 0.714286 0.251948 0.712987 0.250649 0.712987 0.246753 0.711688 0.245455 0.711688 0.240260 0.710390 0.238961 0.710390 0.237662 0.700000 0.237662 0.698701 0.236364 0.684416 0.236364 0.683117 0.235065
1 0.694805 0.271429 0.694805 0.277922 0.696104 0.279221 0.696104 0.283117 0.697403 0.284416 0.697403 0.289610 0.700000 0.289610 0.701299 0.288312 0.701299 0.287013 0.700000 0.285714 0.700000 0.281818 0.698701 0.280519 0.698701 0.275325 0.697403 0.274026 0.697403 0.271429
0 0.377922 0.490909 0.376623 0.490909 0.375325 0.492208 0.374026 0.492208 0.370130 0.496104 0.368831 0.496104 0.364935 0.500000 0.363636 0.500000 0.359740 0.503896 0.359740 0.505195 0.358442 0.506494 0.358442 0.509091 0.357143 0.510390 0.357143 0.512987 0.355844 0.514286 0.355844 0.515584 0.354545 0.516883 0.354545 0.519481 0.353247 0.520779 0.353247 0.522078 0.357143 0.525974 0.358442 0.525974 0.362338 0.529870 0.363636 0.529870 0.367532 0.533766 0.368831 0.533766 0.371429 0.536364 0.372727 0.536364 0.374026 0.537662 0.375325 0.537662 0.377922 0.535065 0.379221 0.535065 0.383117 0.531169 0.384416 0.531169 0.387013 0.528571 0.388312 0.528571 0.390909 0.525974 0.390909 0.524675 0.392208 0.523377 0.392208 0.520779 0.393506 0.519481 0.393506 0.516883 0.394805 0.515584 0.394805 0.514286 0.396104 0.512987 0.396104 0.510390 0.397403 0.509091 0.397403 0.506494 0.394805 0.503896 0.393506 0.503896 0.388312 0.498701 0.387013 0.498701 0.383117 0.494805 0.381818 0.494805
0 0.664935 0.323377 0.661039 0.323377 0.659740 0.324675 0.655844 0.324675 0.654545 0.325974 0.649351 0.325974 0.648052 0.327273 0.644156 0.327273 0.642857 0.328571 0.638961 0.328571 0.637662 0.329870 0.633766 0.329870 0.633766 0.335065 0.635065 0.336364 0.635065 0.341558 0.636364 0.342857 0.636364 0.346753 0.637662 0.348052 0.637662 0.353247 0.638961 0.354545 0.638961 0.358442 0.640260 0.359740 0.640260 0.363636 0.641558 0.364935 0.641558 0.370130 0.646753 0.370130 0.648052 0.368831 0.653247 0.368831 0.654545 0.367532 0.658442 0.367532 0.659740 0.366234 0.663636 0.366234 0.664935 0.364935 0.670130 0.364935 0.671429 0.363636 0.674026 0.363636 0.674026 0.359740 0.672727 0.358442 0.672727 0.351948 0.671429 0.350649 0.671429 0.346753 0.670130 0.345455 0.670130 0.340260 0.668831 0.338961 0.668831 0.335065 0.667532 0.333766 0.667532 0.329870 0.666234 0.328571 0.666234 0.324675
1 0.180519 0.438961 0.179221 0.437662 0.175325 0.437662 0.172727 0.440260 0.171429 0.440260 0.170130 0.441558 0.174026 0.441558 0.175325 0.440260 0.179221 0.440260
1 0.692208 0.340260 0.689610 0.340260 0.688312 0.338961 0.687013 0.338961 0.685714 0.337662 0.684416 0.338961 0.679221 0.338961 0.677922 0.340260 0.674026 0.340260 0.672727 0.341558 0.671429 0.341558 0.671429 0.344156 0.675325 0.344156 0.676623 0.342857 0.680519 0.342857 0.681818 0.341558 0.685714 0.341558 0.685714 0.340260 0.687013 0.338961 0.688312 0.340260
0 0.218182 0.415584 0.207792 0.415584 0.206494 0.416883 0.197403 0.416883 0.196104 0.418182 0.187013 0.418182 0.185714 0.419481 0.184416 0.419481 0.184416 0.423377 0.185714 0.424675 0.185714 0.436364 0.187013 0.437662 0.187013 0.449351 0.188312 0.450649 0.188312 0.451948 0.192208 0.455844 0.200000 0.455844 0.201299 0.454545 0.210390 0.454545 0.211688 0.453247 0.220779 0.453247 0.222078 0.451948 0.225974 0.451948 0.225974 0.449351 0.224675 0.448052 0.224675 0.436364 0.223377 0.435065 0.223377 0.424675 0.222078 0.423377 0.222078 0.419481
1 0.166234 0.441558 0.168831 0.441558 0.171429 0.438961 0.172727 0.438961 0.166234 0.438961
1 0.180519 0.437662 0.181818 0.438961 0.180519 0.440260 0.184416 0.440260 0.185714 0.438961 0.185714 0.437662
