0 0.679688 0.605469 0.678711 0.605469 0.677734 0.606445 0.673828 0.606445 0.672852 0.607422 0.668945 0.607422 0.667969 0.608398 0.663086 0.608398 0.662109 0.609375 0.661133 0.609375 0.661133 0.616211 0.660156 0.617188 0.660156 0.625000 0.659180 0.625977 0.659180 0.626953 0.669922 0.637695 0.670898 0.637695 0.671875 0.636719 0.676758 0.636719 0.677734 0.635742 0.682617 0.635742 0.683594 0.634766 0.687500 0.634766 0.688477 0.633789 0.688477 0.629883 0.689453 0.628906 0.689453 0.618164 0.690430 0.617188 0.690430 0.616211
1 0.675781 0.600586 0.675781 0.605469 0.677734 0.605469 0.677734 0.600586
0 0.583008 0.590820 0.582031 0.591797 0.581055 0.591797 0.578125 0.594727 0.577148 0.594727 0.575195 0.596680 0.574219 0.596680 0.571289 0.599609 0.570312 0.599609 0.569336 0.600586 0.569336 0.605469 0.570312 0.606445 0.570312 0.612305 0.571289 0.613281 0.571289 0.618164 0.572266 0.617188 0.573242 0.617188 0.576172 0.614258 0.577148 0.614258 0.579102 0.612305 0.580078 0.612305 0.582031 0.614258 0.582031 0.615234 0.578125 0.619141 0.577148 0.619141 0.575195 0.621094 0.574219 0.621094 0.572266 0.623047 0.575195 0.623047 0.576172 0.624023 0.579102 0.624023 0.580078 0.625000 0.583008 0.625000 0.583984 0.625977 0.586914 0.625977 0.587891 0.626953 0.590820 0.626953 0.591797 0.627930 0.592773 0.626953 0.593750 0.626953 0.597656 0.623047 0.598633 0.623047 0.601562 0.620117 0.602539 0.620117 0.605469 0.617188 0.606445 0.617188 0.606445 0.615234 0.605469 0.614258 0.605469 0.607422 0.604492 0.606445 0.604492 0.600586 0.603516 0.599609 0.603516 0.594727 0.600586 0.594727 0.599609 0.593750 0.595703 0.593750 0.594727 0.592773 0.591797 0.592773 0.590820 0.591797 0.586914 0.591797 0.585938 0.590820
1 0.581055 0.614258 0.580078 0.613281 0.579102 0.613281 0.577148 0.615234 0.576172 0.615234 0.573242 0.618164 0.572266 0.618164 0.569336 0.621094 0.569336 0.622070 0.570312 0.622070 0.571289 0.623047 0.574219 0.620117 0.575195 0.620117 0.577148 0.618164 0.578125 0.618164 0.581055 0.615234
0 0.526367 0.696289 0.526367 0.704102 0.525391 0.705078 0.525391 0.717773 0.524414 0.718750 0.524414 0.728516 0.525391 0.729492 0.525391 0.733398 0.531250 0.733398 0.532227 0.734375 0.546875 0.734375 0.547852 0.735352 0.553711 0.735352 0.553711 0.730469 0.554688 0.729492 0.554688 0.709961 0.555664 0.708984 0.555664 0.697266 0.541992 0.697266 0.541016 0.696289
1 0.505859 0.711914 0.505859 0.714844 0.510742 0.714844 0.511719 0.715820 0.524414 0.715820 0.524414 0.712891 0.511719 0.712891 0.510742 0.711914
0 0.455078 0.587891 0.454102 0.588867 0.454102 0.589844 0.453125 0.590820 0.453125 0.591797 0.452148 0.592773 0.452148 0.593750 0.451172 0.594727 0.451172 0.595703 0.449219 0.597656 0.449219 0.598633 0.448242 0.599609 0.448242 0.600586 0.447266 0.601562 0.447266 0.602539 0.446289 0.603516 0.446289 0.604492 0.445312 0.605469 0.445312 0.606445 0.446289 0.606445 0.447266 0.607422 0.448242 0.607422 0.449219 0.608398 0.450195 0.608398 0.451172 0.609375 0.452148 0.609375 0.454102 0.611328 0.455078 0.611328 0.456055 0.612305 0.457031 0.612305 0.458008 0.613281 0.458984 0.613281 0.459961 0.614258 0.460938 0.614258 0.461914 0.615234 0.462891 0.615234 0.462891 0.614258 0.463867 0.613281 0.463867 0.612305 0.464844 0.611328 0.464844 0.610352 0.466797 0.608398 0.466797 0.607422 0.467773 0.606445 0.467773 0.605469 0.468750 0.604492 0.468750 0.603516 0.469727 0.602539 0.469727 0.601562 0.470703 0.600586 0.470703 0.599609 0.472656 0.597656 0.471680 0.596680 0.470703 0.596680 0.469727 0.595703 0.468750 0.595703 0.466797 0.593750 0.465820 0.593750 0.464844 0.592773 0.463867 0.592773 0.462891 0.591797 0.461914 0.591797 0.460938 0.590820 0.459961 0.590820 0.458984 0.589844 0.458008 0.589844 0.456055 0.587891
1 0.453125 0.611328 0.452148 0.612305 0.452148 0.613281 0.451172 0.614258 0.451172 0.615234 0.450195 0.616211 0.450195 0.617188 0.448242 0.619141 0.448242 0.620117 0.447266 0.621094 0.447266 0.622070 0.448242 0.623047 0.448242 0.622070 0.449219 0.621094 0.449219 0.620117 0.450195 0.619141 0.450195 0.618164 0.452148 0.616211 0.452148 0.615234 0.453125 0.614258 0.453125 0.613281 0.454102 0.612305
0 0.460938 0.638672 0.458008 0.638672 0.457031 0.639648 0.450195 0.639648 0.449219 0.640625 0.442383 0.640625 0.441406 0.641602 0.434570 0.641602 0.434570 0.643555 0.433594 0.644531 0.433594 0.648438 0.432617 0.649414 0.432617 0.653320 0.431641 0.654297 0.431641 0.658203 0.430664 0.659180 0.430664 0.661133 0.431641 0.662109 0.431641 0.664062 0.432617 0.665039 0.432617 0.666992 0.433594 0.667969 0.433594 0.669922 0.434570 0.670898 0.434570 0.672852 0.435547 0.673828 0.435547 0.675781 0.436523 0.676758 0.436523 0.678711 0.437500 0.679688 0.437500 0.681641 0.439453 0.681641 0.440430 0.680664 0.443359 0.680664 0.443359 0.678711 0.444336 0.677734 0.444336 0.672852 0.445312 0.671875 0.445312 0.668945 0.446289 0.667969 0.448242 0.667969 0.450195 0.669922 0.450195 0.670898 0.449219 0.671875 0.449219 0.676758 0.448242 0.677734 0.448242 0.679688 0.456055 0.679688 0.457031 0.678711 0.463867 0.678711 0.464844 0.677734 0.464844 0.672852 0.465820 0.671875 0.465820 0.665039 0.466797 0.664062 0.466797 0.658203 0.465820 0.657227 0.465820 0.654297 0.464844 0.653320 0.464844 0.651367 0.463867 0.650391 0.463867 0.647461 0.462891 0.646484 0.462891 0.644531 0.461914 0.643555 0.461914 0.640625 0.460938 0.639648
1 0.448242 0.668945 0.446289 0.668945 0.446289 0.671875 0.445312 0.672852 0.445312 0.677734 0.444336 0.678711 0.444336 0.682617 0.445312 0.683594 0.447266 0.681641 0.447266 0.677734 0.448242 0.676758 0.448242 0.671875 0.449219 0.670898 0.448242 0.669922
0 0.470703 0.422852 0.467773 0.422852 0.466797 0.423828 0.463867 0.423828 0.462891 0.424805 0.460938 0.424805 0.459961 0.425781 0.457031 0.425781 0.456055 0.426758 0.453125 0.426758 0.452148 0.427734 0.452148 0.430664 0.451172 0.431641 0.451172 0.442383 0.452148 0.443359 0.452148 0.444336 0.454102 0.446289 0.454102 0.447266 0.455078 0.448242 0.455078 0.449219 0.456055 0.450195 0.456055 0.451172 0.457031 0.452148 0.457031 0.453125 0.458008 0.454102 0.458008 0.455078 0.459961 0.455078 0.460938 0.454102 0.463867 0.454102 0.464844 0.453125 0.467773 0.453125 0.468750 0.452148 0.471680 0.452148 0.472656 0.451172 0.475586 0.451172 0.476562 0.450195 0.477539 0.450195 0.477539 0.439453 0.478516 0.438477 0.478516 0.437500 0.477539 0.436523 0.477539 0.435547 0.476562 0.434570 0.476562 0.433594 0.475586 0.432617 0.475586 0.431641 0.474609 0.430664 0.474609 0.429688 0.473633 0.428711 0.473633 0.427734 0.472656 0.426758 0.472656 0.425781 0.471680 0.424805 0.471680 0.423828
