0 0.339844 0.554688 0.335938 0.558594 0.334961 0.558594 0.329102 0.564453 0.329102 0.565430 0.326172 0.568359 0.326172 0.569336 0.323242 0.572266 0.323242 0.573242 0.321289 0.575195 0.321289 0.576172 0.322266 0.577148 0.323242 0.577148 0.328125 0.582031 0.329102 0.581055 0.329102 0.580078 0.332031 0.577148 0.333008 0.577148 0.333984 0.578125 0.333984 0.579102 0.333008 0.580078 0.333008 0.581055 0.331055 0.583008 0.331055 0.583984 0.333984 0.586914 0.334961 0.586914 0.335938 0.587891 0.337891 0.585938 0.338867 0.585938 0.343750 0.581055 0.344727 0.581055 0.345703 0.580078 0.345703 0.579102 0.347656 0.577148 0.347656 0.576172 0.350586 0.573242 0.350586 0.572266 0.352539 0.570312 0.352539 0.569336 0.354492 0.567383 0.352539 0.565430 0.351562 0.565430 0.345703 0.559570 0.344727 0.559570
1 0.333008 0.578125 0.332031 0.578125 0.330078 0.580078 0.330078 0.581055 0.328125 0.583008 0.328125 0.583984 0.325195 0.586914 0.326172 0.587891 0.329102 0.584961 0.329102 0.583984 0.332031 0.581055 0.332031 0.580078 0.333008 0.579102
0 0.437500 0.451172 0.436523 0.452148 0.435547 0.452148 0.431641 0.456055 0.430664 0.456055 0.427734 0.458984 0.426758 0.458984 0.422852 0.462891 0.421875 0.462891 0.421875 0.470703 0.427734 0.476562 0.427734 0.477539 0.433594 0.483398 0.433594 0.484375 0.434570 0.484375 0.435547 0.483398 0.436523 0.483398 0.440430 0.479492 0.441406 0.479492 0.445312 0.475586 0.446289 0.475586 0.449219 0.472656 0.450195 0.472656 0.450195 0.465820 0.446289 0.461914 0.446289 0.460938 0.439453 0.454102 0.439453 0.453125
1 0.455078 0.454102 0.454102 0.453125 0.453125 0.453125 0.450195 0.456055 0.449219 0.456055 0.446289 0.458984 0.446289 0.459961 0.447266 0.459961 0.448242 0.458984 0.449219 0.458984 0.452148 0.456055 0.453125 0.456055
0 0.493164 0.354492 0.492188 0.355469 0.492188 0.356445 0.490234 0.358398 0.490234 0.359375 0.489258 0.360352 0.489258 0.361328 0.488281 0.362305 0.488281 0.367188 0.487305 0.368164 0.487305 0.378906 0.486328 0.379883 0.487305 0.379883 0.488281 0.380859 0.492188 0.380859 0.493164 0.381836 0.497070 0.381836 0.498047 0.382812 0.501953 0.382812 0.502930 0.383789 0.504883 0.383789 0.505859 0.382812 0.505859 0.381836 0.506836 0.380859 0.506836 0.379883 0.507812 0.378906 0.507812 0.377930 0.508789 0.376953 0.508789 0.375977 0.509766 0.375000 0.509766 0.373047 0.508789 0.373047 0.507812 0.372070 0.507812 0.371094 0.509766 0.369141 0.509766 0.368164 0.510742 0.367188 0.510742 0.359375 0.511719 0.358398 0.509766 0.358398 0.508789 0.357422 0.504883 0.357422 0.503906 0.356445 0.500000 0.356445 0.499023 0.355469 0.494141 0.355469
1 0.508789 0.371094 0.508789 0.372070 0.511719 0.372070 0.512695 0.373047 0.516602 0.373047 0.517578 0.374023 0.521484 0.374023 0.521484 0.373047 0.520508 0.372070 0.516602 0.372070 0.515625 0.371094 0.511719 0.371094 0.510742 0.370117 0.509766 0.370117
0 0.519531 0.636719 0.519531 0.641602 0.521484 0.641602 0.522461 0.642578 0.524414 0.642578 0.525391 0.643555 0.527344 0.643555 0.528320 0.644531 0.530273 0.644531 0.532227 0.646484 0.532227 0.649414 0.531250 0.650391 0.531250 0.654297 0.530273 0.655273 0.530273 0.660156 0.532227 0.660156 0.533203 0.661133 0.536133 0.661133 0.537109 0.660156 0.538086 0.660156 0.539062 0.659180 0.541016 0.659180 0.541992 0.658203 0.542969 0.658203 0.543945 0.657227 0.545898 0.657227 0.545898 0.649414 0.546875 0.648438 0.546875 0.639648 0.547852 0.638672 0.547852 0.637695 0.545898 0.637695 0.544922 0.636719 0.542969 0.636719 0.541992 0.635742 0.539062 0.635742 0.538086 0.634766 0.536133 0.634766 0.535156 0.633789 0.532227 0.633789 0.531250 0.632812 0.530273 0.632812 0.529297 0.633789 0.527344 0.633789 0.526367 0.634766 0.524414 0.634766 0.523438 0.635742 0.521484 0.635742 0.520508 0.636719
0 0.547852 0.393555 0.546875 0.394531 0.546875 0.395508 0.547852 0.396484 0.545898 0.398438 0.547852 0.396484
0 0.550781 0.384766 0.550781 0.386719 0.549805 0.387695 0.549805 0.388672 0.548828 0.389648 0.548828 0.391602 0.547852 0.392578 0.548828 0.393555 0.548828 0.396484 0.547852 0.397461 0.546875 0.396484 0.547852 0.397461 0.545898 0.399414 0.545898 0.401367 0.544922 0.402344 0.544922 0.404297 0.545898 0.405273 0.543945 0.407227 0.543945 0.410156 0.542969 0.411133 0.542969 0.412109 0.545898 0.412109 0.546875 0.413086 0.548828 0.413086 0.549805 0.414062 0.552734 0.414062 0.553711 0.415039 0.556641 0.415039 0.557617 0.416016 0.559570 0.416016 0.560547 0.416992 0.562500 0.416992 0.562500 0.416016 0.563477 0.415039 0.563477 0.414062 0.564453 0.413086 0.564453 0.412109 0.565430 0.411133 0.565430 0.409180 0.566406 0.408203 0.566406 0.407227 0.567383 0.406250 0.567383 0.402344 0.568359 0.401367 0.568359 0.398438 0.569336 0.397461 0.569336 0.393555 0.570312 0.392578 0.570312 0.389648 0.567383 0.389648 0.566406 0.388672 0.563477 0.388672 0.562500 0.387695 0.560547 0.387695 0.559570 0.386719 0.556641 0.386719 0.555664 0.385742 0.553711 0.385742 0.552734 0.384766
1 0.510742 0.676758 0.509766 0.676758 0.508789 0.677734 0.508789 0.680664 0.507812 0.681641 0.507812 0.683594 0.508789 0.682617 0.509766 0.683594 0.509766 0.680664 0.510742 0.679688
1 0.510742 0.668945 0.511719 0.669922 0.509766 0.671875 0.509766 0.672852 0.510742 0.673828 0.509766 0.674805 0.510742 0.674805 0.510742 0.673828 0.511719 0.672852 0.511719 0.670898 0.512695 0.669922 0.511719 0.669922
1 0.561523 0.380859 0.560547 0.380859 0.560547 0.382812 0.559570 0.383789 0.559570 0.385742 0.560547 0.386719 0.560547 0.384766 0.561523 0.383789
0 0.507812 0.638672 0.506836 0.639648 0.506836 0.640625 0.503906 0.643555 0.503906 0.644531 0.500977 0.647461 0.500977 0.648438 0.500000 0.649414 0.500000 0.651367 0.499023 0.652344 0.499023 0.656250 0.498047 0.657227 0.498047 0.661133 0.497070 0.662109 0.497070 0.665039 0.496094 0.666016 0.496094 0.669922 0.495117 0.670898 0.497070 0.670898 0.498047 0.671875 0.500000 0.671875 0.500977 0.672852 0.502930 0.672852 0.503906 0.673828 0.505859 0.673828 0.506836 0.674805 0.507812 0.674805 0.507812 0.673828 0.508789 0.672852 0.508789 0.669922 0.510742 0.667969 0.511719 0.668945 0.512695 0.668945 0.513672 0.669922 0.512695 0.670898 0.512695 0.674805 0.511719 0.675781 0.511719 0.676758 0.513672 0.676758 0.514648 0.677734 0.516602 0.677734 0.517578 0.678711 0.518555 0.678711 0.521484 0.675781 0.521484 0.674805 0.525391 0.670898 0.525391 0.669922 0.527344 0.667969 0.527344 0.666016 0.528320 0.665039 0.528320 0.660156 0.529297 0.659180 0.529297 0.655273 0.530273 0.654297 0.530273 0.650391 0.531250 0.649414 0.531250 0.646484 0.530273 0.645508 0.528320 0.645508 0.527344 0.644531 0.525391 0.644531 0.524414 0.643555 0.522461 0.643555 0.521484 0.642578 0.519531 0.642578 0.518555 0.641602 0.517578 0.641602 0.516602 0.640625 0.514648 0.640625 0.513672 0.639648 0.511719 0.639648 0.510742 0.638672
1 0.506836 0.683594 0.506836 0.684570 0.507812 0.684570 0.508789 0.685547 0.509766 0.684570 0.508789 0.683594 0.507812 0.684570
1 0.508789 0.676758 0.509766 0.675781 0.510742 0.675781 0.511719 0.674805 0.511719 0.673828 0.511719 0.674805 0.510742 0.675781 0.509766 0.675781 0.508789 0.674805 0.509766 0.673828 0.508789 0.673828
1 0.510742 0.669922 0.509766 0.669922 0.509766 0.670898
