0 0.399306 0.770833 0.399306 0.771991 0.394676 0.776620 0.394676 0.777778 0.391204 0.781250 0.391204 0.782407 0.386574 0.787037 0.386574 0.788194 0.381944 0.792824 0.381944 0.793981 0.377315 0.798611 0.377315 0.799769 0.373843 0.803241 0.373843 0.804398 0.375000 0.804398 0.385417 0.814815 0.386574 0.814815 0.398148 0.826389 0.399306 0.826389 0.405093 0.832176 0.406250 0.831019 0.408565 0.831019 0.409722 0.829861 0.410880 0.829861 0.414352 0.826389 0.414352 0.825231 0.417824 0.821759 0.417824 0.820602 0.422454 0.815972 0.422454 0.814815 0.427083 0.810185 0.427083 0.809028 0.430556 0.805556 0.430556 0.804398 0.435185 0.799769 0.435185 0.798611 0.436343 0.797454 0.431713 0.792824 0.430556 0.792824 0.422454 0.784722 0.421296 0.784722 0.412037 0.775463 0.410880 0.775463 0.406250 0.770833
1 0.371528 0.767361 0.369213 0.769676 0.369213 0.770833 0.372685 0.774306 0.373843 0.774306 0.383102 0.783565 0.384259 0.783565 0.386574 0.785880 0.388889 0.783565 0.379630 0.774306 0.378472 0.774306
0 0.758102 0.039352 0.756944 0.039352 0.755787 0.040509 0.754630 0.040509 0.753472 0.041667 0.752315 0.041667 0.751157 0.042824 0.750000 0.042824 0.748843 0.043981 0.747685 0.043981 0.746528 0.045139 0.745370 0.045139 0.744213 0.046296 0.743056 0.046296 0.741898 0.047454 0.740741 0.047454 0.739583 0.048611 0.738426 0.048611 0.737269 0.049769 0.736111 0.049769 0.736111 0.050926 0.730324 0.056713 0.730324 0.057870 0.724537 0.063657 0.724537 0.064815 0.718750 0.070602 0.718750 0.071759 0.712963 0.077546 0.712963 0.078704 0.707176 0.084491 0.707176 0.085648 0.702546 0.090278 0.702546 0.091435 0.717593 0.106481 0.718750 0.106481 0.721065 0.108796 0.722222 0.108796 0.723380 0.107639 0.723380 0.106481 0.726852 0.103009 0.728009 0.103009 0.729167 0.101852 0.733796 0.106481 0.726852 0.113426 0.726852 0.114583 0.737269 0.125000 0.741898 0.125000 0.743056 0.123843 0.745370 0.123843 0.746528 0.122685 0.748843 0.122685 0.750000 0.121528 0.752315 0.121528 0.753472 0.120370 0.755787 0.120370 0.756944 0.119213 0.759259 0.119213 0.760417 0.118056 0.760417 0.116898 0.767361 0.109954 0.767361 0.108796 0.773148 0.103009 0.773148 0.101852 0.780093 0.094907 0.780093 0.093750 0.785880 0.087963 0.785880 0.086806 0.792824 0.079861 0.792824 0.078704 0.795139 0.076389
1 0.729167 0.103009 0.728009 0.104167 0.726852 0.104167 0.724537 0.106481 0.724537 0.107639 0.718750 0.113426 0.718750 0.114583 0.712963 0.120370 0.712963 0.121528 0.707176 0.127315 0.707176 0.128472 0.704861 0.130787 0.704861 0.131944 0.707176 0.134259 0.708333 0.134259 0.714120 0.128472 0.714120 0.127315 0.719907 0.121528 0.719907 0.120370 0.725694 0.114583 0.725694 0.113426 0.732639 0.106481
0 0.388889 0.032407 0.386574 0.034722 0.385417 0.034722 0.383102 0.037037 0.381944 0.037037 0.379630 0.039352 0.378472 0.039352 0.376157 0.041667 0.375000 0.041667 0.372685 0.043981 0.371528 0.043981 0.369213 0.046296 0.370370 0.047454 0.370370 0.048611 0.372685 0.050926 0.372685 0.053241 0.369213 0.056713 0.365741 0.053241 0.365741 0.052083 0.363426 0.049769 0.362269 0.050926 0.361111 0.050926 0.361111 0.052083 0.359954 0.053241 0.359954 0.055556 0.358796 0.056713 0.358796 0.059028 0.357639 0.060185 0.357639 0.062500 0.356481 0.063657 0.356481 0.065972 0.355324 0.067130 0.355324 0.070602 0.354167 0.071759 0.354167 0.074074 0.353009 0.075231 0.358796 0.081019 0.358796 0.082176 0.370370 0.093750 0.370370 0.094907 0.378472 0.103009 0.379630 0.103009 0.380787 0.101852 0.381944 0.101852 0.384259 0.099537 0.385417 0.099537 0.386574 0.098380 0.387731 0.098380 0.390046 0.096065 0.391204 0.096065 0.393519 0.093750 0.394676 0.093750 0.395833 0.092593 0.396991 0.092593 0.399306 0.090278 0.400463 0.090278 0.402778 0.087963 0.403935 0.087963 0.405093 0.086806 0.406250 0.086806 0.407407 0.085648 0.407407 0.084491 0.408565 0.083333 0.408565 0.079861 0.409722 0.078704 0.409722 0.076389 0.410880 0.075231 0.410880 0.071759 0.412037 0.070602 0.412037 0.067130 0.413194 0.065972 0.413194 0.063657 0.414352 0.062500 0.414352 0.061343 0.408565 0.055556 0.408565 0.054398 0.401620 0.047454 0.401620 0.046296 0.395833 0.040509 0.395833 0.039352
1 0.354167 0.032407 0.351852 0.034722 0.351852 0.035880 0.358796 0.042824 0.358796 0.043981 0.366898 0.052083 0.366898 0.053241 0.369213 0.055556 0.371528 0.053241 0.371528 0.050926 0.369213 0.048611 0.369213 0.047454 0.361111 0.039352 0.361111 0.038194 0.355324 0.032407
0 0.756944 0.390046 0.728009 0.418981 0.728009 0.420139 0.730324 0.422454 0.730324 0.423611 0.734954 0.428241 0.734954 0.429398 0.740741 0.435185 0.740741 0.436343 0.746528 0.442130 0.746528 0.443287 0.750000 0.446759 0.751157 0.446759 0.752315 0.447917 0.753472 0.447917 0.754630 0.449074 0.755787 0.449074 0.756944 0.450231 0.758102 0.450231 0.759259 0.451389 0.760417 0.451389 0.761574 0.452546 0.762731 0.452546 0.763889 0.453704 0.766204 0.453704 0.767361 0.454861 0.768519 0.454861 0.769676 0.456019 0.770833 0.456019 0.771991 0.457176 0.800926 0.428241 0.800926 0.427083 0.793981 0.420139 0.793981 0.418981 0.784722 0.409722 0.784722 0.408565 0.777778 0.401620 0.776620 0.401620 0.775463 0.400463 0.774306 0.400463 0.771991 0.398148 0.770833 0.398148 0.769676 0.396991 0.768519 0.396991 0.767361 0.395833 0.766204 0.395833 0.765046 0.394676 0.763889 0.394676 0.762731 0.393519 0.761574 0.393519 0.760417 0.392361 0.759259 0.392361
1 0.452546 0.465278 0.452546 0.466435 0.453704 0.467593 0.454861 0.466435 0.453704 0.465278
1 0.738426 0.392361 0.736111 0.394676 0.741898 0.400463 0.741898 0.401620 0.743056 0.402778 0.745370 0.400463 0.745370 0.398148 0.739583 0.392361
0 0.440972 0.457176 0.439815 0.457176 0.437500 0.459491 0.436343 0.459491 0.418981 0.476852 0.417824 0.476852 0.409722 0.484954 0.416667 0.491898 0.416667 0.493056 0.431713 0.508102 0.434028 0.508102 0.436343 0.505787 0.437500 0.505787 0.439815 0.503472 0.440972 0.503472 0.458333 0.486111 0.458333 0.484954 0.462963 0.480324 0.449074 0.466435 0.449074 0.465278
1 0.451389 0.466435 0.451389 0.467593 0.452546 0.468750 0.452546 0.467593
1 0.461806 0.456019 0.453704 0.464120 0.454861 0.465278 0.456019 0.465278 0.462963 0.458333 0.462963 0.457176
1 0.910880 0.265046 0.909722 0.263889 0.909722 0.265046 0.908565 0.266204 0.907407 0.265046 0.906250 0.266204 0.905093 0.265046 0.905093 0.266204 0.906250 0.266204 0.907407 0.267361 0.908565 0.266204 0.909722 0.266204
1 0.894676 0.246528 0.893519 0.245370 0.892361 0.246528 0.891204 0.246528 0.888889 0.248843 0.890046 0.250000 0.888889 0.248843 0.890046 0.247685 0.892361 0.247685 0.892361 0.246528 0.893519 0.245370
0 0.871528 0.184028 0.850694 0.204861 0.849537 0.204861 0.827546 0.226852 0.827546 0.229167 0.834491 0.236111 0.834491 0.237269 0.842593 0.245370 0.842593 0.246528 0.850694 0.254630 0.850694 0.255787 0.851852 0.255787 0.857639 0.261574 0.858796 0.261574 0.864583 0.267361 0.865741 0.267361 0.872685 0.274306 0.873843 0.274306 0.879630 0.280093 0.880787 0.280093 0.885417 0.284722 0.894676 0.275463 0.895833 0.275463 0.903935 0.267361 0.903935 0.266204 0.890046 0.252315 0.890046 0.251157 0.887731 0.248843 0.891204 0.245370 0.892361 0.245370 0.893519 0.244213 0.910880 0.261574 0.916667 0.255787 0.917824 0.255787 0.927083 0.246528 0.928241 0.246528 0.932870 0.241898 0.932870 0.240741 0.901620 0.209491 0.900463 0.209491 0.887731 0.196759 0.886574 0.196759 0.875000 0.185185 0.873843 0.185185 0.872685 0.184028
1 0.890046 0.248843 0.891204 0.250000 0.891204 0.252315 0.903935 0.265046 0.905093 0.263889 0.906250 0.265046 0.907407 0.263889 0.908565 0.265046 0.908565 0.263889 0.909722 0.262731 0.912037 0.265046 0.909722 0.267361 0.908565 0.267361 0.907407 0.268519 0.906250 0.267361 0.910880 0.271991 0.914352 0.268519 0.914352 0.267361 0.910880 0.263889 0.910880 0.262731 0.895833 0.247685 0.894676 0.247685 0.893519 0.246528 0.893519 0.247685 0.892361 0.248843
