0 0.566406 0.543945 0.566406 0.544922 0.565430 0.545898 0.565430 0.546875 0.564453 0.547852 0.564453 0.548828 0.562500 0.550781 0.562500 0.551758 0.561523 0.552734 0.561523 0.553711 0.560547 0.554688 0.560547 0.555664 0.559570 0.556641 0.559570 0.558594 0.558594 0.559570 0.558594 0.566406 0.557617 0.567383 0.558594 0.567383 0.559570 0.568359 0.560547 0.568359 0.561523 0.569336 0.562500 0.569336 0.563477 0.570312 0.565430 0.570312 0.566406 0.571289 0.567383 0.571289 0.568359 0.572266 0.568359 0.565430 0.570312 0.563477 0.571289 0.563477 0.572266 0.564453 0.572266 0.568359 0.571289 0.569336 0.571289 0.572266 0.570312 0.573242 0.572266 0.573242 0.573242 0.574219 0.575195 0.574219 0.576172 0.573242 0.576172 0.572266 0.577148 0.571289 0.577148 0.570312 0.579102 0.568359 0.579102 0.567383 0.580078 0.566406 0.580078 0.565430 0.581055 0.564453 0.581055 0.563477 0.583008 0.561523 0.583008 0.553711 0.583984 0.552734 0.583984 0.550781 0.583008 0.550781 0.582031 0.549805 0.581055 0.549805 0.580078 0.548828 0.579102 0.548828 0.578125 0.547852 0.576172 0.547852 0.575195 0.546875 0.574219 0.546875 0.573242 0.545898 0.572266 0.545898 0.571289 0.544922 0.569336 0.544922 0.568359 0.543945
1 0.571289 0.564453 0.570312 0.564453 0.569336 0.565430 0.569336 0.572266 0.570312 0.572266 0.570312 0.569336 0.571289 0.568359
0 0.333984 0.285156 0.331055 0.288086 0.331055 0.289062 0.328125 0.291992 0.328125 0.292969 0.325195 0.295898 0.325195 0.296875 0.323242 0.298828 0.323242 0.299805 0.320312 0.302734 0.320312 0.304688 0.325195 0.309570 0.326172 0.309570 0.328125 0.311523 0.329102 0.311523 0.332031 0.314453 0.333008 0.314453 0.335938 0.317383 0.336914 0.317383 0.339844 0.320312 0.340820 0.320312 0.341797 0.319336 0.341797 0.318359 0.343750 0.316406 0.343750 0.315430 0.346680 0.312500 0.345703 0.311523 0.345703 0.310547 0.347656 0.308594 0.348633 0.309570 0.349609 0.308594 0.349609 0.307617 0.352539 0.304688 0.352539 0.303711 0.353516 0.302734 0.353516 0.301758 0.352539 0.300781 0.352539 0.299805 0.349609 0.296875 0.348633 0.296875 0.345703 0.293945 0.344727 0.293945 0.341797 0.291016 0.340820 0.291016 0.337891 0.288086 0.336914 0.288086
1 0.346680 0.310547 0.346680 0.311523 0.347656 0.312500 0.348633 0.312500 0.351562 0.315430 0.352539 0.315430 0.355469 0.318359 0.356445 0.318359 0.358398 0.320312 0.359375 0.319336 0.359375 0.318359 0.358398 0.318359 0.355469 0.315430 0.354492 0.315430 0.351562 0.312500 0.350586 0.312500 0.347656 0.309570
0 0.279297 0.480469 0.277344 0.480469 0.276367 0.481445 0.271484 0.481445 0.270508 0.482422 0.265625 0.482422 0.264648 0.483398 0.259766 0.483398 0.258789 0.484375 0.252930 0.484375 0.252930 0.486328 0.251953 0.487305 0.251953 0.496094 0.252930 0.497070 0.252930 0.500977 0.253906 0.501953 0.253906 0.505859 0.254883 0.506836 0.254883 0.510742 0.255859 0.511719 0.255859 0.515625 0.256836 0.516602 0.256836 0.517578 0.257812 0.516602 0.262695 0.516602 0.263672 0.515625 0.268555 0.515625 0.269531 0.514648 0.274414 0.514648 0.275391 0.513672 0.279297 0.513672 0.280273 0.512695 0.283203 0.512695 0.283203 0.510742 0.284180 0.509766 0.284180 0.507812 0.285156 0.506836 0.285156 0.503906 0.284180 0.502930 0.284180 0.499023 0.283203 0.498047 0.283203 0.495117 0.282227 0.494141 0.282227 0.490234 0.281250 0.489258 0.281250 0.485352 0.280273 0.484375 0.280273 0.481445
1 0.268555 0.489258 0.268555 0.493164 0.267578 0.494141 0.268555 0.495117 0.268555 0.496094 0.270508 0.496094 0.270508 0.493164 0.271484 0.492188 0.271484 0.489258
0 0.371094 0.413086 0.369141 0.413086 0.367188 0.415039 0.366211 0.415039 0.365234 0.416016 0.364258 0.416016 0.362305 0.417969 0.361328 0.417969 0.358398 0.420898 0.357422 0.420898 0.355469 0.422852 0.354492 0.422852 0.351562 0.425781 0.350586 0.425781 0.349609 0.426758 0.349609 0.427734 0.350586 0.428711 0.350586 0.429688 0.353516 0.432617 0.353516 0.433594 0.355469 0.433594 0.357422 0.431641 0.358398 0.431641 0.359375 0.432617 0.359375 0.433594 0.356445 0.436523 0.355469 0.436523 0.358398 0.439453 0.358398 0.440430 0.360352 0.442383 0.361328 0.442383 0.363281 0.440430 0.364258 0.440430 0.365234 0.439453 0.366211 0.439453 0.367188 0.438477 0.368164 0.438477 0.370117 0.436523 0.371094 0.436523 0.374023 0.433594 0.375000 0.433594 0.377930 0.430664 0.378906 0.430664 0.381836 0.427734 0.378906 0.424805 0.378906 0.423828 0.376953 0.421875 0.376953 0.420898 0.375000 0.418945 0.375000 0.417969 0.372070 0.415039 0.372070 0.414062
1 0.385742 0.610352 0.387695 0.612305 0.388672 0.612305 0.388672 0.611328 0.387695 0.610352
1 0.358398 0.432617 0.357422 0.432617 0.355469 0.434570 0.354492 0.434570 0.352539 0.436523 0.351562 0.436523 0.348633 0.439453 0.349609 0.440430 0.352539 0.437500 0.353516 0.437500 0.355469 0.435547 0.356445 0.435547 0.358398 0.433594
0 0.395508 0.599609 0.395508 0.600586 0.392578 0.603516 0.392578 0.604492 0.391602 0.605469 0.391602 0.607422 0.390625 0.608398 0.390625 0.612305 0.389648 0.613281 0.389648 0.616211 0.388672 0.617188 0.388672 0.621094 0.387695 0.622070 0.387695 0.625000 0.390625 0.625000 0.391602 0.625977 0.394531 0.625977 0.395508 0.626953 0.398438 0.626953 0.399414 0.627930 0.402344 0.627930 0.403320 0.628906 0.406250 0.628906 0.407227 0.629883 0.407227 0.628906 0.409180 0.626953 0.409180 0.625977 0.410156 0.625000 0.410156 0.624023 0.411133 0.623047 0.411133 0.620117 0.412109 0.619141 0.412109 0.616211 0.413086 0.615234 0.413086 0.611328 0.414062 0.610352 0.414062 0.607422 0.415039 0.606445 0.415039 0.604492 0.413086 0.604492 0.412109 0.603516 0.409180 0.603516 0.408203 0.602539 0.405273 0.602539 0.404297 0.601562 0.401367 0.601562 0.400391 0.600586 0.397461 0.600586 0.396484 0.599609
0 0.383789 0.278320 0.381836 0.280273 0.382812 0.279297 0.383789 0.280273
1 0.388672 0.610352 0.389648 0.611328 0.389648 0.612305 0.389648 0.610352
1 0.377930 0.608398 0.377930 0.609375 0.378906 0.609375 0.379883 0.610352 0.382812 0.610352 0.383789 0.611328 0.385742 0.611328 0.384766 0.610352 0.385742 0.609375 0.386719 0.609375 0.383789 0.609375 0.382812 0.608398 0.379883 0.608398 0.378906 0.607422
0 0.404297 0.265625 0.403320 0.265625 0.402344 0.266602 0.401367 0.266602 0.400391 0.267578 0.399414 0.267578 0.397461 0.269531 0.396484 0.269531 0.395508 0.270508 0.394531 0.270508 0.393555 0.271484 0.392578 0.271484 0.391602 0.272461 0.390625 0.272461 0.389648 0.273438 0.388672 0.273438 0.384766 0.277344 0.384766 0.280273 0.383789 0.281250 0.382812 0.280273 0.381836 0.281250 0.382812 0.282227 0.382812 0.283203 0.383789 0.284180 0.383789 0.285156 0.385742 0.287109 0.385742 0.288086 0.386719 0.289062 0.386719 0.290039 0.388672 0.291992 0.388672 0.292969 0.389648 0.293945 0.389648 0.294922 0.391602 0.296875 0.391602 0.297852 0.392578 0.298828 0.393555 0.298828 0.395508 0.296875 0.396484 0.296875 0.397461 0.295898 0.398438 0.295898 0.399414 0.294922 0.400391 0.294922 0.401367 0.293945 0.402344 0.293945 0.403320 0.292969 0.404297 0.292969 0.406250 0.291016 0.407227 0.291016 0.408203 0.290039 0.409180 0.290039 0.415039 0.284180 0.415039 0.283203 0.414062 0.282227 0.414062 0.281250 0.413086 0.280273 0.413086 0.279297 0.411133 0.277344 0.411133 0.276367 0.410156 0.275391 0.410156 0.274414 0.408203 0.272461 0.408203 0.271484 0.407227 0.270508 0.407227 0.269531 0.405273 0.267578 0.405273 0.266602
1 0.417969 0.270508 0.416992 0.271484 0.416016 0.271484 0.414062 0.273438 0.413086 0.273438 0.412109 0.274414 0.411133 0.274414 0.411133 0.275391 0.413086 0.275391 0.414062 0.274414 0.415039 0.274414 0.416016 0.273438 0.416992 0.273438 0.417969 0.272461 0.418945 0.272461 0.417969 0.271484
