0 0.351765 0.664706 0.351765 0.669412 0.350588 0.670588 0.350588 0.678824 0.349412 0.680000 0.349412 0.685882 0.352941 0.689412 0.354118 0.689412 0.356471 0.691765 0.357647 0.691765 0.358824 0.692941 0.380000 0.692941 0.380000 0.684706 0.381176 0.683529 0.381176 0.675294 0.382353 0.674118 0.382353 0.670588 0.381176 0.669412 0.380000 0.669412 0.375294 0.664706 0.374118 0.664706 0.372941 0.663529 0.357647 0.663529 0.356471 0.664706
1 0.370588 0.652941 0.368235 0.652941 0.368235 0.655294 0.367059 0.656471 0.367059 0.662353 0.369412 0.662353 0.369412 0.654118
0 0.698824 0.470588 0.694118 0.470588 0.692941 0.471765 0.682353 0.471765 0.681176 0.472941 0.675294 0.472941 0.674118 0.474118 0.669412 0.474118 0.668235 0.475294 0.662353 0.475294 0.661176 0.476471 0.657647 0.476471 0.657647 0.483529 0.658824 0.484706 0.658824 0.490588 0.660000 0.491765 0.660000 0.498824 0.661176 0.500000 0.661176 0.505882 0.662353 0.507059 0.669412 0.507059 0.670588 0.505882 0.677647 0.505882 0.678824 0.504706 0.685882 0.504706 0.687059 0.503529 0.692941 0.503529 0.694118 0.502353 0.700000 0.502353 0.701176 0.501176 0.703529 0.501176 0.702353 0.500000 0.702353 0.494118 0.701176 0.492941 0.701176 0.485882 0.700000 0.484706 0.700000 0.478824 0.698824 0.477647
1 0.658824 0.491765 0.655294 0.491765 0.654118 0.492941 0.648235 0.492941 0.647059 0.494118 0.645882 0.494118 0.645882 0.496471 0.647059 0.495294 0.652941 0.495294 0.654118 0.494118 0.658824 0.494118
0 0.676471 0.332941 0.675294 0.332941 0.674118 0.331765 0.665882 0.331765 0.664706 0.330588 0.663529 0.330588 0.662353 0.331765 0.661176 0.331765 0.660000 0.332941 0.661176 0.334118 0.661176 0.335294 0.660000 0.336471 0.657647 0.336471 0.656471 0.335294 0.656471 0.334118 0.655294 0.334118 0.654118 0.335294 0.652941 0.335294 0.651765 0.336471 0.650588 0.336471 0.649412 0.337647 0.647059 0.337647 0.645882 0.338824 0.644706 0.338824 0.643529 0.340000 0.642353 0.340000 0.642353 0.341176 0.643529 0.342353 0.643529 0.344706 0.644706 0.345882 0.644706 0.348235 0.645882 0.349412 0.645882 0.352941 0.647059 0.354118 0.647059 0.356471 0.648235 0.357647 0.648235 0.361176 0.649412 0.362353 0.649412 0.363529 0.654118 0.363529 0.655294 0.364706 0.663529 0.364706 0.664706 0.363529 0.665882 0.363529 0.667059 0.362353 0.668235 0.362353 0.669412 0.361176 0.670588 0.361176 0.671765 0.360000 0.674118 0.360000 0.675294 0.358824 0.676471 0.358824 0.677647 0.357647 0.678824 0.357647 0.680000 0.356471 0.682353 0.356471 0.682353 0.354118 0.681176 0.352941 0.681176 0.350588 0.680000 0.349412 0.680000 0.345882 0.678824 0.344706 0.678824 0.342353 0.677647 0.341176 0.677647 0.337647 0.676471 0.336471
1 0.652941 0.320000 0.654118 0.321176 0.654118 0.324706 0.655294 0.325882 0.655294 0.329412 0.656471 0.330588 0.656471 0.332941 0.657647 0.334118 0.657647 0.335294 0.660000 0.335294 0.660000 0.334118 0.658824 0.332941 0.658824 0.329412 0.657647 0.328235 0.657647 0.325882 0.656471 0.324706 0.656471 0.321176 0.655294 0.320000
0 0.656471 0.660000 0.654118 0.660000 0.652941 0.661176 0.644706 0.661176 0.643529 0.662353 0.637647 0.662353 0.635294 0.664706 0.635294 0.665882 0.632941 0.668235 0.632941 0.669412 0.629412 0.672941 0.629412 0.674118 0.627059 0.676471 0.627059 0.677647 0.624706 0.680000 0.624706 0.681176 0.627059 0.683529 0.627059 0.684706 0.630588 0.688235 0.630588 0.689412 0.634118 0.692941 0.634118 0.694118 0.637647 0.697647 0.637647 0.698824 0.638824 0.700000 0.650588 0.700000 0.651765 0.698824 0.658824 0.698824 0.660000 0.697647 0.660000 0.696471 0.662353 0.694118 0.662353 0.692941 0.664706 0.690588 0.664706 0.689412 0.667059 0.687059 0.667059 0.685882 0.669412 0.683529 0.669412 0.682353 0.670588 0.681176 0.670588 0.678824 0.668235 0.676471 0.668235 0.675294 0.664706 0.671765 0.664706 0.670588 0.662353 0.668235 0.662353 0.667059 0.658824 0.663529 0.658824 0.662353
1 0.663529 0.658824 0.661176 0.658824 0.660000 0.660000 0.660000 0.663529 0.661176 0.664706 0.661176 0.663529 0.663529 0.661176
1 0.574118 0.578824 0.575294 0.578824 0.576471 0.580000 0.577647 0.578824 0.578824 0.580000 0.577647 0.578824
0 0.542353 0.567059 0.542353 0.575294 0.541176 0.576471 0.541176 0.588235 0.542353 0.588235 0.543529 0.589412 0.560000 0.589412 0.561176 0.590588 0.564706 0.590588 0.564706 0.580000 0.563529 0.578824 0.565882 0.576471 0.565882 0.569412 0.563529 0.567059
1 0.597647 0.607059 0.595294 0.609412 0.595294 0.610588 0.596471 0.611765 0.595294 0.610588 0.596471 0.609412 0.596471 0.608235
1 0.602353 0.605882 0.601176 0.605882 0.600000 0.607059 0.601176 0.607059 0.602353 0.608235 0.601176 0.609412 0.603529 0.607059
1 0.609412 0.601176 0.608235 0.602353 0.609412 0.603529 0.608235 0.602353
1 0.564706 0.578824 0.565882 0.580000 0.575294 0.580000 0.574118 0.580000 0.572941 0.578824 0.571765 0.580000 0.569412 0.580000 0.567059 0.577647 0.565882 0.578824
0 0.635294 0.570588 0.628235 0.570588 0.627059 0.571765 0.620000 0.571765 0.618824 0.572941 0.612941 0.572941 0.610588 0.575294 0.609412 0.575294 0.607059 0.577647 0.605882 0.577647 0.602353 0.581176 0.601176 0.581176 0.598824 0.583529 0.597647 0.583529 0.595294 0.585882 0.594118 0.585882 0.591765 0.588235 0.591765 0.589412 0.592941 0.590588 0.592941 0.591765 0.594118 0.592941 0.594118 0.594118 0.595294 0.595294 0.595294 0.596471 0.596471 0.597647 0.596471 0.598824 0.597647 0.600000 0.597647 0.601176 0.598824 0.602353 0.598824 0.603529 0.600000 0.604706 0.602353 0.602353 0.603529 0.602353 0.605882 0.600000 0.607059 0.600000 0.608235 0.598824 0.610588 0.601176 0.610588 0.603529 0.609412 0.604706 0.608235 0.604706 0.604706 0.608235 0.603529 0.608235 0.602353 0.609412 0.602353 0.611765 0.603529 0.612941 0.603529 0.614118 0.604706 0.615294 0.604706 0.616471 0.615294 0.616471 0.616471 0.615294 0.627059 0.615294 0.630588 0.611765 0.631765 0.611765 0.635294 0.608235 0.636471 0.608235 0.640000 0.604706 0.641176 0.604706 0.643529 0.602353 0.644706 0.602353 0.648235 0.598824 0.647059 0.597647 0.647059 0.596471 0.645882 0.595294 0.645882 0.594118 0.644706 0.592941 0.644706 0.590588 0.643529 0.589412 0.643529 0.588235 0.642353 0.587059 0.642353 0.585882 0.641176 0.584706 0.641176 0.583529 0.640000 0.582353 0.640000 0.581176 0.638824 0.580000 0.638824 0.578824 0.637647 0.577647 0.637647 0.575294 0.636471 0.574118 0.636471 0.572941 0.635294 0.571765
1 0.608235 0.600000 0.607059 0.601176 0.605882 0.601176 0.603529 0.603529 0.602353 0.603529 0.597647 0.608235 0.597647 0.609412 0.595294 0.611765 0.594118 0.610588 0.594118 0.609412 0.592941 0.610588 0.592941 0.611765 0.594118 0.612941 0.596471 0.612941 0.601176 0.608235 0.600000 0.608235 0.598824 0.607059 0.601176 0.604706 0.602353 0.604706 0.604706 0.607059 0.609412 0.602353 0.608235 0.601176
