0 0.619141 0.359375 0.619141 0.360352 0.618164 0.361328 0.618164 0.362305 0.617188 0.363281 0.617188 0.364258 0.616211 0.365234 0.616211 0.366211 0.614258 0.368164 0.614258 0.369141 0.613281 0.370117 0.613281 0.371094 0.614258 0.372070 0.616211 0.372070 0.617188 0.373047 0.618164 0.373047 0.620117 0.375000 0.620117 0.376953 0.619141 0.377930 0.618164 0.377930 0.617188 0.376953 0.616211 0.376953 0.615234 0.375977 0.613281 0.375977 0.612305 0.375000 0.611328 0.375000 0.609375 0.376953 0.609375 0.377930 0.608398 0.378906 0.608398 0.379883 0.607422 0.380859 0.607422 0.381836 0.609375 0.383789 0.610352 0.383789 0.619141 0.392578 0.621094 0.392578 0.622070 0.393555 0.624023 0.393555 0.625000 0.394531 0.625977 0.394531 0.626953 0.395508 0.628906 0.395508 0.629883 0.396484 0.631836 0.396484 0.632812 0.397461 0.634766 0.397461 0.635742 0.398438 0.636719 0.398438 0.637695 0.399414 0.637695 0.398438 0.638672 0.397461 0.638672 0.396484 0.640625 0.394531 0.640625 0.393555 0.641602 0.392578 0.641602 0.391602 0.642578 0.390625 0.642578 0.389648 0.644531 0.387695 0.644531 0.386719 0.645508 0.385742 0.645508 0.384766 0.647461 0.382812 0.647461 0.381836 0.648438 0.380859 0.648438 0.379883 0.649414 0.378906 0.649414 0.376953 0.643555 0.371094 0.642578 0.371094 0.638672 0.367188 0.637695 0.367188 0.636719 0.366211 0.635742 0.366211 0.634766 0.365234 0.632812 0.365234 0.631836 0.364258 0.630859 0.364258 0.629883 0.363281 0.627930 0.363281 0.626953 0.362305 0.625977 0.362305 0.625000 0.361328 0.623047 0.361328 0.622070 0.360352 0.621094 0.360352 0.620117 0.359375
1 0.605469 0.370117 0.605469 0.371094 0.606445 0.372070 0.607422 0.372070 0.608398 0.373047 0.609375 0.373047 0.610352 0.374023 0.612305 0.374023 0.613281 0.375000 0.615234 0.375000 0.616211 0.375977 0.617188 0.375977 0.618164 0.376953 0.619141 0.376953 0.619141 0.375000 0.618164 0.374023 0.617188 0.374023 0.616211 0.373047 0.614258 0.373047 0.613281 0.372070 0.612305 0.372070 0.611328 0.371094 0.609375 0.371094 0.608398 0.370117
0 0.625977 0.499023 0.625977 0.503906 0.625000 0.504883 0.625000 0.514648 0.624023 0.515625 0.624023 0.520508 0.628906 0.520508 0.629883 0.521484 0.633789 0.521484 0.634766 0.522461 0.645508 0.522461 0.646484 0.523438 0.655273 0.523438 0.655273 0.517578 0.656250 0.516602 0.656250 0.514648 0.651367 0.514648 0.650391 0.513672 0.648438 0.513672 0.647461 0.512695 0.647461 0.511719 0.648438 0.510742 0.653320 0.510742 0.654297 0.511719 0.656250 0.511719 0.656250 0.507812 0.657227 0.506836 0.657227 0.501953 0.656250 0.500977 0.650391 0.500977 0.649414 0.500000 0.643555 0.500000 0.642578 0.499023
1 0.648438 0.511719 0.648438 0.512695 0.650391 0.512695 0.651367 0.513672 0.656250 0.513672 0.657227 0.514648 0.660156 0.514648 0.661133 0.513672 0.660156 0.512695 0.654297 0.512695 0.653320 0.511719
0 0.291016 0.457031 0.289062 0.457031 0.288086 0.458008 0.284180 0.458008 0.283203 0.458984 0.280273 0.458984 0.279297 0.459961 0.275391 0.459961 0.274414 0.460938 0.270508 0.460938 0.270508 0.465820 0.271484 0.466797 0.271484 0.473633 0.272461 0.474609 0.272461 0.479492 0.273438 0.480469 0.273438 0.481445 0.274414 0.482422 0.274414 0.483398 0.276367 0.485352 0.276367 0.486328 0.277344 0.487305 0.277344 0.488281 0.278320 0.489258 0.279297 0.489258 0.280273 0.488281 0.284180 0.488281 0.285156 0.487305 0.284180 0.486328 0.284180 0.482422 0.285156 0.481445 0.286133 0.481445 0.288086 0.483398 0.288086 0.487305 0.289062 0.486328 0.292969 0.486328 0.293945 0.485352 0.296875 0.485352 0.297852 0.484375 0.298828 0.484375 0.298828 0.482422 0.297852 0.481445 0.297852 0.475586 0.296875 0.474609 0.296875 0.468750 0.295898 0.467773 0.295898 0.465820 0.294922 0.464844 0.294922 0.463867 0.293945 0.462891 0.293945 0.461914 0.292969 0.460938 0.292969 0.459961 0.291992 0.458984 0.291992 0.458008
1 0.285156 0.482422 0.285156 0.486328 0.286133 0.487305 0.286133 0.494141 0.287109 0.495117 0.288086 0.495117 0.288086 0.490234 0.287109 0.489258 0.287109 0.483398 0.286133 0.482422
0 0.279297 0.521484 0.277344 0.523438 0.276367 0.523438 0.274414 0.525391 0.273438 0.525391 0.271484 0.527344 0.270508 0.527344 0.268555 0.529297 0.267578 0.529297 0.266602 0.530273 0.266602 0.533203 0.267578 0.534180 0.267578 0.536133 0.268555 0.537109 0.268555 0.539062 0.269531 0.540039 0.269531 0.541992 0.270508 0.542969 0.270508 0.544922 0.271484 0.545898 0.271484 0.547852 0.278320 0.547852 0.279297 0.548828 0.286133 0.548828 0.288086 0.546875 0.289062 0.546875 0.291016 0.544922 0.291992 0.544922 0.292969 0.543945 0.293945 0.543945 0.295898 0.541992 0.296875 0.541992 0.298828 0.540039 0.298828 0.539062 0.297852 0.538086 0.297852 0.536133 0.296875 0.535156 0.296875 0.533203 0.295898 0.532227 0.295898 0.530273 0.294922 0.529297 0.294922 0.527344 0.293945 0.526367 0.293945 0.523438 0.292969 0.523438 0.291992 0.522461 0.282227 0.522461 0.281250 0.521484
1 0.269531 0.542969 0.268555 0.543945 0.267578 0.543945 0.266602 0.544922 0.266602 0.545898 0.268555 0.545898 0.269531 0.544922
0 0.545898 0.477539 0.543945 0.477539 0.542969 0.478516 0.540039 0.478516 0.541992 0.480469 0.542969 0.480469
0 0.528320 0.454102 0.521484 0.460938 0.520508 0.460938 0.513672 0.467773 0.513672 0.468750 0.526367 0.481445 0.527344 0.481445 0.528320 0.482422 0.528320 0.483398 0.528320 0.482422 0.529297 0.481445 0.529297 0.479492 0.531250 0.477539 0.534180 0.477539 0.535156 0.478516 0.537109 0.476562 0.538086 0.476562 0.539062 0.475586 0.540039 0.475586 0.541016 0.474609 0.544922 0.474609 0.545898 0.473633 0.545898 0.472656 0.543945 0.470703 0.543945 0.469727 0.542969 0.468750 0.542969 0.467773 0.541016 0.465820 0.541016 0.464844 0.540039 0.464844 0.534180 0.458984 0.533203 0.458984
1 0.536133 0.478516 0.537109 0.478516 0.544922 0.486328 0.545898 0.486328 0.546875 0.485352 0.543945 0.482422 0.542969 0.482422 0.539062 0.478516 0.540039 0.477539 0.541016 0.477539 0.541016 0.476562 0.541992 0.475586 0.541016 0.475586 0.540039 0.476562 0.539062 0.476562 0.538086 0.477539 0.537109 0.477539
0 0.543945 0.480469 0.542969 0.481445 0.543945 0.481445
0 0.511719 0.473633 0.512695 0.474609 0.512695 0.477539 0.513672 0.478516 0.513672 0.480469 0.514648 0.481445 0.514648 0.484375 0.515625 0.485352 0.515625 0.487305 0.516602 0.488281 0.516602 0.491211 0.517578 0.492188 0.517578 0.493164 0.519531 0.493164 0.520508 0.492188 0.525391 0.492188 0.526367 0.491211 0.530273 0.491211 0.531250 0.490234 0.535156 0.490234 0.536133 0.489258 0.537109 0.489258 0.538086 0.488281 0.539062 0.488281 0.540039 0.487305 0.541016 0.487305 0.541992 0.486328 0.542969 0.486328 0.542969 0.485352 0.540039 0.482422 0.539062 0.482422 0.536133 0.479492 0.535156 0.479492 0.534180 0.478516 0.531250 0.478516 0.530273 0.479492 0.530273 0.481445 0.529297 0.482422 0.529297 0.483398 0.528320 0.484375 0.516602 0.472656 0.513672 0.472656 0.512695 0.473633
0 0.530273 0.469727 0.528320 0.469727 0.527344 0.470703 0.524414 0.470703 0.525391 0.471680 0.528320 0.471680 0.529297 0.472656 0.529297 0.470703
1 0.549805 0.475586 0.548828 0.474609 0.545898 0.474609 0.544922 0.475586 0.542969 0.475586 0.541992 0.476562 0.541992 0.477539 0.542969 0.477539 0.543945 0.476562 0.547852 0.476562 0.548828 0.475586
