0 0.612305 0.298828 0.612305 0.299805 0.611328 0.300781 0.611328 0.301758 0.609375 0.303711 0.609375 0.304688 0.608398 0.305664 0.608398 0.306641 0.606445 0.308594 0.606445 0.309570 0.605469 0.310547 0.605469 0.312500 0.606445 0.312500 0.607422 0.313477 0.608398 0.313477 0.611328 0.316406 0.609375 0.318359 0.607422 0.318359 0.606445 0.317383 0.605469 0.317383 0.604492 0.316406 0.603516 0.316406 0.602539 0.315430 0.602539 0.316406 0.601562 0.317383 0.601562 0.318359 0.599609 0.320312 0.599609 0.321289 0.598633 0.322266 0.598633 0.323242 0.600586 0.325195 0.600586 0.326172 0.603516 0.329102 0.603516 0.330078 0.606445 0.333008 0.606445 0.333984 0.607422 0.334961 0.609375 0.334961 0.610352 0.335938 0.611328 0.335938 0.612305 0.336914 0.613281 0.336914 0.614258 0.337891 0.616211 0.337891 0.617188 0.338867 0.618164 0.338867 0.619141 0.339844 0.620117 0.339844 0.621094 0.340820 0.623047 0.340820 0.624023 0.341797 0.625000 0.341797 0.625977 0.342773 0.626953 0.342773 0.627930 0.343750 0.628906 0.343750 0.629883 0.342773 0.629883 0.341797 0.631836 0.339844 0.631836 0.338867 0.633789 0.336914 0.633789 0.335938 0.634766 0.334961 0.634766 0.333984 0.636719 0.332031 0.636719 0.331055 0.637695 0.330078 0.637695 0.329102 0.639648 0.327148 0.639648 0.326172 0.641602 0.324219 0.641602 0.323242 0.642578 0.322266 0.642578 0.321289 0.643555 0.320312 0.640625 0.317383 0.640625 0.316406 0.635742 0.311523 0.635742 0.310547 0.633789 0.308594 0.631836 0.308594 0.630859 0.307617 0.629883 0.307617 0.628906 0.306641 0.627930 0.306641 0.626953 0.305664 0.625977 0.305664 0.625000 0.304688 0.624023 0.304688 0.623047 0.303711 0.621094 0.303711 0.620117 0.302734 0.619141 0.302734 0.618164 0.301758 0.617188 0.301758 0.616211 0.300781 0.615234 0.300781 0.614258 0.299805 0.613281 0.299805
1 0.593750 0.309570 0.593750 0.310547 0.594727 0.311523 0.595703 0.311523 0.596680 0.312500 0.597656 0.312500 0.598633 0.313477 0.599609 0.313477 0.600586 0.314453 0.602539 0.314453 0.603516 0.315430 0.604492 0.315430 0.605469 0.316406 0.606445 0.316406 0.607422 0.317383 0.609375 0.317383 0.610352 0.316406 0.608398 0.314453 0.607422 0.314453 0.606445 0.313477 0.605469 0.313477 0.604492 0.312500 0.602539 0.312500 0.601562 0.311523 0.600586 0.311523 0.599609 0.310547 0.598633 0.310547 0.597656 0.309570 0.596680 0.309570 0.595703 0.308594 0.594727 0.308594
0 0.623047 0.456055 0.623047 0.458008 0.622070 0.458984 0.622070 0.463867 0.621094 0.464844 0.621094 0.469727 0.620117 0.470703 0.620117 0.474609 0.619141 0.475586 0.619141 0.478516 0.620117 0.478516 0.621094 0.479492 0.624023 0.479492 0.625000 0.480469 0.627930 0.480469 0.628906 0.481445 0.631836 0.481445 0.632812 0.482422 0.637695 0.482422 0.638672 0.483398 0.646484 0.483398 0.647461 0.484375 0.652344 0.484375 0.652344 0.481445 0.653320 0.480469 0.653320 0.475586 0.651367 0.475586 0.650391 0.474609 0.647461 0.474609 0.646484 0.473633 0.644531 0.473633 0.643555 0.472656 0.643555 0.471680 0.645508 0.469727 0.646484 0.470703 0.650391 0.470703 0.651367 0.471680 0.654297 0.471680 0.654297 0.470703 0.655273 0.469727 0.655273 0.464844 0.656250 0.463867 0.656250 0.460938 0.652344 0.460938 0.651367 0.459961 0.648438 0.459961 0.647461 0.458984 0.643555 0.458984 0.642578 0.458008 0.636719 0.458008 0.635742 0.457031 0.629883 0.457031 0.628906 0.456055
1 0.644531 0.471680 0.644531 0.472656 0.646484 0.472656 0.647461 0.473633 0.650391 0.473633 0.651367 0.474609 0.655273 0.474609 0.656250 0.475586 0.656250 0.473633 0.655273 0.473633 0.654297 0.472656 0.651367 0.472656 0.650391 0.471680 0.646484 0.471680 0.645508 0.470703
0 0.285156 0.386719 0.284180 0.386719 0.283203 0.387695 0.277344 0.387695 0.276367 0.388672 0.270508 0.388672 0.269531 0.389648 0.264648 0.389648 0.264648 0.409180 0.265625 0.410156 0.265625 0.411133 0.268555 0.414062 0.268555 0.415039 0.270508 0.416992 0.270508 0.417969 0.271484 0.418945 0.276367 0.418945 0.276367 0.413086 0.278320 0.411133 0.279297 0.411133 0.280273 0.412109 0.280273 0.417969 0.283203 0.417969 0.284180 0.416992 0.290039 0.416992 0.291016 0.416016 0.291992 0.416016 0.291992 0.407227 0.292969 0.406250 0.292969 0.398438 0.291992 0.397461 0.291992 0.396484 0.290039 0.394531 0.290039 0.393555 0.288086 0.391602 0.288086 0.390625 0.287109 0.389648 0.287109 0.388672
1 0.279297 0.412109 0.278320 0.412109 0.277344 0.413086 0.277344 0.425781 0.279297 0.425781
0 0.277344 0.454102 0.276367 0.455078 0.275391 0.455078 0.273438 0.457031 0.272461 0.457031 0.270508 0.458984 0.269531 0.458984 0.268555 0.459961 0.267578 0.459961 0.265625 0.461914 0.264648 0.461914 0.264648 0.463867 0.265625 0.464844 0.265625 0.469727 0.266602 0.470703 0.266602 0.474609 0.267578 0.475586 0.267578 0.480469 0.271484 0.480469 0.272461 0.481445 0.278320 0.481445 0.279297 0.482422 0.285156 0.482422 0.287109 0.480469 0.288086 0.480469 0.290039 0.478516 0.291016 0.478516 0.291992 0.477539 0.292969 0.477539 0.294922 0.475586 0.295898 0.475586 0.295898 0.470703 0.294922 0.469727 0.294922 0.465820 0.293945 0.464844 0.293945 0.460938 0.292969 0.459961 0.292969 0.457031 0.290039 0.457031 0.289062 0.456055 0.284180 0.456055 0.283203 0.455078 0.279297 0.455078 0.278320 0.454102
1 0.265625 0.476562 0.265625 0.478516 0.266602 0.478516 0.266602 0.476562
1 0.541016 0.433594 0.541016 0.435547 0.541992 0.435547 0.541992 0.434570
0 0.538086 0.428711 0.539062 0.429688 0.540039 0.429688 0.541016 0.430664 0.542969 0.430664 0.545898 0.427734 0.546875 0.427734 0.545898 0.427734 0.544922 0.428711 0.543945 0.427734 0.542969 0.428711 0.541992 0.427734 0.541016 0.427734 0.541016 0.428711 0.540039 0.429688 0.539062 0.428711
0 0.528320 0.402344 0.527344 0.402344 0.523438 0.406250 0.522461 0.406250 0.518555 0.410156 0.517578 0.410156 0.514648 0.413086 0.513672 0.413086 0.510742 0.416016 0.512695 0.417969 0.512695 0.418945 0.513672 0.419922 0.514648 0.419922 0.515625 0.420898 0.515625 0.421875 0.519531 0.425781 0.519531 0.426758 0.523438 0.430664 0.523438 0.431641 0.524414 0.432617 0.525391 0.431641 0.525391 0.429688 0.526367 0.428711 0.526367 0.427734 0.528320 0.425781 0.529297 0.426758 0.531250 0.426758 0.532227 0.427734 0.533203 0.427734 0.535156 0.425781 0.537109 0.425781 0.538086 0.424805 0.542969 0.424805 0.543945 0.423828 0.544922 0.423828 0.544922 0.422852 0.543945 0.421875 0.543945 0.420898 0.541992 0.418945 0.541992 0.417969 0.540039 0.416016 0.540039 0.415039 0.535156 0.410156 0.535156 0.409180
1 0.535156 0.426758 0.534180 0.427734 0.534180 0.428711 0.540039 0.434570 0.540039 0.435547 0.541992 0.437500 0.542969 0.436523 0.542969 0.435547 0.541992 0.436523 0.541016 0.436523 0.540039 0.435547 0.540039 0.432617 0.539062 0.431641 0.539062 0.430664 0.537109 0.428711 0.538086 0.427734 0.540039 0.427734 0.540039 0.425781 0.539062 0.425781 0.538086 0.426758
0 0.540039 0.431641 0.543945 0.435547 0.543945 0.436523 0.543945 0.432617 0.542969 0.431641
0 0.509766 0.420898 0.509766 0.423828 0.510742 0.424805 0.510742 0.428711 0.511719 0.429688 0.511719 0.433594 0.512695 0.434570 0.512695 0.438477 0.513672 0.439453 0.513672 0.442383 0.517578 0.442383 0.518555 0.441406 0.524414 0.441406 0.525391 0.440430 0.530273 0.440430 0.531250 0.439453 0.534180 0.439453 0.535156 0.438477 0.537109 0.438477 0.538086 0.437500 0.541016 0.437500 0.539062 0.435547 0.539062 0.434570 0.533203 0.428711 0.532227 0.428711 0.531250 0.427734 0.529297 0.427734 0.528320 0.426758 0.527344 0.427734 0.527344 0.428711 0.526367 0.429688 0.526367 0.431641 0.524414 0.433594 0.522461 0.431641 0.522461 0.430664 0.518555 0.426758 0.518555 0.425781 0.514648 0.421875 0.514648 0.420898
0 0.527344 0.418945 0.526367 0.417969 0.525391 0.417969 0.524414 0.418945 0.520508 0.418945 0.521484 0.418945 0.522461 0.419922 0.524414 0.419922 0.525391 0.420898 0.526367 0.420898 0.526367 0.419922
1 0.547852 0.425781 0.546875 0.424805 0.544922 0.424805 0.543945 0.425781 0.541016 0.425781 0.541016 0.426758 0.546875 0.426758
