0 0.589844 0.247070 0.588867 0.247070 0.587891 0.246094 0.586914 0.246094 0.584961 0.244141 0.583984 0.244141 0.583008 0.243164 0.582031 0.244141 0.576172 0.244141 0.575195 0.245117 0.569336 0.245117 0.568359 0.246094 0.562500 0.246094 0.561523 0.247070 0.556641 0.247070 0.556641 0.249023 0.557617 0.250000 0.557617 0.263672 0.558594 0.264648 0.558594 0.274414 0.561523 0.277344 0.562500 0.277344 0.565430 0.280273 0.568359 0.280273 0.569336 0.279297 0.575195 0.279297 0.576172 0.278320 0.582031 0.278320 0.583008 0.277344 0.587891 0.277344 0.588867 0.276367 0.592773 0.276367 0.592773 0.272461 0.591797 0.271484 0.591797 0.251953 0.590820 0.250977 0.590820 0.248047
1 0.578125 0.263672 0.578125 0.266602 0.579102 0.266602 0.581055 0.268555 0.582031 0.268555 0.583008 0.269531 0.584961 0.269531 0.584961 0.266602 0.583984 0.265625 0.583008 0.265625 0.581055 0.263672
0 0.543945 0.349609 0.541992 0.351562 0.541016 0.351562 0.537109 0.355469 0.536133 0.355469 0.533203 0.358398 0.532227 0.358398 0.528320 0.362305 0.527344 0.362305 0.526367 0.363281 0.527344 0.364258 0.527344 0.365234 0.529297 0.367188 0.529297 0.368164 0.531250 0.370117 0.531250 0.371094 0.533203 0.373047 0.533203 0.374023 0.535156 0.375977 0.535156 0.376953 0.536133 0.377930 0.536133 0.378906 0.540039 0.382812 0.541016 0.382812 0.545898 0.387695 0.546875 0.387695 0.549805 0.384766 0.550781 0.384766 0.553711 0.381836 0.554688 0.381836 0.558594 0.377930 0.559570 0.377930 0.563477 0.374023 0.563477 0.373047 0.562500 0.372070 0.562500 0.371094 0.560547 0.369141 0.560547 0.368164 0.559570 0.367188 0.559570 0.366211 0.557617 0.364258 0.557617 0.363281 0.555664 0.361328 0.555664 0.360352 0.554688 0.359375 0.554688 0.358398 0.551758 0.355469 0.550781 0.355469 0.545898 0.350586 0.544922 0.350586
1 0.566406 0.351562 0.565430 0.351562 0.564453 0.352539 0.563477 0.352539 0.560547 0.355469 0.559570 0.355469 0.555664 0.359375 0.556641 0.360352 0.556641 0.361328 0.558594 0.359375 0.559570 0.359375 0.562500 0.356445 0.563477 0.356445 0.566406 0.353516
0 0.395508 0.705078 0.395508 0.735352 0.405273 0.735352 0.406250 0.736328 0.418945 0.736328 0.419922 0.737305 0.422852 0.737305 0.423828 0.736328 0.425781 0.736328 0.426758 0.735352 0.427734 0.735352 0.428711 0.734375 0.429688 0.734375 0.430664 0.733398 0.431641 0.733398 0.432617 0.732422 0.433594 0.732422 0.434570 0.731445 0.435547 0.731445 0.435547 0.700195 0.427734 0.700195 0.426758 0.699219 0.417969 0.699219 0.416992 0.698242 0.406250 0.698242 0.404297 0.700195 0.403320 0.700195 0.402344 0.701172 0.401367 0.701172 0.400391 0.702148 0.399414 0.702148 0.397461 0.704102 0.396484 0.704102
1 0.436523 0.717773 0.436523 0.720703 0.439453 0.720703 0.440430 0.721680 0.448242 0.721680 0.448242 0.718750 0.439453 0.718750 0.438477 0.717773
0 0.406250 0.760742 0.398438 0.760742 0.397461 0.761719 0.387695 0.761719 0.386719 0.762695 0.381836 0.762695 0.381836 0.766602 0.380859 0.767578 0.380859 0.771484 0.379883 0.772461 0.379883 0.777344 0.378906 0.778320 0.378906 0.782227 0.377930 0.783203 0.377930 0.789062 0.387695 0.798828 0.388672 0.798828 0.390625 0.800781 0.393555 0.800781 0.394531 0.799805 0.402344 0.799805 0.403320 0.798828 0.410156 0.798828 0.411133 0.797852 0.414062 0.797852 0.414062 0.796875 0.415039 0.795898 0.415039 0.791016 0.416016 0.790039 0.416016 0.786133 0.416992 0.785156 0.416992 0.781250 0.417969 0.780273 0.417969 0.775391 0.418945 0.774414 0.418945 0.771484 0.416016 0.768555 0.415039 0.768555 0.411133 0.764648 0.410156 0.764648
1 0.395508 0.800781 0.394531 0.800781 0.393555 0.801758 0.392578 0.801758 0.392578 0.804688 0.391602 0.805664 0.391602 0.809570 0.390625 0.810547 0.391602 0.811523 0.393555 0.811523 0.393555 0.810547 0.394531 0.809570 0.394531 0.805664 0.395508 0.804688
0 0.454102 0.458008 0.454102 0.458984 0.455078 0.459961 0.455078 0.461914 0.456055 0.461914 0.458008 0.459961 0.457031 0.458984 0.456055 0.458984 0.455078 0.458008
0 0.475586 0.426758 0.473633 0.426758 0.472656 0.427734 0.470703 0.427734 0.469727 0.428711 0.467773 0.428711 0.466797 0.429688 0.464844 0.429688 0.463867 0.430664 0.461914 0.430664 0.460938 0.431641 0.458984 0.431641 0.458008 0.432617 0.456055 0.432617 0.455078 0.433594 0.453125 0.433594 0.449219 0.437500 0.448242 0.437500 0.447266 0.438477 0.447266 0.441406 0.448242 0.442383 0.448242 0.443359 0.449219 0.444336 0.449219 0.446289 0.450195 0.446289 0.451172 0.445312 0.452148 0.446289 0.452148 0.447266 0.455078 0.450195 0.455078 0.451172 0.457031 0.453125 0.457031 0.454102 0.459961 0.457031 0.459961 0.458008 0.460938 0.458008 0.461914 0.457031 0.463867 0.457031 0.465820 0.455078 0.468750 0.455078 0.469727 0.454102 0.472656 0.454102 0.473633 0.453125 0.475586 0.453125 0.476562 0.452148 0.479492 0.452148 0.480469 0.451172 0.482422 0.451172 0.484375 0.449219 0.484375 0.447266 0.483398 0.446289 0.483398 0.445312 0.482422 0.444336 0.482422 0.442383 0.481445 0.441406 0.481445 0.440430 0.480469 0.439453 0.480469 0.437500 0.479492 0.436523 0.479492 0.434570 0.478516 0.433594 0.478516 0.432617 0.477539 0.431641 0.477539 0.429688 0.476562 0.428711 0.476562 0.427734
1 0.491211 0.434570 0.490234 0.434570 0.489258 0.435547 0.487305 0.435547 0.486328 0.436523 0.484375 0.436523 0.483398 0.437500 0.481445 0.437500 0.481445 0.439453 0.483398 0.439453 0.484375 0.438477 0.486328 0.438477 0.487305 0.437500 0.489258 0.437500 0.490234 0.436523 0.491211 0.436523
1 0.479492 0.429688 0.478516 0.430664 0.478516 0.431641 0.479492 0.431641
1 0.482422 0.425781 0.481445 0.425781 0.481445 0.426758
0 0.447266 0.452148 0.449219 0.454102 0.450195 0.454102 0.453125 0.457031 0.455078 0.457031 0.456055 0.458008 0.457031 0.458008 0.458008 0.458984 0.458984 0.458984 0.459961 0.459961 0.458984 0.460938 0.459961 0.460938 0.460938 0.461914 0.461914 0.461914 0.463867 0.463867 0.464844 0.463867 0.465820 0.464844 0.466797 0.464844 0.467773 0.465820 0.468750 0.465820 0.469727 0.466797 0.470703 0.466797 0.471680 0.467773 0.472656 0.467773 0.474609 0.469727 0.476562 0.469727 0.477539 0.468750 0.477539 0.467773 0.478516 0.466797 0.478516 0.465820 0.480469 0.463867 0.480469 0.462891 0.481445 0.461914 0.481445 0.460938 0.483398 0.458984 0.483398 0.458008 0.484375 0.457031 0.484375 0.456055 0.486328 0.454102 0.486328 0.453125 0.487305 0.452148 0.487305 0.451172 0.488281 0.450195 0.488281 0.449219 0.487305 0.448242 0.486328 0.448242 0.484375 0.446289 0.485352 0.447266 0.485352 0.449219 0.482422 0.452148 0.480469 0.452148 0.479492 0.453125 0.476562 0.453125 0.475586 0.454102 0.473633 0.454102 0.472656 0.455078 0.469727 0.455078 0.468750 0.456055 0.466797 0.456055 0.465820 0.457031 0.464844 0.457031 0.463867 0.458008 0.461914 0.458008 0.460938 0.458984 0.459961 0.458984 0.458984 0.458008 0.458984 0.457031 0.456055 0.454102 0.456055 0.453125 0.454102 0.451172 0.454102 0.450195 0.451172 0.447266 0.451172 0.446289 0.449219 0.448242 0.449219 0.449219 0.448242 0.450195 0.448242 0.451172
0 0.475586 0.439453 0.474609 0.439453 0.474609 0.440430 0.475586 0.441406 0.474609 0.442383 0.473633 0.442383 0.473633 0.445312 0.472656 0.446289 0.472656 0.447266 0.478516 0.441406 0.477539 0.441406
1 0.483398 0.426758 0.482422 0.426758 0.481445 0.427734 0.480469 0.427734 0.479492 0.428711 0.480469 0.429688 0.480469 0.431641 0.479492 0.432617 0.479492 0.433594 0.481445 0.431641 0.481445 0.430664 0.483398 0.428711
