0 0.514648 0.525391 0.512695 0.525391 0.511719 0.526367 0.509766 0.526367 0.508789 0.527344 0.507812 0.527344 0.506836 0.528320 0.505859 0.528320 0.500000 0.534180 0.499023 0.534180 0.486328 0.546875 0.485352 0.546875 0.482422 0.549805 0.488281 0.555664 0.488281 0.556641 0.496094 0.564453 0.496094 0.565430 0.503906 0.573242 0.506836 0.573242 0.507812 0.572266 0.510742 0.572266 0.511719 0.571289 0.512695 0.571289 0.526367 0.557617 0.527344 0.557617 0.535156 0.549805 0.535156 0.548828 0.530273 0.543945 0.530273 0.542969 0.523438 0.536133 0.523438 0.535156 0.515625 0.527344 0.515625 0.526367
0 0.643555 0.368164 0.641602 0.370117 0.640625 0.370117 0.641602 0.371094 0.641602 0.372070 0.642578 0.373047 0.642578 0.382812 0.641602 0.383789 0.639648 0.383789 0.638672 0.382812 0.638672 0.379883 0.637695 0.378906 0.637695 0.372070 0.638672 0.371094 0.636719 0.373047 0.635742 0.373047 0.633789 0.375000 0.632812 0.375000 0.630859 0.376953 0.629883 0.376953 0.628906 0.377930 0.627930 0.377930 0.625977 0.379883 0.625000 0.379883 0.624023 0.380859 0.624023 0.388672 0.625000 0.389648 0.625000 0.395508 0.632812 0.403320 0.632812 0.404297 0.639648 0.411133 0.641602 0.409180 0.642578 0.409180 0.644531 0.407227 0.645508 0.407227 0.647461 0.405273 0.648438 0.405273 0.649414 0.404297 0.650391 0.404297 0.652344 0.402344 0.653320 0.402344 0.655273 0.400391 0.656250 0.400391 0.658203 0.398438 0.659180 0.398438 0.659180 0.391602 0.658203 0.390625 0.658203 0.383789 0.649414 0.375000 0.649414 0.374023
1 0.639648 0.371094 0.638672 0.372070 0.638672 0.378906 0.639648 0.379883 0.639648 0.382812 0.641602 0.382812 0.641602 0.373047 0.640625 0.372070 0.640625 0.371094
0 0.559570 0.373047 0.558594 0.374023 0.557617 0.374023 0.555664 0.375977 0.554688 0.375977 0.552734 0.377930 0.551758 0.377930 0.548828 0.380859 0.547852 0.380859 0.545898 0.382812 0.544922 0.382812 0.542969 0.384766 0.541992 0.384766 0.541016 0.385742 0.542969 0.387695 0.542969 0.388672 0.544922 0.390625 0.544922 0.391602 0.545898 0.392578 0.545898 0.393555 0.547852 0.395508 0.547852 0.396484 0.548828 0.396484 0.550781 0.398438 0.550781 0.400391 0.551758 0.401367 0.551758 0.402344 0.555664 0.406250 0.555664 0.407227 0.558594 0.410156 0.559570 0.409180 0.560547 0.409180 0.562500 0.407227 0.563477 0.407227 0.565430 0.405273 0.566406 0.405273 0.568359 0.403320 0.569336 0.403320 0.571289 0.401367 0.572266 0.401367 0.575195 0.398438 0.576172 0.398438 0.577148 0.397461 0.575195 0.395508 0.575195 0.394531 0.574219 0.393555 0.574219 0.392578 0.572266 0.390625 0.572266 0.389648 0.571289 0.388672 0.571289 0.387695 0.569336 0.385742 0.569336 0.384766 0.568359 0.383789 0.568359 0.382812 0.566406 0.380859 0.566406 0.379883
1 0.549805 0.398438 0.548828 0.397461 0.547852 0.397461 0.544922 0.400391 0.543945 0.400391 0.541992 0.402344 0.541016 0.402344 0.539062 0.404297 0.538086 0.404297 0.537109 0.405273 0.537109 0.406250 0.538086 0.407227 0.539062 0.406250 0.540039 0.406250 0.541992 0.404297 0.542969 0.404297 0.544922 0.402344 0.545898 0.402344 0.547852 0.400391 0.548828 0.400391 0.549805 0.399414
0 0.542969 0.582031 0.542969 0.584961 0.541992 0.585938 0.541992 0.590820 0.541016 0.591797 0.541016 0.596680 0.540039 0.597656 0.540039 0.605469 0.541016 0.606445 0.541016 0.607422 0.540039 0.608398 0.539062 0.608398 0.539062 0.611328 0.540039 0.611328 0.540039 0.608398 0.541016 0.607422 0.541016 0.602539 0.541992 0.601562 0.541992 0.597656 0.542969 0.596680
0 0.390625 0.480469 0.385742 0.485352 0.385742 0.486328 0.379883 0.492188 0.379883 0.493164 0.375000 0.498047 0.375000 0.499023 0.374023 0.500000 0.374023 0.500977 0.375977 0.502930 0.376953 0.502930 0.385742 0.511719 0.386719 0.511719 0.391602 0.516602 0.392578 0.516602 0.393555 0.517578 0.394531 0.517578 0.396484 0.519531 0.397461 0.519531 0.398438 0.520508 0.399414 0.520508 0.401367 0.522461 0.405273 0.518555 0.405273 0.517578 0.410156 0.512695 0.410156 0.511719 0.415039 0.506836 0.415039 0.505859 0.417969 0.502930 0.417969 0.501953 0.412109 0.496094 0.411133 0.496094 0.401367 0.486328 0.400391 0.486328 0.399414 0.485352 0.398438 0.485352 0.397461 0.484375 0.396484 0.484375 0.394531 0.482422 0.393555 0.482422 0.392578 0.481445 0.391602 0.481445
1 0.557617 0.614258 0.557617 0.617188 0.558594 0.616211 0.559570 0.616211 0.559570 0.615234 0.558594 0.615234
0 0.544922 0.574219 0.543945 0.575195 0.543945 0.580078 0.542969 0.581055 0.543945 0.582031 0.543945 0.596680 0.542969 0.597656 0.542969 0.601562 0.541992 0.602539 0.541992 0.607422 0.541016 0.608398 0.540039 0.607422 0.540039 0.606445 0.540039 0.607422 0.541016 0.608398 0.541016 0.611328 0.540039 0.612305 0.539062 0.612305 0.539062 0.621094 0.540039 0.622070 0.546875 0.622070 0.547852 0.623047 0.554688 0.623047 0.555664 0.624023 0.555664 0.610352 0.557617 0.608398 0.559570 0.608398 0.560547 0.609375 0.560547 0.624023 0.562500 0.624023 0.563477 0.625000 0.570312 0.625000 0.571289 0.625977 0.572266 0.625977 0.572266 0.625000 0.573242 0.624023 0.573242 0.620117 0.574219 0.619141 0.574219 0.615234 0.575195 0.614258 0.575195 0.610352 0.576172 0.609375 0.576172 0.605469 0.577148 0.604492 0.577148 0.600586 0.578125 0.599609 0.578125 0.590820 0.577148 0.589844 0.577148 0.579102 0.576172 0.578125 0.569336 0.578125 0.568359 0.577148 0.561523 0.577148 0.560547 0.576172 0.553711 0.576172 0.552734 0.575195 0.545898 0.575195
1 0.557617 0.609375 0.557617 0.610352 0.556641 0.611328 0.557617 0.612305 0.556641 0.613281 0.556641 0.623047 0.557617 0.624023 0.556641 0.625000 0.557617 0.625977 0.559570 0.625977 0.559570 0.617188 0.558594 0.617188 0.557617 0.618164 0.556641 0.617188 0.556641 0.614258 0.557617 0.613281 0.558594 0.614258 0.559570 0.614258 0.559570 0.609375
0 0.274414 0.573242 0.272461 0.573242 0.271484 0.574219 0.270508 0.574219 0.269531 0.575195 0.268555 0.575195 0.267578 0.576172 0.266602 0.576172 0.265625 0.577148 0.263672 0.577148 0.262695 0.578125 0.261719 0.578125 0.257812 0.582031 0.256836 0.582031 0.247070 0.591797 0.248047 0.592773 0.248047 0.593750 0.250977 0.596680 0.250977 0.597656 0.253906 0.600586 0.253906 0.601562 0.257812 0.605469 0.257812 0.606445 0.260742 0.609375 0.261719 0.609375 0.263672 0.607422 0.264648 0.607422 0.265625 0.606445 0.266602 0.606445 0.267578 0.605469 0.268555 0.605469 0.269531 0.604492 0.270508 0.604492 0.271484 0.603516 0.272461 0.603516 0.274414 0.601562 0.275391 0.601562 0.282227 0.594727 0.283203 0.594727 0.287109 0.590820 0.287109 0.589844 0.285156 0.587891 0.285156 0.586914 0.282227 0.583984 0.282227 0.583008 0.279297 0.580078 0.279297 0.579102 0.276367 0.576172 0.276367 0.575195
0 0.711914 0.620117 0.711914 0.645508 0.713867 0.645508 0.714844 0.646484 0.716797 0.646484 0.717773 0.647461 0.720703 0.647461 0.721680 0.648438 0.723633 0.648438 0.724609 0.649414 0.727539 0.649414 0.728516 0.650391 0.731445 0.650391 0.732422 0.651367 0.734375 0.651367 0.735352 0.652344 0.736328 0.651367 0.737305 0.651367 0.738281 0.650391 0.739258 0.650391 0.740234 0.649414 0.741211 0.649414 0.742188 0.648438 0.743164 0.648438 0.744141 0.647461 0.745117 0.647461 0.746094 0.646484 0.747070 0.646484 0.748047 0.645508 0.749023 0.645508 0.750000 0.644531 0.750000 0.632812 0.750977 0.631836 0.750977 0.619141 0.750000 0.619141 0.749023 0.618164 0.745117 0.618164 0.744141 0.617188 0.741211 0.617188 0.740234 0.616211 0.737305 0.616211 0.736328 0.615234 0.733398 0.615234 0.732422 0.614258 0.729492 0.614258 0.728516 0.613281 0.727539 0.613281 0.726562 0.614258 0.724609 0.614258 0.723633 0.615234 0.722656 0.615234 0.721680 0.616211 0.720703 0.616211 0.719727 0.617188 0.717773 0.617188 0.716797 0.618164 0.715820 0.618164 0.714844 0.619141 0.713867 0.619141 0.712891 0.620117
1 0.729492 0.651367 0.729492 0.662109 0.730469 0.662109 0.731445 0.663086 0.732422 0.662109 0.732422 0.652344 0.731445 0.651367
