0 0.420898 0.305664 0.400391 0.326172 0.400391 0.327148 0.402344 0.329102 0.402344 0.330078 0.414062 0.341797 0.415039 0.341797 0.435547 0.321289 0.428711 0.314453 0.428711 0.313477
1 0.425781 0.332031 0.424805 0.333008 0.429688 0.337891 0.429688 0.338867 0.433594 0.342773 0.434570 0.342773 0.435547 0.341797 0.435547 0.340820 0.426758 0.332031
0 0.409180 0.527344 0.409180 0.529297 0.410156 0.530273 0.410156 0.532227 0.411133 0.533203 0.411133 0.536133 0.410156 0.537109 0.408203 0.537109 0.406250 0.535156 0.406250 0.533203 0.405273 0.532227 0.405273 0.530273 0.403320 0.532227 0.402344 0.532227 0.398438 0.536133 0.397461 0.536133 0.393555 0.540039 0.392578 0.540039 0.391602 0.541016 0.392578 0.541992 0.392578 0.543945 0.393555 0.544922 0.393555 0.546875 0.394531 0.547852 0.394531 0.549805 0.395508 0.550781 0.395508 0.552734 0.396484 0.553711 0.396484 0.555664 0.397461 0.556641 0.397461 0.558594 0.398438 0.559570 0.398438 0.561523 0.400391 0.561523 0.401367 0.562500 0.404297 0.562500 0.405273 0.563477 0.407227 0.563477 0.408203 0.564453 0.411133 0.564453 0.412109 0.565430 0.414062 0.565430 0.415039 0.566406 0.416992 0.566406 0.420898 0.562500 0.421875 0.562500 0.426758 0.557617 0.427734 0.557617 0.432617 0.552734 0.432617 0.550781 0.431641 0.549805 0.431641 0.547852 0.430664 0.546875 0.430664 0.543945 0.429688 0.542969 0.429688 0.541016 0.428711 0.540039 0.428711 0.538086 0.427734 0.537109 0.427734 0.534180 0.426758 0.533203 0.426758 0.532227 0.425781 0.532227 0.424805 0.531250 0.421875 0.531250 0.420898 0.530273 0.417969 0.530273 0.416992 0.529297 0.414062 0.529297 0.413086 0.528320 0.410156 0.528320
1 0.404297 0.521484 0.403320 0.522461 0.403320 0.523438 0.404297 0.524414 0.404297 0.526367 0.405273 0.527344 0.405273 0.529297 0.406250 0.530273 0.406250 0.532227 0.407227 0.533203 0.407227 0.535156 0.408203 0.536133 0.410156 0.536133 0.410156 0.533203 0.409180 0.532227 0.409180 0.530273 0.408203 0.529297 0.408203 0.527344 0.407227 0.526367 0.407227 0.524414 0.406250 0.523438 0.406250 0.521484
0 0.527344 0.557617 0.524414 0.557617 0.522461 0.559570 0.521484 0.559570 0.519531 0.561523 0.518555 0.561523 0.517578 0.562500 0.516602 0.562500 0.514648 0.564453 0.513672 0.564453 0.512695 0.565430 0.511719 0.565430 0.508789 0.568359 0.508789 0.570312 0.507812 0.571289 0.507812 0.573242 0.506836 0.574219 0.506836 0.576172 0.505859 0.577148 0.505859 0.579102 0.504883 0.580078 0.504883 0.581055 0.503906 0.582031 0.503906 0.584961 0.504883 0.584961 0.511719 0.591797 0.512695 0.591797 0.519531 0.598633 0.520508 0.598633 0.521484 0.599609 0.522461 0.598633 0.523438 0.598633 0.525391 0.596680 0.526367 0.596680 0.528320 0.594727 0.529297 0.594727 0.531250 0.592773 0.532227 0.592773 0.533203 0.591797 0.534180 0.591797 0.536133 0.589844 0.537109 0.589844 0.537109 0.588867 0.538086 0.587891 0.538086 0.586914 0.539062 0.585938 0.539062 0.583984 0.540039 0.583008 0.540039 0.582031 0.541016 0.581055 0.541016 0.579102 0.541992 0.578125 0.541992 0.577148 0.542969 0.576172 0.542969 0.574219 0.543945 0.573242 0.543945 0.572266 0.541016 0.569336 0.540039 0.569336 0.534180 0.563477 0.533203 0.563477
1 0.542969 0.565430 0.541016 0.565430 0.539062 0.567383 0.540039 0.568359 0.541992 0.568359 0.542969 0.567383
0 0.566406 0.375977 0.560547 0.381836 0.560547 0.382812 0.559570 0.383789 0.559570 0.384766 0.558594 0.385742 0.558594 0.387695 0.557617 0.388672 0.557617 0.390625 0.556641 0.391602 0.556641 0.393555 0.555664 0.394531 0.555664 0.395508 0.554688 0.396484 0.554688 0.398438 0.553711 0.399414 0.553711 0.402344 0.555664 0.402344 0.556641 0.403320 0.557617 0.403320 0.558594 0.404297 0.559570 0.404297 0.560547 0.405273 0.561523 0.405273 0.562500 0.406250 0.564453 0.406250 0.565430 0.407227 0.566406 0.407227 0.567383 0.408203 0.568359 0.408203 0.569336 0.409180 0.570312 0.409180 0.571289 0.410156 0.573242 0.410156 0.573242 0.409180 0.577148 0.405273 0.577148 0.404297 0.579102 0.402344 0.579102 0.399414 0.578125 0.398438 0.579102 0.397461 0.579102 0.396484 0.580078 0.395508 0.581055 0.396484 0.581055 0.395508 0.582031 0.394531 0.582031 0.393555 0.583008 0.392578 0.583008 0.390625 0.583984 0.389648 0.583984 0.388672 0.584961 0.387695 0.584961 0.385742 0.585938 0.384766 0.584961 0.384766 0.583984 0.383789 0.583008 0.383789 0.582031 0.382812 0.581055 0.382812 0.580078 0.381836 0.579102 0.381836 0.578125 0.380859 0.576172 0.380859 0.575195 0.379883 0.574219 0.379883 0.573242 0.378906 0.572266 0.378906 0.571289 0.377930 0.570312 0.377930 0.569336 0.376953 0.568359 0.376953 0.567383 0.375977
0 0.380859 0.344727 0.381836 0.345703 0.382812 0.344727
0 0.388672 0.325195 0.386719 0.327148 0.385742 0.327148 0.384766 0.328125 0.383789 0.328125 0.381836 0.330078 0.380859 0.330078 0.380859 0.332031 0.381836 0.333008 0.381836 0.333984 0.389648 0.333984 0.390625 0.334961 0.390625 0.337891 0.391602 0.338867 0.391602 0.339844 0.395508 0.335938 0.395508 0.334961 0.396484 0.333984 0.394531 0.332031 0.394531 0.331055 0.392578 0.329102 0.392578 0.327148 0.390625 0.325195
1 0.579102 0.398438 0.580078 0.399414 0.581055 0.399414 0.582031 0.400391 0.583984 0.400391 0.584961 0.401367 0.585938 0.401367 0.586914 0.402344 0.587891 0.402344 0.588867 0.403320 0.589844 0.403320 0.590820 0.404297 0.591797 0.404297 0.592773 0.403320 0.592773 0.402344 0.591797 0.402344 0.590820 0.401367 0.589844 0.401367 0.588867 0.400391 0.587891 0.400391 0.586914 0.399414 0.584961 0.399414 0.583984 0.398438 0.583008 0.398438 0.582031 0.397461 0.581055 0.397461 0.580078 0.396484 0.580078 0.397461
0 0.397461 0.335938 0.396484 0.334961 0.396484 0.335938 0.395508 0.336914 0.394531 0.335938 0.395508 0.336914 0.394531 0.337891 0.395508 0.336914 0.396484 0.336914
0 0.381836 0.310547 0.380859 0.311523 0.379883 0.311523 0.377930 0.313477 0.376953 0.313477 0.375977 0.314453 0.375000 0.314453 0.373047 0.316406 0.372070 0.316406 0.371094 0.317383 0.370117 0.317383 0.368164 0.319336 0.367188 0.319336 0.366211 0.320312 0.365234 0.320312 0.364258 0.321289 0.366211 0.323242 0.366211 0.324219 0.367188 0.325195 0.367188 0.326172 0.368164 0.327148 0.368164 0.328125 0.370117 0.330078 0.370117 0.331055 0.371094 0.332031 0.371094 0.333008 0.372070 0.333984 0.372070 0.334961 0.374023 0.336914 0.374023 0.337891 0.375977 0.339844 0.375977 0.340820 0.377930 0.342773 0.377930 0.343750 0.379883 0.345703 0.380859 0.345703 0.379883 0.344727 0.380859 0.343750 0.384766 0.343750 0.385742 0.342773 0.386719 0.342773 0.388672 0.340820 0.389648 0.340820 0.390625 0.339844 0.390625 0.338867 0.389648 0.337891 0.389648 0.334961 0.381836 0.334961 0.380859 0.333984 0.380859 0.333008 0.379883 0.332031 0.379883 0.330078 0.380859 0.329102 0.381836 0.329102 0.383789 0.327148 0.384766 0.327148 0.385742 0.326172 0.386719 0.326172 0.388672 0.324219 0.390625 0.324219 0.388672 0.322266 0.388672 0.321289 0.387695 0.320312 0.387695 0.319336 0.385742 0.317383 0.385742 0.316406 0.383789 0.314453 0.383789 0.313477 0.382812 0.312500 0.382812 0.311523
0 0.714844 0.414062 0.706055 0.414062 0.705078 0.413086 0.704102 0.413086 0.703125 0.414062 0.702148 0.414062 0.701172 0.415039 0.699219 0.415039 0.698242 0.416016 0.697266 0.416016 0.696289 0.416992 0.695312 0.416992 0.694336 0.417969 0.693359 0.417969 0.692383 0.418945 0.690430 0.418945 0.689453 0.419922 0.688477 0.419922 0.688477 0.421875 0.689453 0.422852 0.689453 0.425781 0.690430 0.426758 0.690430 0.429688 0.691406 0.430664 0.691406 0.432617 0.692383 0.433594 0.692383 0.436523 0.693359 0.437500 0.693359 0.438477 0.705078 0.438477 0.706055 0.437500 0.708008 0.437500 0.708984 0.436523 0.709961 0.436523 0.710938 0.435547 0.712891 0.435547 0.713867 0.434570 0.714844 0.434570 0.715820 0.433594 0.716797 0.433594 0.717773 0.432617 0.719727 0.432617 0.719727 0.430664 0.718750 0.429688 0.718750 0.427734 0.717773 0.426758 0.717773 0.423828 0.716797 0.422852 0.716797 0.419922 0.715820 0.418945 0.715820 0.416992 0.714844 0.416016
0 0.321289 0.501953 0.321289 0.503906 0.320312 0.504883 0.320312 0.506836 0.319336 0.507812 0.319336 0.508789 0.318359 0.509766 0.318359 0.511719 0.317383 0.512695 0.317383 0.514648 0.316406 0.515625 0.316406 0.517578 0.315430 0.518555 0.315430 0.519531 0.314453 0.520508 0.316406 0.522461 0.316406 0.523438 0.317383 0.524414 0.319336 0.524414 0.320312 0.525391 0.322266 0.525391 0.323242 0.526367 0.325195 0.526367 0.326172 0.527344 0.328125 0.527344 0.329102 0.528320 0.332031 0.528320 0.333008 0.529297 0.334961 0.529297 0.335938 0.530273 0.336914 0.529297 0.336914 0.527344 0.337891 0.526367 0.337891 0.524414 0.338867 0.523438 0.338867 0.522461 0.339844 0.521484 0.339844 0.519531 0.340820 0.518555 0.340820 0.516602 0.341797 0.515625 0.341797 0.513672 0.342773 0.512695 0.342773 0.511719 0.341797 0.510742 0.341797 0.509766 0.340820 0.508789 0.340820 0.507812 0.338867 0.507812 0.337891 0.506836 0.335938 0.506836 0.334961 0.505859 0.333008 0.505859 0.332031 0.504883 0.329102 0.504883 0.328125 0.503906 0.326172 0.503906 0.325195 0.502930 0.323242 0.502930 0.322266 0.501953
