0 0.443359 0.566406 0.439453 0.570312 0.438477 0.570312 0.428711 0.580078 0.427734 0.580078 0.424805 0.583008 0.424805 0.584961 0.425781 0.585938 0.425781 0.587891 0.426758 0.588867 0.426758 0.590820 0.444336 0.608398 0.445312 0.608398 0.454102 0.599609 0.455078 0.599609 0.463867 0.590820 0.462891 0.589844 0.462891 0.588867 0.461914 0.587891 0.461914 0.586914 0.460938 0.585938 0.460938 0.584961 0.459961 0.583984 0.459961 0.583008
0 0.593750 0.371094 0.592773 0.372070 0.591797 0.372070 0.589844 0.374023 0.588867 0.374023 0.587891 0.375000 0.586914 0.375000 0.584961 0.376953 0.583984 0.376953 0.583008 0.377930 0.582031 0.377930 0.580078 0.379883 0.579102 0.379883 0.578125 0.380859 0.577148 0.380859 0.575195 0.382812 0.574219 0.382812 0.575195 0.383789 0.575195 0.384766 0.577148 0.386719 0.577148 0.387695 0.578125 0.388672 0.578125 0.389648 0.579102 0.390625 0.579102 0.391602 0.581055 0.393555 0.581055 0.394531 0.582031 0.395508 0.582031 0.396484 0.583984 0.398438 0.583984 0.399414 0.584961 0.400391 0.584961 0.401367 0.585938 0.402344 0.585938 0.403320 0.587891 0.405273 0.587891 0.406250 0.588867 0.407227 0.590820 0.405273 0.591797 0.405273 0.592773 0.404297 0.593750 0.404297 0.595703 0.402344 0.596680 0.402344 0.597656 0.401367 0.598633 0.401367 0.600586 0.399414 0.601562 0.399414 0.602539 0.398438 0.603516 0.398438 0.605469 0.396484 0.606445 0.396484 0.607422 0.395508 0.606445 0.394531 0.606445 0.393555 0.605469 0.392578 0.605469 0.391602 0.604492 0.390625 0.604492 0.389648 0.603516 0.388672 0.603516 0.387695 0.602539 0.386719 0.602539 0.385742 0.600586 0.383789 0.600586 0.382812 0.599609 0.381836 0.599609 0.380859 0.597656 0.378906 0.597656 0.377930 0.596680 0.376953 0.596680 0.375977 0.594727 0.374023 0.594727 0.373047 0.593750 0.372070
1 0.585938 0.380859 0.585938 0.381836 0.586914 0.382812 0.586914 0.383789 0.587891 0.384766 0.587891 0.385742 0.588867 0.386719 0.589844 0.386719 0.589844 0.384766 0.588867 0.383789 0.588867 0.382812 0.587891 0.381836 0.587891 0.380859
0 0.527344 0.348633 0.525391 0.348633 0.523438 0.350586 0.522461 0.350586 0.520508 0.352539 0.519531 0.352539 0.518555 0.353516 0.517578 0.353516 0.515625 0.355469 0.514648 0.355469 0.512695 0.357422 0.511719 0.357422 0.510742 0.358398 0.509766 0.358398 0.510742 0.359375 0.510742 0.361328 0.511719 0.362305 0.511719 0.365234 0.512695 0.366211 0.512695 0.368164 0.513672 0.369141 0.513672 0.371094 0.517578 0.375000 0.517578 0.375977 0.524414 0.382812 0.524414 0.383789 0.526367 0.381836 0.527344 0.381836 0.529297 0.379883 0.530273 0.379883 0.531250 0.378906 0.532227 0.378906 0.534180 0.376953 0.535156 0.376953 0.536133 0.375977 0.537109 0.375977 0.539062 0.374023 0.540039 0.374023 0.541016 0.373047 0.541016 0.371094 0.540039 0.370117 0.540039 0.368164 0.539062 0.367188 0.539062 0.365234 0.538086 0.364258 0.538086 0.362305 0.537109 0.361328 0.537109 0.360352 0.535156 0.358398 0.535156 0.357422 0.530273 0.352539 0.530273 0.351562
1 0.514648 0.373047 0.513672 0.372070 0.512695 0.373047 0.511719 0.373047 0.510742 0.374023 0.509766 0.374023 0.507812 0.375977 0.506836 0.375977 0.505859 0.376953 0.505859 0.378906 0.506836 0.378906 0.507812 0.377930 0.508789 0.377930 0.510742 0.375977 0.511719 0.375977 0.513672 0.374023 0.514648 0.374023
0 0.365234 0.473633 0.365234 0.474609 0.361328 0.478516 0.361328 0.479492 0.356445 0.484375 0.356445 0.485352 0.352539 0.489258 0.352539 0.490234 0.353516 0.491211 0.353516 0.492188 0.355469 0.494141 0.355469 0.495117 0.356445 0.496094 0.356445 0.497070 0.358398 0.499023 0.358398 0.500000 0.360352 0.501953 0.361328 0.501953 0.362305 0.502930 0.363281 0.502930 0.365234 0.504883 0.366211 0.504883 0.367188 0.505859 0.368164 0.505859 0.369141 0.506836 0.370117 0.506836 0.371094 0.507812 0.372070 0.507812 0.374023 0.509766 0.375977 0.509766 0.377930 0.507812 0.377930 0.506836 0.382812 0.501953 0.382812 0.500977 0.387695 0.496094 0.387695 0.495117 0.388672 0.494141 0.388672 0.493164 0.387695 0.492188 0.387695 0.491211 0.385742 0.489258 0.385742 0.488281 0.382812 0.485352 0.382812 0.484375 0.379883 0.481445 0.378906 0.481445 0.377930 0.480469 0.376953 0.480469 0.375000 0.478516 0.374023 0.478516 0.373047 0.477539 0.372070 0.477539 0.370117 0.475586 0.369141 0.475586 0.368164 0.474609 0.367188 0.474609 0.366211 0.473633
1 0.476562 0.652344 0.474609 0.652344 0.474609 0.657227 0.473633 0.658203 0.473633 0.660156 0.475586 0.660156 0.474609 0.659180 0.474609 0.656250 0.475586 0.655273 0.476562 0.655273
0 0.468750 0.614258 0.468750 0.617188 0.467773 0.618164 0.467773 0.623047 0.466797 0.624023 0.466797 0.627930 0.465820 0.628906 0.465820 0.632812 0.464844 0.633789 0.464844 0.639648 0.463867 0.640625 0.463867 0.648438 0.462891 0.649414 0.462891 0.650391 0.467773 0.650391 0.468750 0.651367 0.473633 0.651367 0.474609 0.650391 0.474609 0.645508 0.475586 0.644531 0.477539 0.644531 0.478516 0.645508 0.478516 0.649414 0.477539 0.650391 0.477539 0.652344 0.480469 0.652344 0.481445 0.653320 0.486328 0.653320 0.487305 0.654297 0.488281 0.654297 0.489258 0.653320 0.489258 0.648438 0.490234 0.647461 0.490234 0.642578 0.491211 0.641602 0.491211 0.636719 0.492188 0.635742 0.492188 0.630859 0.493164 0.629883 0.493164 0.624023 0.494141 0.623047 0.494141 0.618164 0.491211 0.618164 0.490234 0.617188 0.485352 0.617188 0.484375 0.616211 0.479492 0.616211 0.478516 0.615234 0.473633 0.615234 0.472656 0.614258
1 0.473633 0.662109 0.474609 0.662109 0.475586 0.661133 0.473633 0.661133
1 0.477539 0.645508 0.475586 0.645508 0.475586 0.650391 0.474609 0.651367 0.476562 0.651367 0.476562 0.650391 0.477539 0.649414
0 0.282227 0.512695 0.280273 0.512695 0.278320 0.514648 0.277344 0.514648 0.274414 0.517578 0.273438 0.517578 0.271484 0.519531 0.270508 0.519531 0.266602 0.523438 0.265625 0.523438 0.260742 0.528320 0.259766 0.528320 0.261719 0.530273 0.261719 0.531250 0.266602 0.536133 0.266602 0.537109 0.270508 0.541016 0.270508 0.541992 0.271484 0.542969 0.272461 0.542969 0.274414 0.541016 0.275391 0.541016 0.277344 0.539062 0.278320 0.539062 0.280273 0.537109 0.281250 0.537109 0.285156 0.533203 0.286133 0.533203 0.291992 0.527344 0.292969 0.527344 0.292969 0.526367 0.291992 0.525391 0.291992 0.524414 0.288086 0.520508 0.288086 0.519531 0.284180 0.515625 0.284180 0.514648
0 0.644531 0.593750 0.643555 0.593750 0.642578 0.594727 0.641602 0.594727 0.640625 0.595703 0.639648 0.595703 0.638672 0.596680 0.637695 0.596680 0.635742 0.598633 0.634766 0.598633 0.633789 0.599609 0.632812 0.599609 0.631836 0.600586 0.630859 0.600586 0.629883 0.601562 0.628906 0.601562 0.628906 0.604492 0.627930 0.605469 0.627930 0.620117 0.628906 0.620117 0.630859 0.622070 0.631836 0.622070 0.633789 0.624023 0.634766 0.624023 0.636719 0.625977 0.637695 0.625977 0.639648 0.627930 0.640625 0.627930 0.642578 0.629883 0.644531 0.629883 0.645508 0.628906 0.646484 0.628906 0.648438 0.626953 0.649414 0.626953 0.650391 0.625977 0.651367 0.625977 0.652344 0.625000 0.653320 0.625000 0.655273 0.623047 0.656250 0.623047 0.657227 0.622070 0.658203 0.622070 0.659180 0.621094 0.659180 0.610352 0.660156 0.609375 0.660156 0.603516 0.659180 0.603516 0.657227 0.601562 0.656250 0.601562 0.654297 0.599609 0.653320 0.599609 0.652344 0.598633 0.651367 0.598633 0.649414 0.596680 0.648438 0.596680 0.646484 0.594727 0.645508 0.594727
1 0.641602 0.629883 0.641602 0.631836 0.642578 0.632812 0.643555 0.632812 0.644531 0.631836 0.644531 0.630859 0.642578 0.630859
