0 0.575195 0.446289 0.572266 0.446289 0.571289 0.447266 0.566406 0.447266 0.565430 0.448242 0.560547 0.448242 0.559570 0.449219 0.556641 0.449219 0.553711 0.452148 0.553711 0.453125 0.550781 0.456055 0.550781 0.457031 0.549805 0.458008 0.550781 0.458984 0.550781 0.461914 0.551758 0.462891 0.551758 0.464844 0.552734 0.465820 0.552734 0.467773 0.553711 0.468750 0.553711 0.470703 0.554688 0.471680 0.554688 0.474609 0.555664 0.475586 0.555664 0.476562 0.559570 0.476562 0.560547 0.475586 0.565430 0.475586 0.566406 0.474609 0.571289 0.474609 0.572266 0.473633 0.575195 0.473633 0.576172 0.472656 0.576172 0.471680 0.581055 0.466797 0.581055 0.465820 0.582031 0.464844 0.581055 0.463867 0.581055 0.461914 0.580078 0.460938 0.580078 0.458984 0.579102 0.458008 0.579102 0.456055 0.578125 0.455078 0.578125 0.453125 0.577148 0.452148 0.577148 0.450195 0.576172 0.449219 0.576172 0.447266
1 0.588867 0.458008 0.587891 0.457031 0.584961 0.457031 0.583984 0.458008 0.580078 0.458008 0.581055 0.458984 0.581055 0.459961 0.583984 0.459961 0.584961 0.458984 0.587891 0.458984
0 0.580078 0.321289 0.578125 0.321289 0.576172 0.323242 0.575195 0.323242 0.574219 0.324219 0.573242 0.324219 0.572266 0.325195 0.571289 0.325195 0.570312 0.326172 0.569336 0.326172 0.568359 0.327148 0.567383 0.327148 0.566406 0.328125 0.565430 0.328125 0.564453 0.329102 0.563477 0.329102 0.562500 0.330078 0.561523 0.330078 0.560547 0.331055 0.559570 0.331055 0.558594 0.332031 0.557617 0.332031 0.557617 0.347656 0.558594 0.348633 0.558594 0.349609 0.560547 0.351562 0.560547 0.352539 0.563477 0.355469 0.563477 0.356445 0.565430 0.358398 0.565430 0.359375 0.568359 0.362305 0.568359 0.363281 0.570312 0.365234 0.572266 0.365234 0.573242 0.364258 0.574219 0.364258 0.575195 0.363281 0.576172 0.363281 0.578125 0.361328 0.579102 0.361328 0.580078 0.360352 0.581055 0.360352 0.582031 0.359375 0.583008 0.359375 0.583984 0.358398 0.584961 0.358398 0.585938 0.357422 0.586914 0.357422 0.587891 0.356445 0.588867 0.356445 0.589844 0.355469 0.590820 0.355469 0.591797 0.354492 0.592773 0.354492 0.592773 0.340820 0.593750 0.339844 0.591797 0.337891 0.591797 0.336914 0.588867 0.333984 0.588867 0.333008 0.585938 0.330078 0.585938 0.329102 0.583008 0.326172 0.583008 0.325195 0.580078 0.322266
1 0.576172 0.325195 0.574219 0.325195 0.574219 0.335938 0.575195 0.336914 0.576172 0.335938 0.576172 0.332031 0.577148 0.331055 0.577148 0.326172
0 0.317383 0.403320 0.316406 0.404297 0.309570 0.404297 0.308594 0.405273 0.301758 0.405273 0.300781 0.406250 0.298828 0.406250 0.298828 0.412109 0.297852 0.413086 0.297852 0.425781 0.299805 0.427734 0.300781 0.427734 0.301758 0.428711 0.302734 0.428711 0.304688 0.430664 0.305664 0.430664 0.307617 0.432617 0.311523 0.432617 0.312500 0.431641 0.320312 0.431641 0.321289 0.430664 0.326172 0.430664 0.326172 0.427734 0.327148 0.426758 0.327148 0.413086 0.328125 0.412109 0.328125 0.411133 0.327148 0.410156 0.326172 0.410156 0.324219 0.408203 0.323242 0.408203 0.320312 0.405273 0.319336 0.405273
0 0.525391 0.365234 0.524414 0.366211 0.524414 0.367188 0.523438 0.368164 0.523438 0.370117 0.522461 0.371094 0.522461 0.372070 0.521484 0.373047 0.521484 0.374023 0.520508 0.375000 0.520508 0.376953 0.519531 0.377930 0.519531 0.378906 0.518555 0.379883 0.518555 0.382812 0.527344 0.391602 0.533203 0.391602 0.534180 0.392578 0.541992 0.392578 0.541992 0.391602 0.542969 0.390625 0.542969 0.389648 0.543945 0.388672 0.543945 0.387695 0.544922 0.386719 0.544922 0.385742 0.545898 0.384766 0.545898 0.382812 0.546875 0.381836 0.546875 0.380859 0.547852 0.379883 0.547852 0.378906 0.548828 0.377930 0.548828 0.376953 0.545898 0.374023 0.545898 0.373047 0.540039 0.367188 0.535156 0.367188 0.534180 0.366211 0.527344 0.366211 0.526367 0.365234
1 0.601562 0.382812 0.601562 0.383789 0.602539 0.384766 0.602539 0.386719 0.603516 0.386719 0.603516 0.384766
1 0.599609 0.375000 0.599609 0.375977 0.598633 0.376953 0.599609 0.377930 0.598633 0.376953 0.599609 0.375977
1 0.523438 0.367188 0.522461 0.367188 0.522461 0.369141 0.522461 0.368164
0 0.615234 0.380859 0.611328 0.380859 0.610352 0.381836 0.607422 0.381836 0.606445 0.382812 0.604492 0.382812 0.604492 0.384766 0.605469 0.385742 0.603516 0.387695 0.602539 0.387695 0.601562 0.386719 0.601562 0.384766 0.600586 0.383789 0.598633 0.383789 0.596680 0.385742 0.596680 0.386719 0.594727 0.388672 0.594727 0.389648 0.592773 0.391602 0.592773 0.394531 0.593750 0.395508 0.593750 0.396484 0.594727 0.397461 0.594727 0.399414 0.595703 0.400391 0.595703 0.401367 0.596680 0.402344 0.596680 0.404297 0.597656 0.405273 0.597656 0.406250 0.598633 0.407227 0.598633 0.409180 0.600586 0.409180 0.601562 0.408203 0.605469 0.408203 0.606445 0.407227 0.610352 0.407227 0.611328 0.406250 0.614258 0.406250 0.615234 0.405273 0.616211 0.405273 0.617188 0.404297 0.617188 0.403320 0.618164 0.402344 0.618164 0.401367 0.620117 0.399414 0.620117 0.398438 0.621094 0.397461 0.621094 0.396484 0.620117 0.395508 0.620117 0.393555 0.619141 0.392578 0.619141 0.390625 0.618164 0.389648 0.618164 0.388672 0.617188 0.387695 0.617188 0.385742 0.616211 0.384766 0.616211 0.382812 0.615234 0.381836
1 0.598633 0.375000 0.598633 0.375977 0.600586 0.377930 0.599609 0.378906 0.600586 0.379883 0.600586 0.381836 0.601562 0.381836 0.603516 0.383789 0.603516 0.382812 0.602539 0.381836 0.602539 0.379883 0.601562 0.378906 0.601562 0.377930 0.600586 0.376953 0.600586 0.375000 0.600586 0.375977 0.599609 0.376953 0.598633 0.375977
0 0.336914 0.575195 0.333984 0.578125 0.333008 0.578125 0.330078 0.581055 0.329102 0.581055 0.325195 0.584961 0.324219 0.584961 0.324219 0.585938 0.325195 0.586914 0.325195 0.596680 0.327148 0.598633 0.328125 0.598633 0.330078 0.600586 0.331055 0.600586 0.333008 0.602539 0.333984 0.602539 0.336914 0.605469 0.338867 0.605469 0.343750 0.600586 0.344727 0.600586 0.348633 0.596680 0.349609 0.596680 0.350586 0.595703 0.350586 0.583984 0.349609 0.583984 0.347656 0.582031 0.346680 0.582031 0.344727 0.580078 0.343750 0.580078 0.340820 0.577148 0.339844 0.577148 0.337891 0.575195
1 0.322266 0.579102 0.322266 0.581055 0.323242 0.581055 0.325195 0.583008 0.326172 0.583008 0.327148 0.582031 0.326172 0.581055 0.325195 0.581055 0.323242 0.579102
0 0.702148 0.699219 0.696289 0.699219 0.695312 0.700195 0.688477 0.700195 0.687500 0.701172 0.682617 0.701172 0.681641 0.702148 0.681641 0.703125 0.680664 0.704102 0.680664 0.705078 0.679688 0.706055 0.679688 0.707031 0.677734 0.708984 0.677734 0.709961 0.676758 0.710938 0.676758 0.711914 0.675781 0.712891 0.675781 0.713867 0.673828 0.715820 0.673828 0.716797 0.672852 0.717773 0.672852 0.719727 0.674805 0.721680 0.674805 0.722656 0.677734 0.725586 0.677734 0.726562 0.680664 0.729492 0.680664 0.730469 0.682617 0.732422 0.683594 0.732422 0.683594 0.731445 0.684570 0.730469 0.684570 0.729492 0.686523 0.727539 0.686523 0.726562 0.687500 0.725586 0.688477 0.725586 0.690430 0.727539 0.690430 0.729492 0.689453 0.730469 0.689453 0.731445 0.688477 0.732422 0.688477 0.733398 0.687500 0.734375 0.687500 0.735352 0.686523 0.736328 0.686523 0.737305 0.691406 0.737305 0.692383 0.736328 0.703125 0.736328 0.704102 0.735352 0.706055 0.735352 0.706055 0.734375 0.707031 0.733398 0.707031 0.732422 0.708008 0.731445 0.708008 0.730469 0.708984 0.729492 0.708984 0.728516 0.710938 0.726562 0.710938 0.725586 0.711914 0.724609 0.711914 0.723633 0.712891 0.722656 0.712891 0.721680 0.713867 0.720703 0.713867 0.719727 0.714844 0.718750 0.714844 0.716797 0.712891 0.714844 0.712891 0.713867 0.710938 0.711914 0.710938 0.710938 0.708008 0.708008 0.708008 0.707031 0.705078 0.704102 0.705078 0.703125 0.703125 0.701172 0.703125 0.700195
1 0.688477 0.726562 0.685547 0.729492 0.685547 0.730469 0.684570 0.731445 0.684570 0.732422 0.683594 0.733398 0.683594 0.734375 0.682617 0.735352 0.682617 0.736328 0.680664 0.738281 0.680664 0.739258 0.681641 0.740234 0.683594 0.740234 0.683594 0.739258 0.684570 0.738281 0.684570 0.737305 0.686523 0.735352 0.686523 0.734375 0.687500 0.733398 0.687500 0.732422 0.688477 0.731445 0.688477 0.730469 0.689453 0.729492 0.689453 0.727539
0 0.602539 0.552734 0.602539 0.569336 0.601562 0.570312 0.601562 0.577148 0.610352 0.577148 0.611328 0.578125 0.620117 0.578125 0.621094 0.579102 0.625000 0.579102 0.625977 0.578125 0.627930 0.578125 0.628906 0.577148 0.630859 0.577148 0.631836 0.576172 0.632812 0.576172 0.633789 0.575195 0.633789 0.558594 0.634766 0.557617 0.634766 0.550781 0.625977 0.550781 0.625000 0.549805 0.617188 0.549805 0.616211 0.548828 0.610352 0.548828 0.609375 0.549805 0.608398 0.549805 0.607422 0.550781 0.606445 0.550781 0.605469 0.551758 0.604492 0.551758 0.603516 0.552734
1 0.634766 0.564453 0.634766 0.566406 0.635742 0.566406 0.636719 0.567383 0.645508 0.567383 0.645508 0.565430 0.636719 0.565430 0.635742 0.564453
