0 0.393555 0.499023 0.392578 0.499023 0.391602 0.500000 0.387695 0.500000 0.386719 0.500977 0.383789 0.500977 0.382812 0.501953 0.378906 0.501953 0.377930 0.502930 0.375000 0.502930 0.374023 0.503906 0.370117 0.503906 0.371094 0.504883 0.371094 0.507812 0.372070 0.508789 0.372070 0.512695 0.373047 0.512695 0.374023 0.513672 0.374023 0.515625 0.373047 0.516602 0.374023 0.517578 0.374023 0.521484 0.375000 0.522461 0.375000 0.524414 0.375977 0.525391 0.377930 0.525391 0.378906 0.524414 0.381836 0.524414 0.382812 0.523438 0.385742 0.523438 0.386719 0.522461 0.390625 0.522461 0.391602 0.521484 0.394531 0.521484 0.395508 0.520508 0.398438 0.520508 0.398438 0.517578 0.397461 0.516602 0.397461 0.513672 0.396484 0.512695 0.396484 0.508789 0.395508 0.507812 0.395508 0.504883 0.394531 0.503906 0.394531 0.500000
1 0.373047 0.513672 0.372070 0.514648 0.368164 0.514648 0.367188 0.515625 0.364258 0.515625 0.363281 0.516602 0.360352 0.516602 0.359375 0.517578 0.359375 0.518555 0.360352 0.518555 0.361328 0.517578 0.365234 0.517578 0.366211 0.516602 0.369141 0.516602 0.370117 0.515625 0.373047 0.515625
0 0.375000 0.315430 0.375000 0.324219 0.374023 0.325195 0.374023 0.335938 0.373047 0.336914 0.373047 0.337891 0.378906 0.337891 0.379883 0.338867 0.385742 0.338867 0.386719 0.339844 0.392578 0.339844 0.393555 0.340820 0.395508 0.340820 0.396484 0.339844 0.402344 0.339844 0.402344 0.335938 0.403320 0.334961 0.403320 0.325195 0.404297 0.324219 0.404297 0.316406 0.399414 0.316406 0.398438 0.315430 0.392578 0.315430 0.391602 0.314453 0.386719 0.314453 0.385742 0.313477 0.380859 0.313477 0.379883 0.314453 0.376953 0.314453 0.375977 0.315430
1 0.390625 0.299805 0.389648 0.300781 0.389648 0.311523 0.388672 0.312500 0.388672 0.313477 0.390625 0.313477 0.391602 0.312500 0.391602 0.301758 0.392578 0.300781 0.391602 0.300781
0 0.645508 0.502930 0.644531 0.503906 0.644531 0.504883 0.643555 0.505859 0.643555 0.507812 0.642578 0.508789 0.642578 0.510742 0.641602 0.511719 0.641602 0.513672 0.640625 0.514648 0.640625 0.516602 0.639648 0.517578 0.639648 0.519531 0.638672 0.520508 0.638672 0.522461 0.637695 0.523438 0.637695 0.525391 0.639648 0.525391 0.640625 0.526367 0.642578 0.526367 0.643555 0.527344 0.644531 0.527344 0.645508 0.528320 0.650391 0.528320 0.651367 0.529297 0.651367 0.530273 0.653320 0.530273 0.654297 0.531250 0.656250 0.531250 0.657227 0.532227 0.662109 0.532227 0.663086 0.531250 0.663086 0.529297 0.664062 0.528320 0.664062 0.526367 0.665039 0.525391 0.665039 0.523438 0.666016 0.522461 0.666016 0.520508 0.666992 0.519531 0.666992 0.517578 0.667969 0.516602 0.667969 0.514648 0.668945 0.513672 0.668945 0.511719 0.669922 0.510742 0.669922 0.509766 0.667969 0.509766 0.666992 0.508789 0.665039 0.508789 0.664062 0.507812 0.663086 0.507812 0.662109 0.506836 0.660156 0.506836 0.659180 0.505859 0.657227 0.505859 0.656250 0.504883 0.654297 0.504883 0.653320 0.503906 0.651367 0.503906 0.650391 0.502930 0.648438 0.502930 0.647461 0.501953 0.646484 0.502930
1 0.650391 0.529297 0.648438 0.529297 0.648438 0.530273 0.647461 0.531250 0.647461 0.533203 0.646484 0.534180 0.646484 0.536133 0.645508 0.537109 0.645508 0.539062 0.644531 0.540039 0.644531 0.541992 0.643555 0.542969 0.644531 0.542969 0.645508 0.543945 0.645508 0.541992 0.646484 0.541016 0.646484 0.539062 0.647461 0.538086 0.647461 0.536133 0.648438 0.535156 0.648438 0.534180 0.649414 0.533203 0.649414 0.531250 0.650391 0.530273
0 0.392578 0.579102 0.391602 0.580078 0.390625 0.580078 0.388672 0.582031 0.387695 0.582031 0.385742 0.583984 0.384766 0.583984 0.382812 0.585938 0.381836 0.585938 0.379883 0.587891 0.378906 0.587891 0.377930 0.588867 0.376953 0.588867 0.375000 0.590820 0.374023 0.590820 0.372070 0.592773 0.371094 0.592773 0.371094 0.593750 0.373047 0.595703 0.373047 0.596680 0.374023 0.597656 0.374023 0.598633 0.375977 0.600586 0.375977 0.601562 0.377930 0.603516 0.377930 0.604492 0.378906 0.605469 0.378906 0.606445 0.380859 0.608398 0.380859 0.609375 0.382812 0.611328 0.382812 0.612305 0.384766 0.614258 0.384766 0.615234 0.386719 0.617188 0.386719 0.618164 0.388672 0.620117 0.388672 0.621094 0.390625 0.623047 0.391602 0.623047 0.392578 0.622070 0.393555 0.622070 0.395508 0.620117 0.396484 0.620117 0.398438 0.618164 0.399414 0.618164 0.400391 0.617188 0.398438 0.615234 0.398438 0.614258 0.396484 0.612305 0.396484 0.611328 0.394531 0.609375 0.394531 0.607422 0.395508 0.606445 0.396484 0.606445 0.399414 0.609375 0.399414 0.610352 0.401367 0.612305 0.401367 0.613281 0.403320 0.615234 0.404297 0.614258 0.405273 0.614258 0.407227 0.612305 0.408203 0.612305 0.410156 0.610352 0.411133 0.610352 0.412109 0.609375 0.412109 0.608398 0.410156 0.606445 0.410156 0.605469 0.408203 0.603516 0.408203 0.602539 0.407227 0.601562 0.407227 0.600586 0.405273 0.598633 0.405273 0.597656 0.403320 0.595703 0.403320 0.594727 0.402344 0.593750 0.402344 0.592773 0.400391 0.590820 0.400391 0.589844 0.397461 0.586914 0.397461 0.585938 0.395508 0.583984 0.395508 0.583008 0.393555 0.581055 0.393555 0.580078
1 0.395508 0.607422 0.395508 0.609375 0.397461 0.611328 0.397461 0.612305 0.399414 0.614258 0.399414 0.615234 0.401367 0.617188 0.401367 0.618164 0.402344 0.618164 0.403320 0.617188 0.402344 0.616211 0.402344 0.615234 0.400391 0.613281 0.400391 0.612305 0.398438 0.610352 0.398438 0.609375 0.396484 0.607422
1 0.304688 0.586914 0.304688 0.587891 0.303711 0.588867 0.304688 0.587891
1 0.307617 0.581055 0.306641 0.582031 0.306641 0.583008 0.305664 0.583984 0.306641 0.583008 0.306641 0.582031
0 0.298828 0.577148 0.294922 0.581055 0.293945 0.581055 0.284180 0.590820 0.284180 0.591797 0.283203 0.592773 0.283203 0.593750 0.282227 0.594727 0.282227 0.596680 0.281250 0.597656 0.281250 0.598633 0.280273 0.599609 0.280273 0.601562 0.279297 0.602539 0.279297 0.603516 0.278320 0.604492 0.278320 0.606445 0.279297 0.607422 0.280273 0.607422 0.283203 0.610352 0.284180 0.610352 0.286133 0.612305 0.287109 0.612305 0.289062 0.614258 0.290039 0.614258 0.292969 0.617188 0.293945 0.617188 0.295898 0.619141 0.296875 0.619141 0.297852 0.620117 0.298828 0.620117 0.300781 0.618164 0.300781 0.617188 0.312500 0.605469 0.312500 0.604492 0.313477 0.603516 0.313477 0.602539 0.314453 0.601562 0.314453 0.600586 0.315430 0.599609 0.315430 0.597656 0.316406 0.596680 0.316406 0.595703 0.317383 0.594727 0.317383 0.593750 0.318359 0.592773 0.318359 0.590820 0.317383 0.589844 0.316406 0.589844 0.313477 0.586914 0.312500 0.586914 0.310547 0.584961 0.309570 0.584961 0.307617 0.583008 0.306641 0.583984 0.306641 0.584961 0.305664 0.585938 0.305664 0.587891 0.304688 0.588867 0.304688 0.589844 0.301758 0.592773 0.300781 0.592773 0.299805 0.591797 0.299805 0.588867 0.300781 0.587891 0.300781 0.586914 0.301758 0.585938 0.301758 0.584961 0.302734 0.583984 0.302734 0.582031 0.303711 0.581055 0.303711 0.580078 0.302734 0.580078 0.300781 0.578125 0.299805 0.578125
1 0.650391 0.717773 0.649414 0.718750 0.650391 0.718750
1 0.305664 0.580078 0.303711 0.582031 0.303711 0.583984 0.302734 0.584961 0.302734 0.585938 0.301758 0.586914 0.301758 0.587891 0.300781 0.588867 0.300781 0.590820 0.301758 0.591797 0.303711 0.589844 0.302734 0.588867 0.303711 0.587891 0.303711 0.586914 0.305664 0.584961 0.304688 0.583984 0.305664 0.583008 0.305664 0.582031 0.306641 0.581055
0 0.627930 0.695312 0.622070 0.701172 0.622070 0.702148 0.618164 0.706055 0.618164 0.716797 0.619141 0.717773 0.619141 0.721680 0.620117 0.721680 0.621094 0.722656 0.623047 0.722656 0.624023 0.723633 0.625000 0.723633 0.625977 0.724609 0.626953 0.724609 0.627930 0.725586 0.629883 0.725586 0.630859 0.726562 0.631836 0.726562 0.632812 0.727539 0.633789 0.727539 0.634766 0.728516 0.635742 0.728516 0.641602 0.722656 0.641602 0.721680 0.644531 0.718750 0.643555 0.718750 0.642578 0.717773 0.641602 0.717773 0.639648 0.715820 0.641602 0.713867 0.643555 0.713867 0.644531 0.714844 0.645508 0.714844 0.645508 0.702148 0.644531 0.701172 0.643555 0.701172 0.642578 0.700195 0.640625 0.700195 0.639648 0.699219 0.638672 0.699219 0.637695 0.698242 0.636719 0.698242 0.635742 0.697266 0.633789 0.697266 0.632812 0.696289 0.631836 0.696289 0.630859 0.695312
1 0.641602 0.714844 0.641602 0.715820 0.642578 0.716797 0.643555 0.716797 0.644531 0.717773 0.645508 0.717773 0.646484 0.718750 0.647461 0.718750 0.648438 0.719727 0.649414 0.719727 0.650391 0.720703 0.653320 0.720703 0.653320 0.719727 0.652344 0.718750 0.651367 0.718750 0.650391 0.719727 0.649414 0.719727 0.648438 0.718750 0.649414 0.717773 0.648438 0.716797 0.645508 0.716797 0.643555 0.714844
0 0.343750 0.458008 0.341797 0.458008 0.340820 0.458984 0.339844 0.458984 0.338867 0.459961 0.337891 0.459961 0.336914 0.460938 0.335938 0.460938 0.334961 0.461914 0.333984 0.461914 0.333008 0.462891 0.332031 0.462891 0.324219 0.470703 0.324219 0.471680 0.327148 0.474609 0.327148 0.475586 0.329102 0.477539 0.329102 0.478516 0.332031 0.481445 0.332031 0.482422 0.333984 0.484375 0.334961 0.483398 0.335938 0.483398 0.337891 0.481445 0.338867 0.481445 0.339844 0.480469 0.340820 0.480469 0.341797 0.479492 0.342773 0.479492 0.343750 0.478516 0.344727 0.478516 0.352539 0.470703 0.352539 0.469727 0.349609 0.466797 0.349609 0.465820 0.347656 0.463867 0.347656 0.462891 0.344727 0.459961 0.344727 0.458984
1 0.352539 0.463867 0.351562 0.462891 0.350586 0.463867 0.349609 0.463867 0.349609 0.464844 0.350586 0.464844 0.351562 0.463867
0 0.376953 0.428711 0.375977 0.428711 0.375000 0.429688 0.371094 0.429688 0.370117 0.430664 0.367188 0.430664 0.366211 0.431641 0.363281 0.431641 0.362305 0.432617 0.359375 0.432617 0.358398 0.433594 0.358398 0.434570 0.359375 0.435547 0.359375 0.439453 0.360352 0.440430 0.360352 0.444336 0.361328 0.445312 0.361328 0.449219 0.362305 0.450195 0.362305 0.451172 0.364258 0.453125 0.365234 0.453125 0.366211 0.454102 0.367188 0.454102 0.368164 0.453125 0.371094 0.453125 0.372070 0.452148 0.375000 0.452148 0.375977 0.451172 0.378906 0.451172 0.379883 0.450195 0.383789 0.450195 0.383789 0.446289 0.382812 0.445312 0.382812 0.442383 0.381836 0.441406 0.381836 0.437500 0.380859 0.436523 0.380859 0.432617
1 0.359375 0.443359 0.358398 0.444336 0.354492 0.444336 0.353516 0.445312 0.350586 0.445312 0.349609 0.446289 0.349609 0.447266 0.351562 0.447266 0.352539 0.446289 0.355469 0.446289 0.356445 0.445312 0.359375 0.445312
