0 0.458984 0.486328 0.456055 0.489258 0.456055 0.490234 0.454102 0.492188 0.454102 0.493164 0.451172 0.496094 0.451172 0.497070 0.448242 0.500000 0.448242 0.500977 0.445312 0.503906 0.445312 0.507812 0.444336 0.508789 0.444336 0.515625 0.445312 0.515625 0.447266 0.517578 0.448242 0.517578 0.449219 0.518555 0.450195 0.518555 0.452148 0.520508 0.453125 0.520508 0.454102 0.521484 0.455078 0.521484 0.457031 0.523438 0.458008 0.523438 0.458984 0.524414 0.459961 0.524414 0.461914 0.526367 0.462891 0.526367 0.464844 0.528320 0.465820 0.527344 0.465820 0.526367 0.468750 0.523438 0.468750 0.522461 0.471680 0.519531 0.471680 0.518555 0.474609 0.515625 0.474609 0.514648 0.477539 0.511719 0.477539 0.510742 0.478516 0.509766 0.478516 0.499023 0.476562 0.497070 0.475586 0.497070 0.474609 0.496094 0.473633 0.496094 0.471680 0.494141 0.470703 0.494141 0.468750 0.492188 0.467773 0.492188 0.466797 0.491211 0.465820 0.491211 0.463867 0.489258 0.462891 0.489258 0.460938 0.487305 0.459961 0.487305
1 0.461914 0.511719 0.460938 0.511719 0.459961 0.512695 0.459961 0.520508 0.461914 0.520508 0.462891 0.519531 0.462891 0.512695
0 0.315430 0.330078 0.307617 0.337891 0.307617 0.338867 0.297852 0.348633 0.305664 0.356445 0.306641 0.356445 0.317383 0.367188 0.319336 0.367188 0.320312 0.368164 0.322266 0.368164 0.323242 0.369141 0.325195 0.367188 0.325195 0.366211 0.337891 0.353516 0.337891 0.352539 0.339844 0.350586 0.322266 0.333008 0.321289 0.333008 0.320312 0.332031 0.319336 0.332031 0.318359 0.331055 0.317383 0.331055 0.316406 0.330078
1 0.297852 0.328125 0.296875 0.329102 0.306641 0.338867 0.306641 0.337891 0.307617 0.336914 0.298828 0.328125
0 0.571289 0.351562 0.568359 0.351562 0.567383 0.352539 0.565430 0.352539 0.564453 0.353516 0.561523 0.353516 0.559570 0.355469 0.559570 0.356445 0.557617 0.358398 0.557617 0.359375 0.555664 0.361328 0.555664 0.362305 0.553711 0.364258 0.553711 0.365234 0.551758 0.367188 0.551758 0.368164 0.550781 0.369141 0.561523 0.379883 0.562500 0.379883 0.564453 0.381836 0.566406 0.381836 0.567383 0.380859 0.569336 0.380859 0.570312 0.379883 0.572266 0.379883 0.573242 0.378906 0.574219 0.378906 0.575195 0.377930 0.575195 0.375977 0.573242 0.374023 0.575195 0.372070 0.576172 0.372070 0.578125 0.374023 0.578125 0.373047 0.580078 0.371094 0.580078 0.370117 0.582031 0.368164 0.582031 0.367188 0.583984 0.365234 0.583984 0.363281 0.581055 0.360352 0.580078 0.360352
1 0.575195 0.373047 0.574219 0.374023 0.583008 0.382812 0.583984 0.382812 0.583984 0.380859 0.576172 0.373047
0 0.626953 0.421875 0.625977 0.422852 0.625000 0.422852 0.624023 0.423828 0.623047 0.423828 0.622070 0.424805 0.621094 0.424805 0.620117 0.425781 0.619141 0.425781 0.618164 0.426758 0.617188 0.426758 0.616211 0.427734 0.615234 0.427734 0.614258 0.428711 0.613281 0.428711 0.611328 0.430664 0.610352 0.430664 0.609375 0.431641 0.608398 0.431641 0.607422 0.432617 0.606445 0.432617 0.605469 0.433594 0.604492 0.433594 0.604492 0.436523 0.605469 0.437500 0.605469 0.438477 0.606445 0.439453 0.606445 0.441406 0.607422 0.442383 0.607422 0.443359 0.608398 0.444336 0.608398 0.445312 0.609375 0.446289 0.609375 0.448242 0.610352 0.449219 0.610352 0.450195 0.611328 0.451172 0.611328 0.452148 0.612305 0.453125 0.612305 0.454102 0.614258 0.456055 0.614258 0.457031 0.616211 0.458984 0.616211 0.459961 0.618164 0.461914 0.618164 0.462891 0.620117 0.464844 0.620117 0.465820 0.621094 0.466797 0.622070 0.466797 0.623047 0.465820 0.624023 0.465820 0.625000 0.464844 0.625977 0.464844 0.626953 0.463867 0.627930 0.463867 0.628906 0.462891 0.629883 0.462891 0.630859 0.461914 0.631836 0.461914 0.632812 0.460938 0.633789 0.460938 0.634766 0.459961 0.635742 0.459961 0.636719 0.458984 0.637695 0.458984 0.638672 0.458008 0.639648 0.458008 0.640625 0.457031 0.641602 0.457031 0.642578 0.456055 0.643555 0.456055 0.644531 0.455078 0.644531 0.453125 0.643555 0.452148 0.643555 0.451172 0.642578 0.450195 0.642578 0.448242 0.641602 0.447266 0.641602 0.446289 0.640625 0.445312 0.640625 0.443359 0.639648 0.442383 0.639648 0.440430 0.638672 0.439453 0.638672 0.438477 0.637695 0.437500 0.637695 0.436523 0.636719 0.435547 0.636719 0.434570 0.634766 0.432617 0.634766 0.431641 0.631836 0.428711 0.631836 0.427734 0.629883 0.425781 0.629883 0.424805
1 0.586914 0.474609 0.586914 0.475586 0.587891 0.476562 0.587891 0.474609
1 0.652344 0.429688 0.651367 0.428711 0.650391 0.429688 0.649414 0.429688 0.648438 0.430664 0.647461 0.430664 0.646484 0.431641 0.645508 0.431641 0.644531 0.432617 0.643555 0.432617 0.642578 0.433594 0.641602 0.433594 0.640625 0.434570 0.639648 0.434570 0.638672 0.435547 0.637695 0.435547 0.638672 0.436523 0.638672 0.437500 0.639648 0.438477 0.640625 0.437500 0.641602 0.437500 0.642578 0.436523 0.643555 0.436523 0.644531 0.435547 0.645508 0.435547 0.646484 0.434570 0.647461 0.434570 0.649414 0.432617 0.650391 0.432617 0.651367 0.431641 0.652344 0.431641
0 0.567383 0.496094 0.567383 0.502930 0.568359 0.503906 0.568359 0.519531 0.569336 0.520508 0.569336 0.524414 0.596680 0.524414 0.597656 0.523438 0.602539 0.523438 0.603516 0.522461 0.608398 0.522461 0.609375 0.521484 0.610352 0.521484 0.609375 0.520508 0.609375 0.504883 0.608398 0.503906 0.608398 0.493164 0.589844 0.493164 0.586914 0.496094 0.585938 0.496094 0.584961 0.495117 0.584961 0.493164 0.583984 0.494141 0.577148 0.494141 0.576172 0.495117 0.569336 0.495117 0.568359 0.496094
1 0.584961 0.474609 0.584961 0.481445 0.585938 0.482422 0.585938 0.494141 0.587891 0.494141 0.588867 0.493164 0.588867 0.476562 0.587891 0.477539 0.585938 0.475586 0.585938 0.474609
0 0.643555 0.542969 0.642578 0.543945 0.641602 0.543945 0.631836 0.553711 0.631836 0.555664 0.632812 0.556641 0.632812 0.557617 0.633789 0.558594 0.633789 0.559570 0.635742 0.561523 0.635742 0.562500 0.636719 0.563477 0.636719 0.564453 0.637695 0.565430 0.637695 0.566406 0.638672 0.567383 0.638672 0.568359 0.641602 0.568359 0.642578 0.569336 0.645508 0.569336 0.646484 0.570312 0.649414 0.570312 0.650391 0.571289 0.662109 0.559570 0.662109 0.558594 0.661133 0.557617 0.661133 0.556641 0.660156 0.555664 0.660156 0.554688 0.658203 0.552734 0.658203 0.551758 0.657227 0.550781 0.657227 0.549805 0.656250 0.548828 0.656250 0.547852 0.655273 0.546875 0.655273 0.545898 0.653320 0.545898 0.652344 0.544922 0.649414 0.544922 0.648438 0.543945 0.644531 0.543945
1 0.661133 0.542969 0.659180 0.544922 0.658203 0.544922 0.656250 0.546875 0.657227 0.547852 0.658203 0.546875 0.659180 0.546875 0.661133 0.544922
0 0.235352 0.684570 0.234375 0.685547 0.234375 0.689453 0.233398 0.690430 0.233398 0.693359 0.232422 0.694336 0.232422 0.697266 0.231445 0.698242 0.231445 0.702148 0.230469 0.703125 0.230469 0.706055 0.229492 0.707031 0.230469 0.707031 0.235352 0.711914 0.236328 0.711914 0.237305 0.712891 0.248047 0.712891 0.249023 0.713867 0.258789 0.713867 0.258789 0.711914 0.259766 0.710938 0.259766 0.708008 0.260742 0.707031 0.260742 0.703125 0.261719 0.702148 0.261719 0.699219 0.262695 0.698242 0.262695 0.695312 0.263672 0.694336 0.263672 0.691406 0.261719 0.689453 0.260742 0.689453 0.258789 0.687500 0.257812 0.687500 0.256836 0.686523 0.251953 0.686523 0.250977 0.685547 0.242188 0.685547 0.241211 0.684570
0 0.306641 0.541992 0.305664 0.542969 0.305664 0.543945 0.304688 0.544922 0.304688 0.546875 0.303711 0.547852 0.303711 0.548828 0.302734 0.549805 0.302734 0.550781 0.301758 0.551758 0.301758 0.552734 0.300781 0.553711 0.300781 0.554688 0.299805 0.555664 0.299805 0.556641 0.298828 0.557617 0.298828 0.558594 0.297852 0.559570 0.297852 0.560547 0.296875 0.561523 0.296875 0.562500 0.295898 0.563477 0.295898 0.565430 0.294922 0.566406 0.294922 0.567383 0.293945 0.568359 0.293945 0.569336 0.292969 0.570312 0.292969 0.571289 0.291992 0.572266 0.292969 0.573242 0.293945 0.573242 0.294922 0.574219 0.295898 0.574219 0.296875 0.575195 0.298828 0.575195 0.299805 0.576172 0.300781 0.576172 0.301758 0.577148 0.301758 0.576172 0.302734 0.575195 0.302734 0.574219 0.303711 0.573242 0.303711 0.571289 0.304688 0.570312 0.304688 0.569336 0.305664 0.568359 0.306641 0.569336 0.307617 0.569336 0.308594 0.570312 0.307617 0.571289 0.307617 0.572266 0.306641 0.573242 0.306641 0.575195 0.305664 0.576172 0.305664 0.577148 0.304688 0.578125 0.305664 0.578125 0.306641 0.579102 0.307617 0.579102 0.308594 0.580078 0.309570 0.580078 0.310547 0.581055 0.312500 0.581055 0.313477 0.582031 0.314453 0.581055 0.314453 0.580078 0.315430 0.579102 0.315430 0.578125 0.316406 0.577148 0.316406 0.576172 0.317383 0.575195 0.317383 0.574219 0.318359 0.573242 0.318359 0.572266 0.319336 0.571289 0.319336 0.570312 0.321289 0.568359 0.321289 0.566406 0.322266 0.565430 0.322266 0.564453 0.323242 0.563477 0.323242 0.562500 0.324219 0.561523 0.324219 0.559570 0.325195 0.558594 0.325195 0.557617 0.326172 0.556641 0.326172 0.555664 0.327148 0.554688 0.327148 0.552734 0.328125 0.551758 0.327148 0.551758 0.326172 0.550781 0.325195 0.550781 0.324219 0.549805 0.323242 0.549805 0.322266 0.548828 0.321289 0.548828 0.320312 0.547852 0.318359 0.547852 0.317383 0.546875 0.316406 0.546875 0.315430 0.545898 0.314453 0.545898 0.313477 0.544922 0.312500 0.544922 0.311523 0.543945 0.309570 0.543945 0.308594 0.542969 0.307617 0.542969
1 0.305664 0.569336 0.306641 0.570312 0.305664 0.571289 0.304688 0.571289 0.304688 0.573242 0.303711 0.574219 0.303711 0.575195 0.302734 0.576172 0.302734 0.577148 0.301758 0.578125 0.302734 0.579102 0.301758 0.580078 0.300781 0.580078 0.300781 0.582031 0.301758 0.582031 0.302734 0.581055 0.301758 0.580078 0.302734 0.579102 0.303711 0.579102 0.303711 0.578125 0.304688 0.577148 0.304688 0.576172 0.305664 0.575195 0.305664 0.573242 0.306641 0.572266 0.306641 0.570312
