0 0.527344 0.708984 0.526367 0.709961 0.526367 0.714844 0.525391 0.715820 0.525391 0.719727 0.524414 0.720703 0.524414 0.724609 0.523438 0.725586 0.523438 0.729492 0.522461 0.730469 0.522461 0.734375 0.521484 0.735352 0.521484 0.741211 0.522461 0.741211 0.523438 0.742188 0.524414 0.742188 0.525391 0.743164 0.526367 0.743164 0.527344 0.744141 0.528320 0.744141 0.529297 0.745117 0.530273 0.745117 0.531250 0.746094 0.532227 0.746094 0.533203 0.747070 0.534180 0.747070 0.535156 0.748047 0.538086 0.748047 0.539062 0.749023 0.545898 0.749023 0.546875 0.750000 0.553711 0.750000 0.554688 0.750977 0.562500 0.750977 0.563477 0.751953 0.563477 0.750000 0.564453 0.749023 0.564453 0.745117 0.565430 0.744141 0.565430 0.739258 0.566406 0.738281 0.566406 0.734375 0.567383 0.733398 0.567383 0.729492 0.568359 0.728516 0.568359 0.723633 0.569336 0.722656 0.569336 0.718750 0.567383 0.718750 0.566406 0.717773 0.565430 0.717773 0.564453 0.716797 0.563477 0.716797 0.562500 0.715820 0.560547 0.715820 0.559570 0.714844 0.558594 0.714844 0.557617 0.713867 0.556641 0.713867 0.555664 0.712891 0.551758 0.712891 0.550781 0.711914 0.544922 0.711914 0.543945 0.710938 0.538086 0.710938 0.537109 0.709961 0.531250 0.709961 0.530273 0.708984
1 0.551758 0.732422 0.551758 0.735352 0.552734 0.735352 0.553711 0.736328 0.555664 0.736328 0.556641 0.737305 0.557617 0.737305 0.558594 0.738281 0.559570 0.738281 0.560547 0.739258 0.561523 0.739258 0.562500 0.740234 0.564453 0.740234 0.564453 0.738281 0.565430 0.737305 0.564453 0.737305 0.563477 0.736328 0.561523 0.736328 0.560547 0.735352 0.559570 0.735352 0.558594 0.734375 0.557617 0.734375 0.556641 0.733398 0.555664 0.733398 0.554688 0.732422
0 0.555664 0.502930 0.554688 0.503906 0.551758 0.503906 0.550781 0.504883 0.548828 0.504883 0.547852 0.505859 0.544922 0.505859 0.543945 0.506836 0.541992 0.506836 0.541016 0.507812 0.538086 0.507812 0.537109 0.508789 0.535156 0.508789 0.535156 0.513672 0.536133 0.514648 0.536133 0.519531 0.537109 0.520508 0.537109 0.522461 0.538086 0.523438 0.538086 0.525391 0.539062 0.526367 0.539062 0.528320 0.540039 0.529297 0.540039 0.531250 0.541016 0.532227 0.541016 0.534180 0.541992 0.535156 0.541992 0.536133 0.544922 0.536133 0.545898 0.535156 0.547852 0.535156 0.548828 0.534180 0.551758 0.534180 0.552734 0.533203 0.554688 0.533203 0.555664 0.532227 0.558594 0.532227 0.559570 0.531250 0.561523 0.531250 0.562500 0.530273 0.562500 0.524414 0.561523 0.523438 0.561523 0.519531 0.560547 0.518555 0.560547 0.516602 0.559570 0.515625 0.559570 0.513672 0.558594 0.512695 0.558594 0.510742 0.557617 0.509766 0.557617 0.507812 0.556641 0.506836 0.556641 0.504883 0.555664 0.503906
1 0.549805 0.523438 0.548828 0.524414 0.548828 0.531250 0.550781 0.531250 0.550781 0.526367 0.549805 0.525391
0 0.512695 0.398438 0.510742 0.400391 0.509766 0.400391 0.507812 0.402344 0.506836 0.402344 0.504883 0.404297 0.503906 0.404297 0.501953 0.406250 0.500977 0.406250 0.499023 0.408203 0.498047 0.408203 0.498047 0.409180 0.499023 0.410156 0.499023 0.412109 0.500000 0.413086 0.500000 0.414062 0.500977 0.415039 0.500977 0.416016 0.501953 0.416992 0.501953 0.418945 0.502930 0.419922 0.502930 0.420898 0.503906 0.421875 0.503906 0.422852 0.505859 0.424805 0.506836 0.424805 0.508789 0.426758 0.509766 0.426758 0.511719 0.428711 0.512695 0.428711 0.513672 0.429688 0.514648 0.429688 0.515625 0.428711 0.516602 0.428711 0.519531 0.425781 0.520508 0.425781 0.522461 0.423828 0.523438 0.423828 0.525391 0.421875 0.526367 0.421875 0.528320 0.419922 0.529297 0.419922 0.528320 0.418945 0.528320 0.416992 0.527344 0.416016 0.527344 0.415039 0.526367 0.414062 0.526367 0.412109 0.525391 0.411133 0.525391 0.410156 0.524414 0.409180 0.524414 0.407227 0.523438 0.406250 0.523438 0.405273 0.521484 0.403320 0.520508 0.403320 0.518555 0.401367 0.517578 0.401367 0.516602 0.400391 0.515625 0.400391 0.513672 0.398438
1 0.519531 0.426758 0.518555 0.427734 0.518555 0.429688 0.519531 0.430664 0.519531 0.431641 0.520508 0.432617 0.521484 0.431641 0.521484 0.430664 0.520508 0.429688 0.520508 0.428711 0.519531 0.427734
0 0.319336 0.237305 0.314453 0.237305 0.313477 0.238281 0.309570 0.238281 0.308594 0.239258 0.304688 0.239258 0.303711 0.240234 0.298828 0.240234 0.297852 0.241211 0.293945 0.241211 0.292969 0.242188 0.289062 0.242188 0.288086 0.243164 0.288086 0.246094 0.289062 0.247070 0.289062 0.250000 0.290039 0.250977 0.290039 0.253906 0.291016 0.254883 0.291016 0.257812 0.291992 0.258789 0.291992 0.261719 0.292969 0.262695 0.292969 0.265625 0.293945 0.266602 0.293945 0.269531 0.294922 0.270508 0.294922 0.273438 0.295898 0.274414 0.295898 0.277344 0.296875 0.278320 0.296875 0.279297 0.298828 0.279297 0.299805 0.278320 0.303711 0.278320 0.304688 0.277344 0.308594 0.277344 0.309570 0.276367 0.309570 0.274414 0.310547 0.273438 0.312500 0.273438 0.314453 0.275391 0.317383 0.275391 0.318359 0.274414 0.322266 0.274414 0.323242 0.273438 0.327148 0.273438 0.327148 0.268555 0.326172 0.267578 0.326172 0.264648 0.325195 0.263672 0.325195 0.260742 0.324219 0.259766 0.324219 0.256836 0.323242 0.255859 0.323242 0.252930 0.322266 0.251953 0.322266 0.249023 0.321289 0.248047 0.321289 0.245117 0.320312 0.244141 0.320312 0.241211 0.319336 0.240234
1 0.316406 0.384766 0.315430 0.383789 0.314453 0.384766 0.315430 0.383789
1 0.305664 0.378906 0.304688 0.379883 0.304688 0.380859 0.305664 0.380859 0.304688 0.379883
1 0.300781 0.375000 0.299805 0.375977 0.300781 0.376953 0.301758 0.375977
1 0.310547 0.274414 0.310547 0.276367 0.311523 0.277344 0.311523 0.279297 0.312500 0.280273 0.312500 0.284180 0.313477 0.285156 0.313477 0.288086 0.314453 0.289062 0.314453 0.291992 0.315430 0.292969 0.315430 0.295898 0.316406 0.295898 0.317383 0.294922 0.318359 0.294922 0.317383 0.293945 0.317383 0.291016 0.316406 0.290039 0.316406 0.287109 0.315430 0.286133 0.315430 0.283203 0.314453 0.282227 0.314453 0.279297 0.313477 0.278320 0.313477 0.275391 0.312500 0.274414
0 0.295898 0.340820 0.292969 0.340820 0.291992 0.341797 0.288086 0.341797 0.287109 0.342773 0.283203 0.342773 0.282227 0.343750 0.278320 0.343750 0.277344 0.344727 0.274414 0.344727 0.273438 0.345703 0.269531 0.345703 0.268555 0.346680 0.267578 0.346680 0.267578 0.349609 0.266602 0.350586 0.266602 0.358398 0.265625 0.359375 0.265625 0.366211 0.264648 0.367188 0.264648 0.375000 0.263672 0.375977 0.265625 0.377930 0.266602 0.377930 0.271484 0.382812 0.272461 0.382812 0.277344 0.387695 0.278320 0.387695 0.283203 0.392578 0.287109 0.392578 0.288086 0.391602 0.291016 0.391602 0.291992 0.390625 0.294922 0.390625 0.295898 0.389648 0.298828 0.389648 0.299805 0.388672 0.302734 0.388672 0.303711 0.387695 0.306641 0.387695 0.307617 0.386719 0.310547 0.386719 0.307617 0.383789 0.306641 0.383789 0.302734 0.379883 0.301758 0.379883 0.298828 0.376953 0.298828 0.374023 0.299805 0.373047 0.302734 0.373047 0.304688 0.375000 0.305664 0.375000 0.309570 0.378906 0.310547 0.378906 0.312500 0.380859 0.312500 0.379883 0.313477 0.378906 0.313477 0.374023 0.314453 0.373047 0.314453 0.368164 0.315430 0.367188 0.315430 0.361328 0.316406 0.360352 0.316406 0.356445 0.315430 0.355469 0.314453 0.355469 0.310547 0.351562 0.309570 0.351562 0.306641 0.348633 0.305664 0.348633 0.301758 0.344727 0.300781 0.344727 0.297852 0.341797 0.296875 0.341797
1 0.299805 0.374023 0.299805 0.375000 0.300781 0.374023 0.302734 0.375977 0.300781 0.377930 0.299805 0.376953 0.301758 0.378906 0.302734 0.378906 0.303711 0.379883 0.304688 0.378906 0.306641 0.380859 0.305664 0.381836 0.306641 0.382812 0.307617 0.382812 0.312500 0.387695 0.315430 0.387695 0.316406 0.386719 0.316406 0.385742 0.311523 0.380859 0.310547 0.380859 0.307617 0.377930 0.306641 0.377930 0.305664 0.376953 0.305664 0.375977 0.304688 0.375977 0.302734 0.374023
0 0.632812 0.325195 0.629883 0.328125 0.628906 0.328125 0.625000 0.332031 0.624023 0.332031 0.619141 0.336914 0.619141 0.337891 0.618164 0.338867 0.618164 0.340820 0.617188 0.341797 0.617188 0.342773 0.616211 0.343750 0.616211 0.345703 0.615234 0.346680 0.615234 0.347656 0.614258 0.348633 0.614258 0.350586 0.613281 0.351562 0.613281 0.352539 0.612305 0.353516 0.612305 0.355469 0.611328 0.356445 0.611328 0.357422 0.612305 0.357422 0.613281 0.358398 0.614258 0.358398 0.616211 0.360352 0.617188 0.360352 0.619141 0.362305 0.620117 0.362305 0.621094 0.363281 0.622070 0.363281 0.624023 0.365234 0.625000 0.365234 0.626953 0.367188 0.627930 0.367188 0.628906 0.368164 0.629883 0.368164 0.631836 0.370117 0.633789 0.370117 0.634766 0.369141 0.635742 0.369141 0.642578 0.362305 0.643555 0.362305 0.646484 0.359375 0.646484 0.357422 0.647461 0.356445 0.647461 0.355469 0.648438 0.354492 0.648438 0.353516 0.649414 0.352539 0.649414 0.350586 0.650391 0.349609 0.650391 0.348633 0.651367 0.347656 0.651367 0.346680 0.652344 0.345703 0.652344 0.344727 0.653320 0.343750 0.653320 0.341797 0.654297 0.340820 0.654297 0.339844 0.655273 0.338867 0.654297 0.337891 0.653320 0.337891 0.652344 0.336914 0.651367 0.336914 0.649414 0.334961 0.648438 0.334961 0.647461 0.333984 0.646484 0.333984 0.644531 0.332031 0.643555 0.332031 0.642578 0.331055 0.641602 0.331055 0.639648 0.329102 0.638672 0.329102 0.637695 0.328125 0.636719 0.328125 0.634766 0.326172 0.633789 0.326172
1 0.606445 0.332031 0.606445 0.333008 0.607422 0.333984 0.608398 0.333984 0.610352 0.335938 0.611328 0.335938 0.613281 0.337891 0.614258 0.337891 0.616211 0.339844 0.617188 0.339844 0.617188 0.338867 0.618164 0.337891 0.618164 0.336914 0.617188 0.336914 0.615234 0.334961 0.614258 0.334961 0.612305 0.333008 0.611328 0.333008 0.610352 0.332031 0.609375 0.332031 0.608398 0.331055 0.607422 0.331055
0 0.427734 0.535156 0.426758 0.535156 0.424805 0.537109 0.423828 0.537109 0.422852 0.538086 0.421875 0.538086 0.419922 0.540039 0.418945 0.540039 0.417969 0.541016 0.416992 0.541016 0.416016 0.541992 0.415039 0.541992 0.413086 0.543945 0.412109 0.543945 0.411133 0.544922 0.410156 0.544922 0.408203 0.546875 0.407227 0.546875 0.406250 0.547852 0.405273 0.547852 0.403320 0.549805 0.402344 0.549805 0.401367 0.550781 0.400391 0.550781 0.399414 0.551758 0.398438 0.551758 0.396484 0.553711 0.395508 0.553711 0.394531 0.554688 0.393555 0.554688 0.391602 0.556641 0.390625 0.556641 0.389648 0.557617 0.388672 0.557617 0.386719 0.559570 0.385742 0.559570 0.384766 0.560547 0.383789 0.560547 0.383789 0.561523 0.384766 0.562500 0.384766 0.563477 0.385742 0.564453 0.385742 0.565430 0.387695 0.567383 0.387695 0.568359 0.388672 0.569336 0.388672 0.570312 0.390625 0.572266 0.390625 0.573242 0.391602 0.574219 0.391602 0.575195 0.393555 0.577148 0.393555 0.578125 0.394531 0.579102 0.394531 0.580078 0.395508 0.581055 0.395508 0.582031 0.397461 0.583984 0.397461 0.584961 0.398438 0.585938 0.398438 0.586914 0.400391 0.588867 0.400391 0.589844 0.401367 0.590820 0.401367 0.591797 0.402344 0.592773 0.403320 0.591797 0.404297 0.591797 0.405273 0.590820 0.406250 0.590820 0.407227 0.589844 0.408203 0.589844 0.410156 0.587891 0.411133 0.587891 0.412109 0.586914 0.413086 0.586914 0.414062 0.585938 0.415039 0.585938 0.416016 0.584961 0.416992 0.584961 0.418945 0.583008 0.419922 0.583008 0.420898 0.582031 0.421875 0.582031 0.422852 0.581055 0.423828 0.581055 0.424805 0.580078 0.425781 0.580078 0.427734 0.578125 0.428711 0.578125 0.429688 0.577148 0.430664 0.577148 0.432617 0.575195 0.433594 0.575195 0.435547 0.573242 0.436523 0.573242 0.439453 0.570312 0.440430 0.570312 0.442383 0.568359 0.443359 0.568359 0.445312 0.566406 0.446289 0.566406 0.446289 0.565430 0.444336 0.563477 0.444336 0.562500 0.443359 0.561523 0.443359 0.560547 0.441406 0.558594 0.441406 0.557617 0.440430 0.556641 0.440430 0.555664 0.438477 0.553711 0.438477 0.552734 0.437500 0.553711 0.436523 0.553711 0.435547 0.554688 0.434570 0.554688 0.432617 0.556641 0.431641 0.556641 0.430664 0.557617 0.428711 0.557617 0.426758 0.555664 0.426758 0.554688 0.428711 0.552734 0.429688 0.552734 0.430664 0.551758 0.431641 0.551758 0.433594 0.549805 0.434570 0.549805 0.435547 0.548828 0.435547 0.547852 0.434570 0.546875 0.434570 0.545898 0.433594 0.544922 0.433594 0.543945 0.431641 0.541992 0.431641 0.541016 0.430664 0.540039 0.430664 0.539062 0.428711 0.537109 0.428711 0.536133
1 0.449219 0.545898 0.447266 0.543945 0.447266 0.542969 0.445312 0.544922 0.444336 0.544922 0.443359 0.545898 0.442383 0.545898 0.441406 0.546875 0.440430 0.546875 0.438477 0.548828 0.437500 0.548828 0.436523 0.549805 0.435547 0.549805 0.434570 0.550781 0.433594 0.550781 0.431641 0.552734 0.430664 0.552734 0.429688 0.553711 0.428711 0.553711 0.427734 0.554688 0.427734 0.555664 0.428711 0.556641 0.430664 0.556641 0.431641 0.555664 0.432617 0.555664 0.434570 0.553711 0.435547 0.553711 0.436523 0.552734 0.437500 0.552734 0.438477 0.551758 0.439453 0.551758 0.441406 0.549805 0.442383 0.549805 0.443359 0.548828 0.444336 0.548828 0.445312 0.547852 0.446289 0.547852 0.448242 0.545898
1 0.749023 0.412109 0.749023 0.413086 0.748047 0.414062 0.749023 0.413086
0 0.762695 0.383789 0.757812 0.383789 0.756836 0.384766 0.753906 0.384766 0.752930 0.385742 0.750000 0.385742 0.749023 0.386719 0.745117 0.386719 0.745117 0.387695 0.742188 0.390625 0.742188 0.391602 0.739258 0.394531 0.739258 0.395508 0.737305 0.397461 0.737305 0.398438 0.734375 0.401367 0.734375 0.402344 0.731445 0.405273 0.731445 0.406250 0.729492 0.408203 0.729492 0.409180 0.726562 0.412109 0.726562 0.413086 0.723633 0.416016 0.724609 0.416016 0.731445 0.422852 0.732422 0.422852 0.740234 0.430664 0.741211 0.430664 0.749023 0.438477 0.750000 0.438477 0.750977 0.439453 0.752930 0.439453 0.753906 0.438477 0.755859 0.438477 0.756836 0.437500 0.758789 0.437500 0.759766 0.436523 0.762695 0.436523 0.763672 0.435547 0.765625 0.435547 0.766602 0.434570 0.767578 0.434570 0.770508 0.431641 0.770508 0.430664 0.773438 0.427734 0.773438 0.426758 0.777344 0.422852 0.777344 0.421875 0.781250 0.417969 0.781250 0.416992 0.784180 0.414062 0.784180 0.413086 0.788086 0.409180 0.788086 0.408203 0.790039 0.406250 0.789062 0.406250 0.783203 0.400391 0.782227 0.400391 0.777344 0.395508 0.776367 0.395508 0.771484 0.390625 0.770508 0.390625 0.764648 0.384766 0.763672 0.384766
1 0.750000 0.413086 0.749023 0.414062 0.748047 0.413086 0.748047 0.412109 0.747070 0.411133 0.746094 0.412109 0.744141 0.412109 0.743164 0.413086 0.740234 0.413086 0.739258 0.414062 0.736328 0.414062 0.734375 0.416016 0.734375 0.417969 0.735352 0.418945 0.738281 0.418945 0.738281 0.417969 0.739258 0.416992 0.740234 0.417969 0.742188 0.417969 0.743164 0.416992 0.745117 0.416992 0.744141 0.416016 0.745117 0.415039 0.747070 0.415039 0.748047 0.416016 0.749023 0.415039 0.749023 0.414062
