0 0.489152 0.716963 0.488166 0.717949 0.488166 0.718935 0.487179 0.719921 0.487179 0.721893 0.486193 0.722880 0.486193 0.723866 0.485207 0.724852 0.485207 0.725838 0.484221 0.726824 0.484221 0.727811 0.483235 0.728797 0.483235 0.729783 0.482249 0.730769 0.482249 0.732742 0.481262 0.733728 0.481262 0.734714 0.480276 0.735700 0.480276 0.736686 0.479290 0.737673 0.479290 0.738659 0.478304 0.739645 0.478304 0.740631 0.479290 0.741617 0.479290 0.742604 0.481262 0.744576 0.481262 0.745562 0.483235 0.747535 0.483235 0.748521 0.486193 0.751479 0.488166 0.751479 0.489152 0.752465 0.491124 0.752465 0.492110 0.753452 0.494083 0.753452 0.495069 0.754438 0.497041 0.754438 0.498028 0.755424 0.500000 0.755424 0.500986 0.756410 0.502959 0.756410 0.503945 0.757396 0.505917 0.757396 0.506903 0.758383 0.507890 0.758383 0.507890 0.757396 0.508876 0.756410 0.508876 0.754438 0.509862 0.753452 0.509862 0.752465 0.510848 0.751479 0.510848 0.750493 0.511834 0.749507 0.511834 0.748521 0.512821 0.747535 0.512821 0.746548 0.513807 0.745562 0.513807 0.743590 0.514793 0.742604 0.514793 0.741617 0.515779 0.740631 0.515779 0.739645 0.516765 0.738659 0.516765 0.737673 0.517751 0.736686 0.517751 0.733728 0.514793 0.730769 0.514793 0.729783 0.511834 0.726824 0.511834 0.725838 0.510848 0.724852 0.508876 0.724852 0.507890 0.723866 0.506903 0.723866 0.505917 0.722880 0.503945 0.722880 0.502959 0.721893 0.500986 0.721893 0.500000 0.720907 0.498028 0.720907 0.497041 0.719921 0.495069 0.719921 0.494083 0.718935 0.493097 0.718935 0.492110 0.717949 0.490138 0.717949
1 0.500986 0.741617 0.500986 0.744576 0.502959 0.746548 0.502959 0.747535 0.504931 0.749507 0.504931 0.750493 0.507890 0.750493 0.507890 0.748521 0.505917 0.746548 0.505917 0.745562 0.501972 0.741617
0 0.567061 0.535503 0.566075 0.536489 0.566075 0.538462 0.565089 0.539448 0.565089 0.541420 0.564103 0.542406 0.564103 0.548323 0.565089 0.549310 0.565089 0.554241 0.566075 0.555227 0.566075 0.560158 0.584813 0.560158 0.584813 0.559172 0.585799 0.558185 0.585799 0.556213 0.586785 0.555227 0.586785 0.552268 0.587771 0.551282 0.587771 0.548323 0.586785 0.547337 0.586785 0.541420 0.585799 0.540434 0.585799 0.535503 0.584813 0.534517 0.569034 0.534517 0.568047 0.535503
1 0.574951 0.551282 0.573964 0.551282 0.572978 0.552268 0.572978 0.554241 0.571992 0.555227 0.571992 0.559172 0.572978 0.559172 0.572978 0.557199 0.573964 0.556213 0.573964 0.554241 0.574951 0.553254
0 0.578895 0.428008 0.575937 0.428008 0.574951 0.428994 0.573964 0.428994 0.572978 0.429980 0.571006 0.429980 0.570020 0.430966 0.569034 0.430966 0.568047 0.431953 0.567061 0.431953 0.566075 0.432939 0.564103 0.432939 0.563116 0.433925 0.563116 0.435897 0.564103 0.436884 0.564103 0.439842 0.565089 0.440828 0.565089 0.443787 0.566075 0.444773 0.566075 0.446746 0.567061 0.447732 0.567061 0.448718 0.569034 0.450690 0.569034 0.451677 0.571006 0.453649 0.571006 0.454635 0.571992 0.455621 0.572978 0.455621 0.573964 0.454635 0.575937 0.454635 0.576923 0.453649 0.577909 0.453649 0.578895 0.452663 0.579882 0.452663 0.580868 0.451677 0.582840 0.451677 0.583826 0.450690 0.584813 0.450690 0.585799 0.449704 0.587771 0.449704 0.587771 0.447732 0.586785 0.446746 0.586785 0.443787 0.585799 0.442801 0.585799 0.439842 0.584813 0.438856 0.584813 0.435897 0.581854 0.432939 0.581854 0.431953 0.578895 0.428994
1 0.578895 0.453649 0.577909 0.454635 0.577909 0.455621 0.578895 0.456607 0.578895 0.457594 0.579882 0.457594 0.579882 0.455621 0.578895 0.454635
0 0.379684 0.307692 0.379684 0.322485 0.380671 0.323471 0.380671 0.334320 0.387574 0.334320 0.388560 0.333333 0.408284 0.333333 0.408284 0.318540 0.407298 0.317554 0.407298 0.307692
1 0.394477 0.334320 0.394477 0.351085 0.396450 0.351085 0.396450 0.336292 0.395464 0.335306 0.395464 0.334320
0 0.366864 0.393491 0.360947 0.393491 0.359961 0.394477 0.353057 0.394477 0.352071 0.395464 0.346154 0.395464 0.345168 0.396450 0.342209 0.396450 0.342209 0.397436 0.341223 0.398422 0.341223 0.400394 0.340237 0.401381 0.340237 0.404339 0.339250 0.405325 0.339250 0.407298 0.338264 0.408284 0.338264 0.411243 0.337278 0.412229 0.337278 0.414201 0.336292 0.415187 0.336292 0.416174 0.337278 0.417160 0.337278 0.418146 0.339250 0.420118 0.339250 0.421105 0.341223 0.423077 0.341223 0.424063 0.342209 0.425049 0.342209 0.426036 0.344181 0.428008 0.344181 0.428994 0.345168 0.429980 0.345168 0.430966 0.347140 0.432939 0.347140 0.433925 0.348126 0.434911 0.349112 0.433925 0.354043 0.433925 0.355030 0.432939 0.359961 0.432939 0.360947 0.431953 0.365878 0.431953 0.364892 0.430966 0.364892 0.429980 0.362919 0.428008 0.362919 0.427022 0.360947 0.425049 0.360947 0.423077 0.361933 0.422091 0.362919 0.422091 0.363905 0.421105 0.365878 0.423077 0.365878 0.424063 0.367850 0.426036 0.367850 0.427022 0.369822 0.428994 0.369822 0.429980 0.370809 0.430966 0.371795 0.430966 0.371795 0.428994 0.372781 0.428008 0.372781 0.426036 0.373767 0.425049 0.373767 0.423077 0.374753 0.422091 0.374753 0.420118 0.375740 0.419132 0.375740 0.417160 0.376726 0.416174 0.376726 0.414201 0.377712 0.413215 0.377712 0.410256 0.375740 0.408284 0.375740 0.407298 0.373767 0.405325 0.373767 0.404339 0.371795 0.402367 0.371795 0.401381 0.369822 0.399408 0.369822 0.398422 0.367850 0.396450 0.367850 0.395464 0.366864 0.394477
1 0.361933 0.423077 0.361933 0.425049 0.364892 0.428008 0.364892 0.428994 0.365878 0.429980 0.365878 0.430966 0.367850 0.432939 0.367850 0.433925 0.368836 0.434911 0.368836 0.435897 0.369822 0.436884 0.370809 0.436884 0.371795 0.435897 0.371795 0.433925 0.370809 0.432939 0.370809 0.431953 0.368836 0.429980 0.368836 0.428994 0.366864 0.427022 0.366864 0.426036 0.363905 0.423077 0.363905 0.422091 0.363905 0.423077 0.362919 0.424063
1 0.641026 0.415187 0.642012 0.416174 0.642998 0.416174 0.644970 0.418146 0.644970 0.421105 0.645957 0.422091 0.646943 0.422091 0.647929 0.421105 0.648915 0.421105 0.646943 0.419132 0.645957 0.419132 0.642998 0.416174 0.642012 0.416174
0 0.664694 0.415187 0.662722 0.415187 0.661736 0.416174 0.660750 0.416174 0.659763 0.417160 0.658777 0.417160 0.656805 0.419132 0.655819 0.419132 0.654832 0.420118 0.653846 0.420118 0.652860 0.421105 0.651874 0.421105 0.650888 0.422091 0.649901 0.422091 0.646943 0.425049 0.646943 0.426036 0.644970 0.428008 0.644970 0.428994 0.643984 0.429980 0.643984 0.430966 0.642012 0.432939 0.642012 0.433925 0.641026 0.434911 0.641026 0.435897 0.640039 0.436884 0.640039 0.437870 0.645957 0.443787 0.645957 0.444773 0.654832 0.453649 0.655819 0.453649 0.657791 0.451677 0.658777 0.451677 0.659763 0.450690 0.660750 0.450690 0.661736 0.449704 0.662722 0.449704 0.664694 0.447732 0.665680 0.447732 0.666667 0.446746 0.667653 0.446746 0.668639 0.445759 0.669625 0.445759 0.670611 0.444773 0.670611 0.443787 0.672584 0.441815 0.672584 0.440828 0.674556 0.438856 0.674556 0.437870 0.676529 0.435897 0.676529 0.434911 0.678501 0.432939 0.678501 0.431953 0.679487 0.430966 0.670611 0.422091 0.670611 0.421105
1 0.648915 0.422091 0.647929 0.422091 0.646943 0.423077 0.647929 0.423077
1 0.642012 0.414201 0.642012 0.415187 0.641026 0.416174 0.642998 0.418146 0.642998 0.419132 0.643984 0.420118 0.643984 0.418146 0.644970 0.417160 0.645957 0.418146
0 0.428008 0.574951 0.425049 0.574951 0.424063 0.575937 0.421105 0.575937 0.420118 0.576923 0.417160 0.576923 0.416174 0.577909 0.414201 0.577909 0.413215 0.578895 0.410256 0.578895 0.409270 0.579882 0.407298 0.579882 0.406312 0.580868 0.404339 0.580868 0.403353 0.581854 0.402367 0.581854 0.401381 0.582840 0.400394 0.582840 0.399408 0.583826 0.397436 0.583826 0.396450 0.584813 0.395464 0.584813 0.394477 0.585799 0.393491 0.585799 0.392505 0.586785 0.390533 0.586785 0.389546 0.587771 0.389546 0.588757 0.390533 0.589744 0.390533 0.591716 0.391519 0.592702 0.391519 0.594675 0.392505 0.595661 0.392505 0.597633 0.393491 0.598619 0.393491 0.600592 0.394477 0.601578 0.394477 0.603550 0.395464 0.604536 0.395464 0.606509 0.396450 0.607495 0.396450 0.609467 0.397436 0.610454 0.397436 0.613412 0.398422 0.614398 0.401381 0.614398 0.402367 0.613412 0.405325 0.613412 0.406312 0.612426 0.409270 0.612426 0.410256 0.611440 0.414201 0.611440 0.415187 0.610454 0.418146 0.610454 0.419132 0.609467 0.420118 0.609467 0.421105 0.608481 0.422091 0.608481 0.423077 0.607495 0.424063 0.607495 0.425049 0.606509 0.427022 0.606509 0.428008 0.605523 0.428994 0.605523 0.429980 0.604536 0.430966 0.604536 0.431953 0.603550 0.432939 0.603550 0.433925 0.602564 0.434911 0.602564 0.435897 0.601578 0.436884 0.601578 0.436884 0.600592 0.435897 0.599606 0.435897 0.597633 0.434911 0.596647 0.434911 0.594675 0.433925 0.593688 0.433925 0.591716 0.431953 0.591716 0.430966 0.592702 0.428008 0.592702 0.427022 0.593688 0.423077 0.593688 0.422091 0.592702 0.422091 0.590730 0.423077 0.589744 0.425049 0.589744 0.426036 0.588757 0.428994 0.588757 0.429980 0.587771 0.431953 0.587771 0.431953 0.585799 0.430966 0.584813 0.430966 0.582840 0.429980 0.581854 0.429980 0.579882 0.428994 0.578895 0.428994 0.576923 0.428008 0.575937
1 0.438856 0.587771 0.433925 0.587771 0.432939 0.588757 0.429980 0.588757 0.428994 0.589744 0.428008 0.589744 0.427022 0.590730 0.424063 0.590730 0.423077 0.591716 0.423077 0.592702 0.427022 0.592702 0.428008 0.591716 0.430966 0.591716 0.431953 0.590730 0.434911 0.590730 0.435897 0.589744 0.437870 0.589744 0.438856 0.588757
0 0.717949 0.518738 0.713018 0.518738 0.712032 0.519724 0.706114 0.519724 0.705128 0.520710 0.700197 0.520710 0.699211 0.521696 0.697239 0.521696 0.693294 0.525641 0.692308 0.525641 0.684418 0.533531 0.683432 0.533531 0.679487 0.537475 0.679487 0.538462 0.680473 0.539448 0.680473 0.540434 0.681460 0.541420 0.681460 0.542406 0.684418 0.542406 0.685404 0.541420 0.690335 0.541420 0.691321 0.540434 0.695266 0.540434 0.697239 0.542406 0.697239 0.543393 0.695266 0.545365 0.692308 0.545365 0.691321 0.546351 0.687377 0.546351 0.686391 0.547337 0.684418 0.547337 0.685404 0.548323 0.685404 0.549310 0.686391 0.550296 0.686391 0.551282 0.688363 0.553254 0.688363 0.554241 0.689349 0.555227 0.689349 0.556213 0.690335 0.557199 0.690335 0.558185 0.692308 0.560158 0.692308 0.561144 0.693294 0.562130 0.693294 0.563116 0.697239 0.563116 0.698225 0.562130 0.702170 0.562130 0.703156 0.561144 0.707101 0.561144 0.708087 0.560158 0.712032 0.560158 0.713018 0.559172 0.714004 0.559172 0.715976 0.557199 0.716963 0.557199 0.721893 0.552268 0.722880 0.552268 0.727811 0.547337 0.728797 0.547337 0.732742 0.543393 0.731755 0.542406 0.731755 0.541420 0.729783 0.539448 0.729783 0.538462 0.728797 0.537475 0.728797 0.536489 0.726824 0.534517 0.726824 0.533531 0.725838 0.532544 0.725838 0.531558 0.723866 0.529586 0.723866 0.528600 0.722880 0.527613 0.722880 0.526627 0.720907 0.524655 0.720907 0.523669 0.719921 0.522682 0.719921 0.521696 0.717949 0.519724
1 0.696252 0.542406 0.695266 0.541420 0.691321 0.541420 0.690335 0.542406 0.685404 0.542406 0.684418 0.543393 0.681460 0.543393 0.680473 0.544379 0.680473 0.545365 0.681460 0.546351 0.686391 0.546351 0.687377 0.545365 0.691321 0.545365 0.693294 0.543393 0.694280 0.543393 0.695266 0.544379 0.696252 0.543393
