0 0.575195 0.648438 0.575195 0.649414 0.574219 0.650391 0.574219 0.653320 0.573242 0.654297 0.573242 0.666016 0.572266 0.666992 0.572266 0.678711 0.571289 0.679688 0.571289 0.680664 0.574219 0.680664 0.575195 0.681641 0.583984 0.681641 0.584961 0.682617 0.593750 0.682617 0.594727 0.683594 0.599609 0.683594 0.602539 0.680664 0.602539 0.670898 0.603516 0.669922 0.603516 0.655273 0.604492 0.654297 0.604492 0.651367 0.603516 0.651367 0.602539 0.650391 0.594727 0.650391 0.593750 0.649414 0.584961 0.649414 0.583984 0.648438
1 0.590820 0.632812 0.588867 0.632812 0.588867 0.641602 0.587891 0.642578 0.587891 0.648438 0.589844 0.648438 0.589844 0.645508 0.590820 0.644531
0 0.540039 0.389648 0.533203 0.389648 0.532227 0.390625 0.523438 0.390625 0.522461 0.391602 0.518555 0.391602 0.517578 0.392578 0.512695 0.392578 0.511719 0.393555 0.507812 0.393555 0.506836 0.394531 0.501953 0.394531 0.501953 0.398438 0.502930 0.399414 0.502930 0.405273 0.503906 0.406250 0.503906 0.412109 0.504883 0.413086 0.504883 0.417969 0.505859 0.418945 0.505859 0.421875 0.510742 0.421875 0.511719 0.420898 0.517578 0.420898 0.518555 0.419922 0.524414 0.419922 0.525391 0.418945 0.530273 0.418945 0.531250 0.417969 0.537109 0.417969 0.538086 0.416992 0.542969 0.416992 0.543945 0.416016 0.543945 0.414062 0.542969 0.413086 0.542969 0.407227 0.541992 0.406250 0.541992 0.400391 0.541016 0.399414 0.541016 0.394531 0.540039 0.393555
1 0.502930 0.408203 0.500000 0.408203 0.499023 0.409180 0.496094 0.409180 0.497070 0.410156 0.497070 0.411133 0.499023 0.411133 0.500000 0.410156 0.502930 0.410156
0 0.546875 0.544922 0.545898 0.545898 0.539062 0.545898 0.539062 0.548828 0.538086 0.549805 0.538086 0.550781 0.537109 0.551758 0.535156 0.551758 0.534180 0.550781 0.534180 0.545898 0.520508 0.545898 0.520508 0.553711 0.519531 0.554688 0.519531 0.572266 0.520508 0.573242 0.520508 0.575195 0.521484 0.576172 0.521484 0.577148 0.522461 0.578125 0.522461 0.580078 0.523438 0.581055 0.523438 0.582031 0.524414 0.583008 0.530273 0.583008 0.531250 0.582031 0.550781 0.582031 0.550781 0.577148 0.551758 0.576172 0.551758 0.561523 0.552734 0.560547 0.552734 0.556641 0.551758 0.555664 0.551758 0.554688 0.550781 0.553711 0.550781 0.552734 0.549805 0.551758 0.549805 0.550781 0.548828 0.549805 0.548828 0.548828 0.547852 0.547852 0.547852 0.546875 0.546875 0.545898
1 0.538086 0.533203 0.537109 0.533203 0.536133 0.534180 0.536133 0.541016 0.535156 0.541992 0.535156 0.550781 0.537109 0.550781 0.537109 0.549805 0.538086 0.548828
0 0.327148 0.408203 0.327148 0.410156 0.326172 0.411133 0.326172 0.416992 0.325195 0.417969 0.325195 0.422852 0.324219 0.423828 0.324219 0.434570 0.325195 0.435547 0.325195 0.441406 0.326172 0.442383 0.330078 0.442383 0.331055 0.443359 0.342773 0.443359 0.343750 0.444336 0.350586 0.444336 0.350586 0.441406 0.351562 0.440430 0.351562 0.434570 0.352539 0.433594 0.352539 0.426758 0.353516 0.425781 0.353516 0.420898 0.352539 0.419922 0.352539 0.410156 0.349609 0.410156 0.348633 0.409180 0.338867 0.409180 0.338867 0.411133 0.339844 0.412109 0.339844 0.419922 0.338867 0.420898 0.336914 0.420898 0.335938 0.419922 0.335938 0.414062 0.334961 0.413086 0.334961 0.408203
1 0.335938 0.408203 0.335938 0.413086 0.336914 0.414062 0.336914 0.419922 0.338867 0.419922 0.338867 0.412109 0.337891 0.411133 0.337891 0.408203
0 0.550781 0.609375 0.542969 0.617188 0.542969 0.618164 0.541992 0.619141 0.542969 0.619141 0.543945 0.618164 0.548828 0.618164 0.550781 0.616211 0.549805 0.616211 0.548828 0.615234 0.548828 0.614258 0.549805 0.613281 0.549805 0.612305 0.550781 0.611328 0.549805 0.610352
0 0.556641 0.605469 0.559570 0.605469 0.558594 0.604492 0.557617 0.604492
0 0.563477 0.603516 0.562500 0.604492 0.562500 0.605469 0.563477 0.606445 0.558594 0.611328 0.557617 0.610352 0.557617 0.609375 0.556641 0.609375 0.557617 0.610352 0.556641 0.611328 0.557617 0.612305 0.556641 0.613281 0.556641 0.614258 0.554688 0.616211 0.554688 0.617188 0.553711 0.618164 0.552734 0.617188 0.554688 0.619141 0.554688 0.620117 0.558594 0.624023 0.558594 0.625000 0.562500 0.628906 0.562500 0.629883 0.565430 0.632812 0.566406 0.632812 0.570312 0.628906 0.570312 0.627930 0.576172 0.622070 0.576172 0.621094 0.578125 0.619141 0.575195 0.616211 0.575195 0.615234 0.571289 0.611328 0.571289 0.610352 0.567383 0.606445 0.567383 0.605469 0.565430 0.603516 0.564453 0.604492
0 0.412109 0.501953 0.411133 0.502930 0.411133 0.503906 0.410156 0.504883 0.410156 0.505859 0.408203 0.507812 0.408203 0.508789 0.406250 0.510742 0.406250 0.511719 0.405273 0.512695 0.405273 0.513672 0.403320 0.515625 0.403320 0.516602 0.402344 0.517578 0.402344 0.518555 0.401367 0.519531 0.401367 0.520508 0.399414 0.522461 0.399414 0.523438 0.398438 0.524414 0.399414 0.525391 0.400391 0.525391 0.402344 0.527344 0.403320 0.527344 0.404297 0.528320 0.405273 0.528320 0.407227 0.530273 0.408203 0.530273 0.409180 0.531250 0.410156 0.531250 0.411133 0.532227 0.412109 0.532227 0.414062 0.534180 0.415039 0.534180 0.416016 0.533203 0.416016 0.532227 0.416992 0.531250 0.416992 0.530273 0.418945 0.528320 0.418945 0.527344 0.419922 0.526367 0.419922 0.525391 0.421875 0.523438 0.421875 0.522461 0.422852 0.521484 0.422852 0.520508 0.424805 0.518555 0.424805 0.517578 0.425781 0.516602 0.425781 0.515625 0.426758 0.514648 0.426758 0.513672 0.428711 0.511719 0.428711 0.510742 0.427734 0.510742 0.426758 0.509766 0.425781 0.509766 0.423828 0.507812 0.422852 0.507812 0.421875 0.506836 0.420898 0.506836 0.418945 0.504883 0.417969 0.504883 0.416992 0.503906 0.416016 0.503906 0.414062 0.501953
1 0.421875 0.502930 0.420898 0.503906 0.420898 0.505859 0.421875 0.505859 0.421875 0.504883 0.422852 0.503906
0 0.564453 0.603516 0.563477 0.604492 0.563477 0.605469 0.562500 0.606445 0.561523 0.605469 0.561523 0.604492 0.559570 0.604492 0.560547 0.605469 0.559570 0.606445 0.556641 0.606445 0.555664 0.605469 0.553711 0.605469 0.553711 0.606445 0.552734 0.607422 0.551758 0.607422 0.550781 0.608398 0.551758 0.609375 0.550781 0.610352 0.551758 0.611328 0.550781 0.612305 0.550781 0.613281 0.549805 0.614258 0.549805 0.615234 0.550781 0.615234 0.551758 0.616211 0.548828 0.619141 0.543945 0.619141 0.542969 0.620117 0.541992 0.620117 0.543945 0.622070 0.543945 0.623047 0.547852 0.626953 0.547852 0.627930 0.551758 0.631836 0.551758 0.632812 0.553711 0.634766 0.560547 0.634766 0.561523 0.633789 0.565430 0.633789 0.561523 0.629883 0.561523 0.628906 0.557617 0.625000 0.557617 0.624023 0.553711 0.620117 0.553711 0.619141 0.554688 0.618164 0.553711 0.617188 0.553711 0.616211 0.555664 0.614258 0.555664 0.613281 0.556641 0.612305 0.555664 0.611328 0.556641 0.610352 0.555664 0.609375 0.556641 0.608398 0.557617 0.608398 0.558594 0.609375 0.558594 0.610352 0.563477 0.605469 0.563477 0.604492
0 0.446289 0.590820 0.439453 0.590820 0.438477 0.591797 0.438477 0.593750 0.437500 0.594727 0.437500 0.595703 0.438477 0.596680 0.437500 0.597656 0.438477 0.596680 0.440430 0.596680 0.439453 0.595703 0.442383 0.592773 0.446289 0.592773
0 0.590820 0.458984 0.589844 0.459961 0.588867 0.459961 0.586914 0.461914 0.585938 0.461914 0.583984 0.463867 0.583008 0.463867 0.580078 0.466797 0.579102 0.466797 0.577148 0.468750 0.576172 0.468750 0.574219 0.470703 0.573242 0.470703 0.573242 0.471680 0.574219 0.472656 0.574219 0.478516 0.575195 0.479492 0.575195 0.485352 0.576172 0.486328 0.576172 0.492188 0.578125 0.492188 0.579102 0.493164 0.581055 0.493164 0.582031 0.494141 0.583008 0.494141 0.583984 0.495117 0.585938 0.495117 0.586914 0.496094 0.588867 0.496094 0.589844 0.497070 0.591797 0.497070 0.592773 0.498047 0.595703 0.498047 0.596680 0.497070 0.597656 0.497070 0.599609 0.495117 0.600586 0.495117 0.602539 0.493164 0.603516 0.493164 0.605469 0.491211 0.606445 0.491211 0.607422 0.490234 0.608398 0.490234 0.610352 0.488281 0.611328 0.488281 0.612305 0.487305 0.611328 0.486328 0.611328 0.481445 0.610352 0.480469 0.610352 0.475586 0.609375 0.474609 0.609375 0.469727 0.608398 0.468750 0.608398 0.466797 0.607422 0.465820 0.606445 0.465820 0.605469 0.464844 0.603516 0.464844 0.602539 0.463867 0.601562 0.463867 0.600586 0.462891 0.598633 0.462891 0.597656 0.461914 0.596680 0.461914 0.595703 0.460938 0.593750 0.460938 0.592773 0.459961 0.591797 0.459961
1 0.450195 0.575195 0.450195 0.576172 0.451172 0.576172 0.452148 0.577148 0.453125 0.576172 0.457031 0.576172 0.457031 0.575195 0.456055 0.574219 0.455078 0.575195 0.454102 0.574219 0.453125 0.575195 0.452148 0.574219 0.451172 0.575195
1 0.575195 0.489258 0.574219 0.489258 0.572266 0.491211 0.572266 0.493164 0.573242 0.492188 0.574219 0.493164 0.575195 0.492188 0.574219 0.491211 0.575195 0.490234
0 0.440430 0.595703 0.441406 0.596680 0.442383 0.595703 0.444336 0.595703 0.445312 0.594727 0.446289 0.594727 0.446289 0.593750 0.442383 0.593750
0 0.580078 0.588867 0.579102 0.589844 0.578125 0.588867 0.578125 0.592773 0.579102 0.593750 0.579102 0.594727 0.580078 0.593750 0.581055 0.593750 0.581055 0.590820 0.580078 0.589844
0 0.580078 0.576172 0.580078 0.578125 0.579102 0.579102 0.579102 0.582031 0.580078 0.583008 0.581055 0.582031 0.583008 0.582031 0.583984 0.581055 0.583984 0.580078
0 0.438477 0.563477 0.435547 0.563477 0.434570 0.564453 0.432617 0.564453 0.431641 0.565430 0.428711 0.565430 0.427734 0.566406 0.425781 0.566406 0.424805 0.567383 0.421875 0.567383 0.420898 0.568359 0.418945 0.568359 0.417969 0.569336 0.416992 0.569336 0.416992 0.571289 0.416016 0.572266 0.416016 0.584961 0.416992 0.585938 0.416992 0.586914 0.417969 0.587891 0.417969 0.588867 0.418945 0.589844 0.418945 0.590820 0.419922 0.591797 0.419922 0.592773 0.421875 0.594727 0.421875 0.595703 0.422852 0.596680 0.422852 0.597656 0.423828 0.598633 0.423828 0.599609 0.424805 0.600586 0.424805 0.601562 0.425781 0.600586 0.428711 0.600586 0.429688 0.599609 0.431641 0.599609 0.432617 0.598633 0.434570 0.598633 0.435547 0.597656 0.436523 0.597656 0.437500 0.596680 0.436523 0.595703 0.436523 0.594727 0.437500 0.593750 0.437500 0.591797 0.439453 0.589844 0.446289 0.589844 0.446289 0.588867 0.447266 0.587891 0.447266 0.578125 0.445312 0.576172 0.445312 0.575195 0.444336 0.574219 0.444336 0.573242 0.443359 0.572266 0.443359 0.571289 0.441406 0.569336 0.441406 0.568359 0.440430 0.567383 0.440430 0.566406 0.438477 0.564453
1 0.446289 0.576172 0.448242 0.578125 0.450195 0.578125 0.452148 0.576172 0.453125 0.577148 0.452148 0.576172 0.451172 0.577148 0.450195 0.577148 0.449219 0.576172 0.449219 0.575195 0.448242 0.576172
1 0.457031 0.574219 0.456055 0.573242 0.454102 0.575195 0.453125 0.574219 0.454102 0.575195 0.456055 0.573242
1 0.580078 0.572266 0.581055 0.573242 0.581055 0.574219 0.581055 0.573242
0 0.494141 0.599609 0.493164 0.599609 0.492188 0.598633 0.491211 0.599609 0.491211 0.600586 0.490234 0.601562 0.489258 0.600586 0.488281 0.600586 0.486328 0.598633 0.486328 0.597656 0.485352 0.596680 0.485352 0.595703 0.484375 0.596680 0.483398 0.596680 0.482422 0.597656 0.481445 0.597656 0.480469 0.598633 0.479492 0.598633 0.478516 0.599609 0.477539 0.599609 0.476562 0.600586 0.475586 0.600586 0.474609 0.601562 0.473633 0.601562 0.472656 0.602539 0.470703 0.602539 0.469727 0.603516 0.468750 0.603516 0.467773 0.604492 0.466797 0.604492 0.465820 0.605469 0.466797 0.606445 0.466797 0.608398 0.467773 0.608398 0.469727 0.606445 0.470703 0.607422 0.471680 0.607422 0.472656 0.608398 0.473633 0.608398 0.474609 0.609375 0.476562 0.607422 0.477539 0.608398 0.478516 0.607422 0.479492 0.607422 0.480469 0.606445 0.481445 0.606445 0.482422 0.605469 0.483398 0.605469 0.484375 0.604492 0.485352 0.604492 0.486328 0.603516 0.487305 0.603516 0.487305 0.602539 0.488281 0.601562 0.489258 0.602539 0.490234 0.601562 0.492188 0.601562
0 0.605469 0.569336 0.601562 0.569336 0.600586 0.570312 0.597656 0.570312 0.596680 0.571289 0.593750 0.571289 0.592773 0.572266 0.589844 0.572266 0.588867 0.573242 0.585938 0.573242 0.584961 0.574219 0.582031 0.574219 0.581055 0.575195 0.580078 0.575195 0.584961 0.580078 0.584961 0.581055 0.583008 0.583008 0.581055 0.583008 0.580078 0.583984 0.579102 0.583008 0.579102 0.584961 0.578125 0.585938 0.578125 0.587891 0.579102 0.588867 0.580078 0.587891 0.581055 0.588867 0.581055 0.589844 0.582031 0.590820 0.582031 0.593750 0.581055 0.594727 0.580078 0.594727 0.579102 0.595703 0.578125 0.594727 0.578125 0.593750 0.577148 0.592773 0.577148 0.597656 0.579102 0.599609 0.579102 0.600586 0.582031 0.603516 0.583008 0.603516 0.583984 0.604492 0.583008 0.605469 0.585938 0.608398 0.585938 0.609375 0.589844 0.613281 0.589844 0.614258 0.590820 0.615234 0.591797 0.614258 0.594727 0.614258 0.595703 0.613281 0.597656 0.613281 0.598633 0.612305 0.601562 0.612305 0.602539 0.611328 0.605469 0.611328 0.606445 0.610352 0.609375 0.610352 0.610352 0.609375 0.612305 0.609375 0.613281 0.608398 0.615234 0.608398 0.616211 0.607422 0.616211 0.602539 0.617188 0.601562 0.617188 0.597656 0.618164 0.596680 0.618164 0.591797 0.619141 0.590820 0.619141 0.586914 0.620117 0.585938 0.614258 0.580078 0.614258 0.579102 0.608398 0.573242 0.608398 0.572266
1 0.489258 0.616211 0.490234 0.617188 0.491211 0.617188 0.492188 0.618164 0.493164 0.617188 0.494141 0.618164 0.495117 0.617188 0.496094 0.617188 0.495117 0.617188 0.494141 0.616211 0.493164 0.616211 0.492188 0.615234 0.491211 0.616211 0.490234 0.615234
1 0.581055 0.571289 0.581055 0.572266 0.582031 0.573242 0.584961 0.573242 0.582031 0.570312
0 0.486328 0.595703 0.486328 0.596680 0.487305 0.597656 0.487305 0.598633 0.488281 0.599609 0.489258 0.599609 0.490234 0.600586 0.488281 0.602539 0.488281 0.603516 0.487305 0.604492 0.486328 0.604492 0.485352 0.605469 0.484375 0.605469 0.483398 0.606445 0.482422 0.606445 0.481445 0.607422 0.480469 0.607422 0.479492 0.608398 0.478516 0.608398 0.477539 0.609375 0.476562 0.608398 0.474609 0.610352 0.473633 0.609375 0.472656 0.609375 0.471680 0.608398 0.470703 0.608398 0.469727 0.607422 0.467773 0.609375 0.467773 0.611328 0.468750 0.612305 0.468750 0.614258 0.469727 0.615234 0.469727 0.617188 0.470703 0.618164 0.470703 0.620117 0.471680 0.621094 0.471680 0.623047 0.472656 0.624023 0.472656 0.625977 0.473633 0.625977 0.474609 0.626953 0.475586 0.626953 0.476562 0.627930 0.477539 0.627930 0.478516 0.628906 0.479492 0.628906 0.480469 0.629883 0.481445 0.629883 0.482422 0.630859 0.483398 0.629883 0.484375 0.629883 0.485352 0.628906 0.486328 0.628906 0.487305 0.627930 0.488281 0.627930 0.489258 0.626953 0.490234 0.626953 0.491211 0.625977 0.492188 0.625977 0.493164 0.625000 0.495117 0.625000 0.496094 0.624023 0.497070 0.624023 0.498047 0.623047 0.499023 0.623047 0.500000 0.622070 0.500977 0.622070 0.501953 0.621094 0.501953 0.619141 0.500977 0.618164 0.500977 0.616211 0.500000 0.615234 0.500000 0.613281 0.499023 0.612305 0.499023 0.610352 0.498047 0.609375 0.498047 0.607422 0.497070 0.606445 0.497070 0.604492 0.496094 0.603516 0.496094 0.601562 0.495117 0.600586 0.494141 0.600586 0.492188 0.602539 0.490234 0.602539 0.489258 0.601562 0.490234 0.600586 0.490234 0.599609 0.491211 0.598633 0.490234 0.597656 0.489258 0.597656 0.488281 0.596680 0.487305 0.596680
1 0.493164 0.618164 0.493164 0.619141 0.494141 0.619141 0.495117 0.620117 0.496094 0.619141 0.497070 0.619141 0.496094 0.618164 0.495117 0.618164 0.494141 0.619141
1 0.490234 0.614258 0.489258 0.614258 0.488281 0.615234 0.488281 0.616211 0.489258 0.617188 0.491211 0.615234
