0 0.484375 0.721680 0.483398 0.722656 0.483398 0.724609 0.482422 0.725586 0.482422 0.730469 0.481445 0.731445 0.481445 0.738281 0.480469 0.739258 0.480469 0.745117 0.479492 0.746094 0.479492 0.752930 0.485352 0.752930 0.486328 0.753906 0.492188 0.753906 0.493164 0.754883 0.499023 0.754883 0.500000 0.755859 0.504883 0.755859 0.504883 0.754883 0.505859 0.753906 0.505859 0.748047 0.506836 0.747070 0.506836 0.740234 0.507812 0.739258 0.507812 0.733398 0.508789 0.732422 0.508789 0.724609 0.502930 0.724609 0.501953 0.723633 0.498047 0.723633 0.498047 0.724609 0.497070 0.725586 0.495117 0.725586 0.494141 0.724609 0.494141 0.723633 0.495117 0.722656 0.489258 0.722656 0.488281 0.721680
1 0.498047 0.707031 0.498047 0.708008 0.497070 0.708984 0.497070 0.714844 0.496094 0.715820 0.496094 0.722656 0.495117 0.723633 0.495117 0.724609 0.497070 0.724609 0.497070 0.721680 0.498047 0.720703 0.498047 0.714844 0.499023 0.713867 0.499023 0.708008
0 0.434570 0.479492 0.433594 0.480469 0.431641 0.480469 0.430664 0.481445 0.429688 0.481445 0.428711 0.482422 0.427734 0.482422 0.426758 0.483398 0.425781 0.483398 0.424805 0.484375 0.423828 0.484375 0.422852 0.485352 0.421875 0.485352 0.420898 0.486328 0.419922 0.486328 0.418945 0.487305 0.417969 0.487305 0.416992 0.488281 0.416992 0.489258 0.417969 0.490234 0.417969 0.495117 0.418945 0.496094 0.418945 0.500000 0.419922 0.500977 0.419922 0.505859 0.420898 0.506836 0.420898 0.511719 0.421875 0.512695 0.421875 0.513672 0.426758 0.513672 0.427734 0.514648 0.432617 0.514648 0.433594 0.515625 0.438477 0.515625 0.439453 0.516602 0.441406 0.516602 0.442383 0.515625 0.443359 0.515625 0.444336 0.514648 0.445312 0.514648 0.446289 0.513672 0.447266 0.513672 0.448242 0.512695 0.449219 0.512695 0.450195 0.511719 0.451172 0.511719 0.452148 0.510742 0.453125 0.510742 0.455078 0.508789 0.456055 0.508789 0.457031 0.507812 0.458008 0.507812 0.458984 0.506836 0.458984 0.501953 0.458008 0.500977 0.458008 0.496094 0.457031 0.495117 0.457031 0.490234 0.456055 0.489258 0.456055 0.484375 0.455078 0.483398 0.455078 0.481445 0.450195 0.481445 0.449219 0.480469 0.442383 0.480469 0.441406 0.479492
0 0.462891 0.621094 0.454102 0.621094 0.453125 0.622070 0.453125 0.630859 0.452148 0.631836 0.450195 0.631836 0.449219 0.630859 0.449219 0.622070 0.437500 0.622070 0.437500 0.644531 0.438477 0.645508 0.438477 0.658203 0.439453 0.659180 0.450195 0.659180 0.451172 0.658203 0.464844 0.658203 0.464844 0.633789 0.463867 0.632812 0.463867 0.625000 0.462891 0.624023
1 0.450195 0.617188 0.450195 0.630859 0.452148 0.630859 0.452148 0.617188
0 0.256836 0.467773 0.256836 0.468750 0.255859 0.469727 0.255859 0.475586 0.254883 0.476562 0.254883 0.482422 0.253906 0.483398 0.253906 0.489258 0.252930 0.490234 0.252930 0.492188 0.256836 0.496094 0.256836 0.497070 0.257812 0.498047 0.266602 0.498047 0.267578 0.499023 0.279297 0.499023 0.280273 0.500000 0.282227 0.500000 0.282227 0.497070 0.283203 0.496094 0.283203 0.489258 0.284180 0.488281 0.284180 0.481445 0.285156 0.480469 0.285156 0.475586 0.283203 0.473633 0.283203 0.472656 0.282227 0.471680 0.282227 0.470703 0.281250 0.469727 0.271484 0.469727 0.270508 0.468750 0.258789 0.468750 0.257812 0.467773
1 0.263672 0.475586 0.262695 0.476562 0.263672 0.477539 0.263672 0.478516 0.265625 0.480469 0.265625 0.481445 0.267578 0.481445 0.267578 0.480469 0.268555 0.479492 0.265625 0.476562 0.265625 0.475586
0 0.496094 0.633789 0.496094 0.634766 0.497070 0.635742 0.498047 0.635742 0.499023 0.636719 0.499023 0.637695 0.500000 0.638672 0.500000 0.640625 0.500977 0.641602 0.501953 0.640625 0.502930 0.641602 0.507812 0.636719 0.507812 0.635742 0.505859 0.635742 0.504883 0.636719 0.501953 0.636719 0.500977 0.637695 0.500000 0.637695 0.499023 0.636719 0.499023 0.634766 0.498047 0.633789
0 0.487305 0.619141 0.484375 0.622070 0.485352 0.621094 0.487305 0.623047 0.486328 0.624023 0.486328 0.625000 0.485352 0.625977 0.484375 0.625000 0.485352 0.625977 0.483398 0.627930 0.485352 0.629883 0.486328 0.629883 0.486328 0.627930 0.487305 0.626953 0.488281 0.627930 0.490234 0.627930 0.492188 0.629883 0.490234 0.631836 0.489258 0.631836 0.489258 0.633789 0.490234 0.634766 0.491211 0.634766 0.493164 0.632812 0.491211 0.630859 0.492188 0.629883 0.491211 0.628906 0.492188 0.627930 0.491211 0.626953 0.494141 0.624023 0.495117 0.624023 0.496094 0.625000 0.496094 0.622070 0.495117 0.623047 0.494141 0.622070 0.494141 0.621094 0.493164 0.622070 0.492188 0.622070 0.491211 0.623047 0.488281 0.623047 0.487305 0.622070
0 0.364258 0.495117 0.364258 0.496094 0.362305 0.498047 0.362305 0.499023 0.360352 0.500977 0.360352 0.501953 0.359375 0.502930 0.359375 0.503906 0.358398 0.504883 0.358398 0.505859 0.356445 0.507812 0.356445 0.508789 0.355469 0.509766 0.355469 0.510742 0.354492 0.511719 0.354492 0.512695 0.353516 0.513672 0.353516 0.514648 0.351562 0.516602 0.352539 0.516602 0.353516 0.517578 0.354492 0.517578 0.355469 0.518555 0.356445 0.518555 0.358398 0.520508 0.359375 0.520508 0.360352 0.521484 0.361328 0.521484 0.362305 0.522461 0.363281 0.522461 0.364258 0.523438 0.365234 0.523438 0.367188 0.525391 0.368164 0.525391 0.369141 0.524414 0.369141 0.523438 0.372070 0.520508 0.372070 0.519531 0.374023 0.517578 0.374023 0.516602 0.375000 0.515625 0.375000 0.514648 0.375977 0.513672 0.375977 0.512695 0.376953 0.511719 0.376953 0.510742 0.377930 0.509766 0.377930 0.508789 0.379883 0.506836 0.379883 0.505859 0.380859 0.504883 0.380859 0.503906 0.379883 0.502930 0.378906 0.502930 0.377930 0.501953 0.376953 0.501953 0.375977 0.500977 0.375000 0.500977 0.373047 0.499023 0.372070 0.499023 0.371094 0.498047 0.370117 0.498047 0.369141 0.497070 0.368164 0.497070 0.366211 0.495117
1 0.375977 0.493164 0.375000 0.493164 0.375000 0.494141 0.373047 0.496094 0.373047 0.497070 0.372070 0.498047 0.374023 0.498047 0.374023 0.496094 0.375977 0.494141
0 0.485352 0.622070 0.484375 0.623047 0.483398 0.623047 0.481445 0.625000 0.482422 0.625000 0.483398 0.625977 0.483398 0.626953 0.485352 0.625000 0.485352 0.624023 0.486328 0.623047
0 0.494141 0.611328 0.488281 0.617188 0.488281 0.622070 0.491211 0.622070 0.492188 0.621094 0.493164 0.621094 0.494141 0.620117 0.495117 0.621094 0.495117 0.622070 0.496094 0.621094 0.497070 0.622070 0.497070 0.625000 0.496094 0.625977 0.495117 0.625000 0.494141 0.625000 0.490234 0.628906 0.488281 0.628906 0.487305 0.627930 0.487305 0.629883 0.486328 0.630859 0.488281 0.632812 0.488281 0.631836 0.489258 0.630859 0.490234 0.630859 0.491211 0.629883 0.494141 0.632812 0.491211 0.635742 0.493164 0.637695 0.493164 0.638672 0.495117 0.638672 0.496094 0.639648 0.497070 0.639648 0.498047 0.640625 0.499023 0.640625 0.499023 0.638672 0.498047 0.637695 0.498047 0.636719 0.497070 0.636719 0.495117 0.634766 0.495117 0.633789 0.496094 0.632812 0.498047 0.632812 0.500000 0.634766 0.500000 0.636719 0.500977 0.636719 0.501953 0.635742 0.504883 0.635742 0.505859 0.634766 0.508789 0.634766 0.514648 0.628906 0.514648 0.627930 0.515625 0.626953 0.508789 0.620117 0.508789 0.619141 0.502930 0.613281 0.501953 0.613281 0.500977 0.614258 0.500000 0.613281 0.500000 0.612305 0.498047 0.612305 0.497070 0.611328
0 0.383789 0.618164 0.382812 0.619141 0.382812 0.620117 0.380859 0.622070 0.380859 0.623047 0.379883 0.624023 0.378906 0.623047 0.378906 0.624023 0.379883 0.624023 0.380859 0.623047 0.381836 0.623047 0.382812 0.622070 0.383789 0.622070
0 0.499023 0.529297 0.499023 0.531250 0.500000 0.532227 0.500000 0.551758 0.500977 0.552734 0.501953 0.551758 0.502930 0.552734 0.506836 0.552734 0.507812 0.553711 0.515625 0.553711 0.516602 0.554688 0.520508 0.554688 0.521484 0.553711 0.523438 0.553711 0.524414 0.552734 0.526367 0.552734 0.527344 0.551758 0.530273 0.551758 0.531250 0.550781 0.533203 0.550781 0.534180 0.549805 0.534180 0.537109 0.533203 0.536133 0.533203 0.526367 0.529297 0.526367 0.528320 0.525391 0.522461 0.525391 0.521484 0.524414 0.515625 0.524414 0.514648 0.523438 0.513672 0.524414 0.511719 0.524414 0.510742 0.525391 0.508789 0.525391 0.507812 0.526367 0.505859 0.526367 0.504883 0.527344 0.502930 0.527344 0.501953 0.528320 0.500977 0.528320 0.500000 0.529297
0 0.488281 0.670898 0.488281 0.673828 0.489258 0.673828 0.490234 0.674805 0.490234 0.672852
0 0.375000 0.593750 0.374023 0.594727 0.372070 0.594727 0.371094 0.595703 0.370117 0.595703 0.369141 0.596680 0.367188 0.596680 0.366211 0.597656 0.364258 0.597656 0.363281 0.598633 0.361328 0.598633 0.360352 0.599609 0.358398 0.599609 0.357422 0.600586 0.355469 0.600586 0.354492 0.601562 0.354492 0.603516 0.355469 0.604492 0.355469 0.609375 0.356445 0.610352 0.356445 0.612305 0.357422 0.613281 0.357422 0.615234 0.358398 0.616211 0.358398 0.617188 0.359375 0.618164 0.359375 0.620117 0.360352 0.621094 0.360352 0.623047 0.361328 0.624023 0.361328 0.625000 0.362305 0.625977 0.362305 0.627930 0.363281 0.628906 0.363281 0.629883 0.364258 0.628906 0.366211 0.628906 0.367188 0.627930 0.368164 0.627930 0.369141 0.626953 0.371094 0.626953 0.372070 0.625977 0.374023 0.625977 0.375000 0.625000 0.376953 0.625000 0.377930 0.624023 0.377930 0.623047 0.378906 0.622070 0.379883 0.623047 0.379883 0.622070 0.380859 0.621094 0.381836 0.622070 0.380859 0.621094 0.381836 0.620117 0.381836 0.619141 0.383789 0.617188 0.382812 0.616211 0.382812 0.611328 0.381836 0.610352 0.381836 0.609375 0.380859 0.608398 0.380859 0.606445 0.379883 0.605469 0.379883 0.604492 0.378906 0.603516 0.378906 0.601562 0.377930 0.600586 0.377930 0.599609 0.376953 0.598633 0.376953 0.596680 0.375977 0.595703 0.375977 0.594727
1 0.491211 0.653320 0.491211 0.654297 0.492188 0.655273 0.492188 0.656250 0.494141 0.658203 0.494141 0.659180 0.495117 0.658203 0.496094 0.658203 0.494141 0.656250 0.493164 0.657227 0.492188 0.656250 0.492188 0.655273 0.491211 0.654297
1 0.394531 0.603516 0.393555 0.602539 0.391602 0.602539 0.390625 0.603516 0.388672 0.603516 0.387695 0.604492 0.385742 0.604492 0.384766 0.605469 0.382812 0.605469 0.381836 0.606445 0.381836 0.607422 0.382812 0.607422 0.383789 0.606445 0.385742 0.606445 0.386719 0.605469 0.387695 0.606445 0.389648 0.604492 0.390625 0.605469 0.391602 0.605469 0.392578 0.604492 0.393555 0.604492
0 0.512695 0.657227 0.509766 0.657227 0.508789 0.658203 0.506836 0.658203 0.505859 0.659180 0.503906 0.659180 0.502930 0.660156 0.500977 0.660156 0.500000 0.661133 0.498047 0.661133 0.497070 0.662109 0.495117 0.662109 0.494141 0.663086 0.492188 0.663086 0.491211 0.664062 0.489258 0.664062 0.488281 0.665039 0.487305 0.665039 0.487305 0.669922 0.486328 0.670898 0.487305 0.671875 0.487305 0.673828 0.486328 0.674805 0.486328 0.679688 0.487305 0.680664 0.487305 0.681641 0.488281 0.682617 0.488281 0.683594 0.489258 0.684570 0.489258 0.686523 0.490234 0.687500 0.490234 0.688477 0.491211 0.689453 0.491211 0.690430 0.492188 0.691406 0.492188 0.692383 0.493164 0.693359 0.493164 0.695312 0.494141 0.696289 0.494141 0.697266 0.495117 0.698242 0.495117 0.699219 0.496094 0.699219 0.497070 0.700195 0.496094 0.701172 0.497070 0.700195 0.499023 0.700195 0.500000 0.699219 0.501953 0.699219 0.502930 0.698242 0.504883 0.698242 0.505859 0.697266 0.507812 0.697266 0.508789 0.696289 0.510742 0.696289 0.511719 0.695312 0.513672 0.695312 0.514648 0.694336 0.515625 0.694336 0.516602 0.693359 0.518555 0.693359 0.519531 0.692383 0.520508 0.692383 0.520508 0.690430 0.521484 0.689453 0.521484 0.683594 0.522461 0.682617 0.522461 0.677734 0.521484 0.676758 0.521484 0.675781 0.520508 0.674805 0.520508 0.673828 0.519531 0.672852 0.519531 0.671875 0.518555 0.670898 0.518555 0.669922 0.517578 0.668945 0.517578 0.667969 0.516602 0.666992 0.516602 0.666016 0.515625 0.665039 0.515625 0.664062 0.514648 0.663086 0.514648 0.662109 0.513672 0.661133 0.513672 0.659180 0.512695 0.658203
0 0.428711 0.629883 0.426758 0.631836 0.425781 0.631836 0.424805 0.632812 0.423828 0.632812 0.422852 0.633789 0.423828 0.633789 0.426758 0.636719 0.425781 0.637695 0.421875 0.637695 0.420898 0.636719 0.420898 0.635742 0.419922 0.634766 0.420898 0.633789 0.418945 0.635742 0.417969 0.635742 0.416992 0.636719 0.416016 0.636719 0.415039 0.637695 0.414062 0.637695 0.413086 0.638672 0.412109 0.638672 0.411133 0.639648 0.410156 0.639648 0.410156 0.640625 0.411133 0.641602 0.411133 0.639648 0.412109 0.638672 0.413086 0.639648 0.414062 0.638672 0.415039 0.638672 0.415039 0.637695 0.416016 0.636719 0.416992 0.637695 0.416992 0.636719 0.417969 0.635742 0.418945 0.636719 0.418945 0.635742 0.419922 0.634766 0.420898 0.635742 0.420898 0.639648 0.419922 0.640625 0.419922 0.641602 0.418945 0.642578 0.415039 0.642578 0.413086 0.644531 0.412109 0.644531 0.412109 0.645508 0.413086 0.646484 0.413086 0.647461 0.414062 0.648438 0.415039 0.647461 0.416016 0.648438 0.416992 0.648438 0.419922 0.651367 0.419922 0.655273 0.420898 0.654297 0.421875 0.654297 0.422852 0.653320 0.423828 0.653320 0.425781 0.651367 0.426758 0.651367 0.425781 0.650391 0.425781 0.649414 0.423828 0.647461 0.423828 0.646484 0.421875 0.644531 0.421875 0.642578 0.422852 0.641602 0.423828 0.641602 0.426758 0.644531 0.426758 0.645508 0.428711 0.647461 0.428711 0.648438 0.429688 0.649414 0.429688 0.650391 0.431641 0.648438 0.432617 0.648438 0.433594 0.647461 0.434570 0.647461 0.435547 0.646484 0.436523 0.646484 0.435547 0.645508 0.435547 0.643555 0.434570 0.642578 0.434570 0.641602 0.431641 0.638672 0.432617 0.637695 0.432617 0.636719 0.431641 0.635742 0.431641 0.634766 0.430664 0.633789 0.430664 0.631836
0 0.424805 0.625000 0.424805 0.626953 0.425781 0.626953 0.426758 0.627930 0.427734 0.626953 0.428711 0.627930 0.425781 0.625000
0 0.416016 0.623047 0.415039 0.624023 0.414062 0.624023 0.413086 0.625000 0.412109 0.625000 0.409180 0.627930 0.408203 0.626953 0.407227 0.627930 0.406250 0.627930 0.405273 0.628906 0.404297 0.628906 0.403320 0.629883 0.405273 0.631836 0.405273 0.632812 0.406250 0.633789 0.405273 0.634766 0.406250 0.635742 0.406250 0.636719 0.408203 0.636719 0.409180 0.637695 0.408203 0.638672 0.408203 0.640625 0.408203 0.638672 0.410156 0.636719 0.411133 0.636719 0.411133 0.634766 0.414062 0.631836 0.416016 0.631836 0.416992 0.630859 0.416992 0.629883 0.416016 0.628906 0.416016 0.625000 0.416992 0.624023
1 0.494141 0.661133 0.497070 0.661133 0.497070 0.660156 0.496094 0.659180 0.495117 0.659180 0.495117 0.660156
1 0.492188 0.652344 0.492188 0.654297 0.493164 0.655273 0.493164 0.656250 0.494141 0.657227 0.493164 0.658203 0.495117 0.656250 0.494141 0.655273 0.494141 0.653320 0.493164 0.652344
1 0.422852 0.642578 0.422852 0.644531 0.424805 0.644531 0.425781 0.645508 0.424805 0.646484 0.428711 0.650391 0.427734 0.651367 0.428711 0.650391 0.428711 0.649414 0.427734 0.648438 0.427734 0.647461 0.423828 0.643555 0.423828 0.642578
0 0.432617 0.638672 0.433594 0.639648 0.433594 0.638672
0 0.404297 0.631836 0.404297 0.632812 0.406250 0.634766 0.404297 0.632812
0 0.410156 0.625977 0.409180 0.626953 0.410156 0.627930 0.409180 0.626953
0 0.422852 0.620117 0.421875 0.620117 0.420898 0.621094 0.419922 0.621094 0.418945 0.622070 0.417969 0.622070 0.416992 0.623047 0.417969 0.624023 0.416992 0.625000 0.416992 0.628906 0.417969 0.629883 0.417969 0.630859 0.416016 0.632812 0.414062 0.632812 0.412109 0.634766 0.412109 0.636719 0.411133 0.637695 0.410156 0.637695 0.409180 0.638672 0.408203 0.637695 0.407227 0.637695 0.407227 0.639648 0.407227 0.638672 0.408203 0.637695 0.409180 0.638672 0.409180 0.640625 0.408203 0.641602 0.409180 0.642578 0.409180 0.643555 0.410156 0.644531 0.410156 0.646484 0.412109 0.648438 0.412109 0.649414 0.414062 0.651367 0.414062 0.652344 0.416992 0.655273 0.416992 0.656250 0.417969 0.656250 0.418945 0.655273 0.418945 0.651367 0.416992 0.649414 0.416016 0.649414 0.415039 0.648438 0.414062 0.649414 0.412109 0.647461 0.412109 0.646484 0.411133 0.645508 0.411133 0.644531 0.412109 0.643555 0.413086 0.643555 0.415039 0.641602 0.418945 0.641602 0.418945 0.640625 0.419922 0.639648 0.419922 0.635742 0.420898 0.634766 0.421875 0.635742 0.421875 0.636719 0.425781 0.636719 0.423828 0.634766 0.422852 0.634766 0.421875 0.633789 0.423828 0.631836 0.424805 0.631836 0.425781 0.630859 0.426758 0.630859 0.428711 0.628906 0.429688 0.629883 0.427734 0.627930 0.426758 0.628906 0.425781 0.627930 0.424805 0.627930 0.423828 0.626953 0.423828 0.625000 0.424805 0.624023 0.425781 0.624023 0.423828 0.622070 0.423828 0.621094
