0 0.565345 0.024963 0.562408 0.024963 0.560940 0.026432 0.556535 0.026432 0.555066 0.027900 0.552129 0.027900 0.550661 0.029369 0.547724 0.029369 0.546256 0.030837 0.543319 0.030837 0.541850 0.032305 0.537445 0.032305 0.535977 0.033774 0.533040 0.033774 0.531571 0.035242 0.528634 0.035242 0.527166 0.036711 0.524229 0.036711 0.522761 0.038179 0.522761 0.080764 0.533040 0.091043 0.534508 0.091043 0.547724 0.104258 0.549192 0.104258 0.550661 0.102790 0.553598 0.102790 0.555066 0.101322 0.558003 0.101322 0.559471 0.099853 0.562408 0.099853 0.563877 0.098385 0.566814 0.098385 0.568282 0.096916 0.571219 0.096916 0.572687 0.095448 0.575624 0.095448 0.577093 0.093979 0.580029 0.093979 0.581498 0.092511 0.582966 0.092511 0.580029 0.089574 0.578561 0.089574 0.566814 0.077827 0.566814 0.074890 0.568282 0.073421 0.571219 0.073421 0.572687 0.071953 0.581498 0.080764 0.582966 0.080764 0.588840 0.086637 0.590308 0.086637 0.590308 0.063142 0.591777 0.061674 0.591777 0.046990 0.585903 0.041116 0.584435 0.041116 0.577093 0.033774 0.575624 0.033774 0.568282 0.026432 0.566814 0.026432
1 0.568282 0.074890 0.568282 0.077827 0.578561 0.088106 0.580029 0.088106 0.585903 0.093979 0.588840 0.093979 0.590308 0.092511 0.590308 0.089574 0.582966 0.082232 0.581498 0.082232 0.572687 0.073421 0.571219 0.074890
0 0.552129 0.246696 0.550661 0.248164 0.550661 0.249633 0.547724 0.252570 0.547724 0.254038 0.544787 0.256975 0.544787 0.258443 0.543319 0.259912 0.543319 0.284875 0.544787 0.286344 0.544787 0.301028 0.558003 0.301028 0.559471 0.302496 0.587372 0.302496 0.587372 0.301028 0.588840 0.299559 0.588840 0.298091 0.590308 0.296623 0.590308 0.295154 0.591777 0.293686 0.591777 0.292217 0.593245 0.290749 0.593245 0.289280 0.594714 0.287812 0.594714 0.264317 0.593245 0.262849 0.593245 0.248164 0.582966 0.248164 0.581498 0.246696 0.571219 0.246696 0.571219 0.254038 0.569750 0.255507 0.566814 0.255507 0.565345 0.254038 0.565345 0.246696
1 0.566814 0.226138 0.565345 0.227606 0.565345 0.240822 0.566814 0.242291 0.566814 0.254038 0.569750 0.254038 0.569750 0.226138
0 0.859031 0.189427 0.859031 0.195301 0.857562 0.196769 0.857562 0.209985 0.856094 0.211454 0.856094 0.224670 0.854626 0.226138 0.854626 0.240822 0.853157 0.242291 0.853157 0.246696 0.854626 0.248164 0.854626 0.251101 0.856094 0.252570 0.856094 0.255507 0.857562 0.256975 0.857562 0.259912 0.859031 0.261380 0.859031 0.264317 0.863436 0.264317 0.864905 0.265786 0.914831 0.265786 0.916300 0.267254 0.919236 0.267254 0.919236 0.254038 0.920705 0.252570 0.920705 0.236417 0.922173 0.234949 0.922173 0.218796 0.923642 0.217327 0.923642 0.208517 0.922173 0.207048 0.922173 0.199706 0.920705 0.198238 0.920705 0.190896 0.900147 0.190896 0.898678 0.189427
1 0.591777 0.860499 0.590308 0.860499 0.590308 0.861968 0.588840 0.863436 0.587372 0.861968 0.585903 0.863436 0.587372 0.864905 0.584435 0.867841 0.582966 0.866373 0.580029 0.866373 0.577093 0.869310 0.578561 0.869310 0.580029 0.867841 0.581498 0.867841 0.582966 0.866373 0.587372 0.870778 0.588840 0.870778 0.590308 0.869310 0.588840 0.867841 0.588840 0.863436
1 0.897210 0.162996 0.892805 0.162996 0.892805 0.165932 0.891336 0.167401 0.891336 0.182085 0.889868 0.183554 0.889868 0.187959 0.894273 0.187959 0.895742 0.186490 0.895742 0.177680 0.897210 0.176211
0 0.657856 0.525698 0.654919 0.525698 0.653451 0.527166 0.649046 0.527166 0.649046 0.534508 0.650514 0.535977 0.650514 0.538913 0.649046 0.540382 0.649046 0.541850 0.650514 0.543319 0.650514 0.544787 0.653451 0.547724 0.653451 0.549192 0.656388 0.552129 0.656388 0.535977 0.654919 0.534508 0.656388 0.533040 0.656388 0.531571 0.657856 0.530103
0 0.650514 0.511013 0.650514 0.519824 0.653451 0.519824 0.654919 0.521292 0.657856 0.518355 0.657856 0.515419 0.653451 0.511013
0 0.396476 0.209985 0.395007 0.209985 0.393539 0.211454 0.392070 0.211454 0.390602 0.212922 0.389134 0.212922 0.387665 0.214391 0.386197 0.214391 0.384728 0.215859 0.383260 0.215859 0.380323 0.218796 0.378855 0.218796 0.377386 0.220264 0.375918 0.220264 0.374449 0.221733 0.372981 0.221733 0.371512 0.223201 0.370044 0.223201 0.368576 0.224670 0.367107 0.224670 0.365639 0.226138 0.364170 0.226138 0.361233 0.229075 0.359765 0.229075 0.358297 0.230543 0.356828 0.230543 0.355360 0.232012 0.353891 0.232012 0.353891 0.233480 0.355360 0.234949 0.355360 0.236417 0.356828 0.237885 0.356828 0.239354 0.358297 0.240822 0.358297 0.243759 0.359765 0.245228 0.359765 0.246696 0.361233 0.248164 0.361233 0.249633 0.362702 0.251101 0.362702 0.254038 0.364170 0.255507 0.364170 0.256975 0.365639 0.258443 0.365639 0.259912 0.367107 0.261380 0.367107 0.262849 0.368576 0.264317 0.368576 0.267254 0.370044 0.268722 0.370044 0.270191 0.371512 0.271659 0.371512 0.273128 0.374449 0.276065 0.375918 0.276065 0.383260 0.283407 0.384728 0.283407 0.387665 0.286344 0.389134 0.286344 0.390602 0.284875 0.392070 0.284875 0.393539 0.283407 0.395007 0.283407 0.396476 0.281938 0.397944 0.281938 0.399413 0.280470 0.400881 0.280470 0.400881 0.276065 0.399413 0.274596 0.399413 0.273128 0.397944 0.271659 0.397944 0.270191 0.400881 0.267254 0.403818 0.267254 0.405286 0.268722 0.405286 0.271659 0.406755 0.273128 0.406755 0.274596 0.408223 0.276065 0.409692 0.274596 0.411160 0.274596 0.412628 0.273128 0.414097 0.273128 0.415565 0.271659 0.417034 0.271659 0.418502 0.270191 0.419971 0.270191 0.421439 0.268722 0.422907 0.268722 0.425844 0.265786 0.427313 0.265786 0.428781 0.264317 0.428781 0.262849 0.427313 0.261380 0.427313 0.259912 0.425844 0.258443 0.425844 0.256975 0.424376 0.255507 0.424376 0.254038 0.422907 0.252570 0.422907 0.251101 0.421439 0.249633 0.421439 0.246696 0.419971 0.245228 0.419971 0.243759 0.418502 0.242291 0.418502 0.240822 0.417034 0.239354 0.417034 0.237885 0.415565 0.236417 0.415565 0.234949 0.414097 0.233480 0.414097 0.230543 0.412628 0.229075 0.412628 0.227606 0.411160 0.226138 0.411160 0.224670
0 0.578561 0.538913 0.577093 0.540382 0.577093 0.541850 0.580029 0.544787 0.580029 0.546256 0.582966 0.549192 0.584435 0.549192 0.585903 0.547724 0.585903 0.544787 0.584435 0.543319 0.584435 0.540382 0.582966 0.540382 0.581498 0.538913
0 0.587372 0.522761 0.587372 0.527166 0.585903 0.528634 0.585903 0.530103 0.584435 0.531571 0.584435 0.535977 0.588840 0.535977 0.590308 0.534508 0.593245 0.534508 0.596182 0.537445 0.596182 0.538913 0.593245 0.541850 0.593245 0.543319 0.590308 0.546256 0.590308 0.552129 0.588840 0.553598 0.588840 0.556535 0.594714 0.556535 0.596182 0.558003 0.609398 0.558003 0.607930 0.556535 0.607930 0.552129 0.606461 0.550661 0.606461 0.538913 0.604993 0.537445 0.604993 0.531571 0.603524 0.530103 0.604993 0.528634 0.603524 0.527166 0.603524 0.524229 0.594714 0.524229 0.593245 0.522761
0 0.494860 0.268722 0.494860 0.273128 0.500734 0.273128 0.500734 0.271659 0.497797 0.271659 0.496329 0.270191 0.496329 0.268722
0 0.515419 0.251101 0.512482 0.251101 0.512482 0.254038 0.512482 0.252570 0.513950 0.251101
0 0.505140 0.239354 0.503671 0.240822 0.503671 0.242291 0.505140 0.242291
0 0.494860 0.229075 0.494860 0.254038 0.496329 0.255507 0.497797 0.255507 0.499266 0.256975 0.500734 0.255507 0.500734 0.252570 0.497797 0.249633 0.497797 0.245228 0.499266 0.243759 0.499266 0.242291 0.497797 0.240822 0.499266 0.239354 0.497797 0.237885 0.499266 0.236417 0.497797 0.236417 0.496329 0.234949 0.497797 0.233480 0.531571 0.233480 0.533040 0.234949 0.531571 0.236417 0.531571 0.242291 0.533040 0.242291 0.534508 0.243759 0.534508 0.230543 0.533040 0.229075
