0 0.634766 0.701172 0.633789 0.701172 0.632812 0.702148 0.625000 0.702148 0.624023 0.703125 0.616211 0.703125 0.615234 0.704102 0.607422 0.704102 0.606445 0.705078 0.604492 0.705078 0.602539 0.707031 0.601562 0.707031 0.600586 0.708008 0.599609 0.708008 0.597656 0.709961 0.596680 0.709961 0.595703 0.710938 0.594727 0.710938 0.594727 0.714844 0.595703 0.715820 0.595703 0.719727 0.596680 0.720703 0.596680 0.724609 0.597656 0.725586 0.597656 0.729492 0.598633 0.730469 0.598633 0.734375 0.599609 0.735352 0.599609 0.739258 0.600586 0.740234 0.600586 0.743164 0.604492 0.743164 0.605469 0.742188 0.612305 0.742188 0.613281 0.741211 0.619141 0.741211 0.620117 0.740234 0.626953 0.740234 0.627930 0.739258 0.630859 0.739258 0.631836 0.738281 0.632812 0.738281 0.633789 0.737305 0.634766 0.737305 0.635742 0.736328 0.636719 0.736328 0.637695 0.735352 0.638672 0.735352 0.639648 0.734375 0.640625 0.734375 0.641602 0.733398 0.641602 0.730469 0.640625 0.729492 0.640625 0.725586 0.639648 0.724609 0.639648 0.720703 0.638672 0.719727 0.638672 0.716797 0.637695 0.715820 0.637695 0.711914 0.636719 0.710938 0.636719 0.708008 0.635742 0.707031 0.635742 0.703125 0.634766 0.702148
1 0.611328 0.684570 0.610352 0.685547 0.608398 0.685547 0.608398 0.687500 0.609375 0.688477 0.609375 0.692383 0.610352 0.693359 0.610352 0.697266 0.611328 0.698242 0.611328 0.701172 0.612305 0.702148 0.612305 0.703125 0.615234 0.703125 0.615234 0.700195 0.614258 0.699219 0.614258 0.695312 0.613281 0.694336 0.613281 0.691406 0.612305 0.690430 0.612305 0.686523 0.611328 0.685547
0 0.511719 0.426758 0.509766 0.426758 0.508789 0.427734 0.505859 0.427734 0.504883 0.428711 0.502930 0.428711 0.501953 0.429688 0.499023 0.429688 0.498047 0.430664 0.495117 0.430664 0.494141 0.431641 0.491211 0.431641 0.490234 0.432617 0.488281 0.432617 0.487305 0.433594 0.484375 0.433594 0.483398 0.434570 0.480469 0.434570 0.479492 0.435547 0.476562 0.435547 0.475586 0.436523 0.474609 0.436523 0.474609 0.437500 0.475586 0.438477 0.475586 0.440430 0.476562 0.441406 0.476562 0.444336 0.477539 0.445312 0.477539 0.448242 0.478516 0.449219 0.478516 0.452148 0.479492 0.453125 0.479492 0.455078 0.480469 0.456055 0.480469 0.458984 0.481445 0.459961 0.481445 0.462891 0.482422 0.463867 0.482422 0.466797 0.483398 0.466797 0.484375 0.465820 0.487305 0.465820 0.488281 0.464844 0.491211 0.464844 0.492188 0.463867 0.495117 0.463867 0.496094 0.462891 0.499023 0.462891 0.500000 0.461914 0.502930 0.461914 0.503906 0.460938 0.506836 0.460938 0.507812 0.459961 0.510742 0.459961 0.511719 0.458984 0.513672 0.458984 0.514648 0.458008 0.515625 0.458008 0.516602 0.457031 0.517578 0.457031 0.518555 0.456055 0.519531 0.456055 0.519531 0.454102 0.518555 0.453125 0.518555 0.451172 0.517578 0.450195 0.517578 0.447266 0.516602 0.446289 0.516602 0.443359 0.515625 0.442383 0.515625 0.439453 0.514648 0.438477 0.514648 0.435547 0.513672 0.434570 0.513672 0.432617 0.512695 0.431641 0.512695 0.428711 0.511719 0.427734
1 0.477539 0.450195 0.476562 0.451172 0.473633 0.451172 0.472656 0.452148 0.469727 0.452148 0.468750 0.453125 0.465820 0.453125 0.464844 0.454102 0.462891 0.454102 0.463867 0.455078 0.463867 0.456055 0.466797 0.456055 0.467773 0.455078 0.469727 0.455078 0.470703 0.454102 0.473633 0.454102 0.474609 0.453125 0.477539 0.453125
0 0.541016 0.598633 0.539062 0.598633 0.539062 0.603516 0.538086 0.604492 0.538086 0.605469 0.536133 0.607422 0.535156 0.607422 0.533203 0.605469 0.533203 0.599609 0.532227 0.599609 0.531250 0.600586 0.527344 0.600586 0.526367 0.601562 0.523438 0.601562 0.522461 0.602539 0.518555 0.602539 0.517578 0.603516 0.514648 0.603516 0.514648 0.614258 0.513672 0.615234 0.513672 0.632812 0.514648 0.632812 0.516602 0.634766 0.517578 0.634766 0.520508 0.637695 0.521484 0.637695 0.523438 0.639648 0.524414 0.639648 0.526367 0.641602 0.527344 0.641602 0.529297 0.643555 0.533203 0.643555 0.534180 0.642578 0.537109 0.642578 0.538086 0.641602 0.541016 0.641602 0.541992 0.640625 0.544922 0.640625 0.545898 0.639648 0.549805 0.639648 0.550781 0.638672 0.553711 0.638672 0.554688 0.637695 0.556641 0.637695 0.556641 0.618164 0.557617 0.617188 0.557617 0.608398 0.556641 0.608398 0.555664 0.607422 0.554688 0.607422 0.552734 0.605469 0.551758 0.605469 0.549805 0.603516 0.548828 0.603516 0.547852 0.602539 0.546875 0.602539 0.544922 0.600586 0.543945 0.600586 0.542969 0.599609 0.541992 0.599609
1 0.537109 0.585938 0.535156 0.585938 0.534180 0.586914 0.534180 0.605469 0.535156 0.606445 0.536133 0.606445 0.537109 0.605469 0.537109 0.604492 0.538086 0.603516 0.538086 0.586914
0 0.275391 0.476562 0.266602 0.476562 0.266602 0.480469 0.265625 0.481445 0.265625 0.485352 0.264648 0.486328 0.264648 0.490234 0.263672 0.491211 0.260742 0.491211 0.259766 0.490234 0.259766 0.485352 0.260742 0.484375 0.260742 0.480469 0.261719 0.479492 0.261719 0.476562 0.258789 0.476562 0.257812 0.477539 0.244141 0.477539 0.244141 0.480469 0.243164 0.481445 0.243164 0.487305 0.242188 0.488281 0.242188 0.493164 0.241211 0.494141 0.241211 0.497070 0.242188 0.498047 0.242188 0.502930 0.243164 0.503906 0.243164 0.509766 0.244141 0.510742 0.244141 0.516602 0.245117 0.517578 0.245117 0.520508 0.249023 0.520508 0.250000 0.519531 0.268555 0.519531 0.269531 0.518555 0.276367 0.518555 0.276367 0.515625 0.277344 0.514648 0.277344 0.510742 0.278320 0.509766 0.278320 0.506836 0.279297 0.505859 0.279297 0.496094 0.278320 0.495117 0.278320 0.490234 0.277344 0.489258 0.277344 0.485352 0.276367 0.484375 0.276367 0.479492 0.275391 0.478516
1 0.265625 0.475586 0.262695 0.475586 0.262695 0.479492 0.261719 0.480469 0.261719 0.484375 0.260742 0.485352 0.260742 0.490234 0.263672 0.490234 0.263672 0.486328 0.264648 0.485352 0.264648 0.481445 0.265625 0.480469
0 0.507812 0.695312 0.506836 0.696289 0.509766 0.699219 0.509766 0.698242 0.510742 0.697266 0.510742 0.695312
0 0.514648 0.680664 0.515625 0.681641 0.515625 0.682617 0.516602 0.681641 0.515625 0.680664
0 0.508789 0.673828 0.509766 0.674805 0.508789 0.675781 0.509766 0.676758 0.510742 0.675781
0 0.489258 0.670898 0.487305 0.670898 0.486328 0.671875 0.485352 0.671875 0.485352 0.673828 0.483398 0.675781 0.484375 0.676758 0.482422 0.678711 0.482422 0.679688 0.481445 0.680664 0.481445 0.681641 0.480469 0.682617 0.480469 0.684570 0.479492 0.685547 0.479492 0.686523 0.478516 0.687500 0.478516 0.688477 0.477539 0.689453 0.482422 0.694336 0.482422 0.692383 0.484375 0.690430 0.486328 0.692383 0.487305 0.692383 0.488281 0.693359 0.488281 0.695312 0.486328 0.697266 0.487305 0.698242 0.488281 0.697266 0.489258 0.697266 0.490234 0.696289 0.490234 0.694336 0.489258 0.693359 0.490234 0.692383 0.490234 0.691406 0.489258 0.690430 0.490234 0.689453 0.489258 0.688477 0.490234 0.687500 0.493164 0.687500 0.493164 0.686523 0.494141 0.685547 0.494141 0.683594 0.495117 0.682617 0.495117 0.681641 0.496094 0.680664 0.496094 0.678711 0.497070 0.677734 0.497070 0.676758 0.498047 0.675781 0.497070 0.674805 0.496094 0.674805 0.495117 0.675781 0.494141 0.675781 0.492188 0.677734 0.491211 0.677734 0.490234 0.678711 0.489258 0.678711 0.486328 0.675781 0.489258 0.672852 0.488281 0.671875
0 0.500977 0.666992 0.500000 0.666992 0.499023 0.667969 0.498047 0.667969 0.498047 0.668945 0.500000 0.670898 0.500000 0.669922 0.500977 0.668945
0 0.293945 0.583984 0.293945 0.584961 0.291992 0.586914 0.291992 0.587891 0.291016 0.588867 0.291016 0.589844 0.289062 0.591797 0.289062 0.592773 0.288086 0.593750 0.288086 0.594727 0.286133 0.596680 0.286133 0.597656 0.285156 0.598633 0.285156 0.599609 0.284180 0.600586 0.284180 0.604492 0.283203 0.605469 0.283203 0.608398 0.282227 0.609375 0.282227 0.613281 0.281250 0.614258 0.283203 0.614258 0.284180 0.615234 0.285156 0.615234 0.286133 0.616211 0.288086 0.616211 0.289062 0.617188 0.290039 0.617188 0.291016 0.618164 0.292969 0.618164 0.293945 0.619141 0.295898 0.619141 0.296875 0.620117 0.297852 0.620117 0.298828 0.621094 0.300781 0.621094 0.301758 0.622070 0.302734 0.622070 0.302734 0.621094 0.304688 0.619141 0.304688 0.618164 0.306641 0.616211 0.306641 0.615234 0.308594 0.613281 0.308594 0.612305 0.309570 0.611328 0.309570 0.610352 0.311523 0.608398 0.311523 0.607422 0.312500 0.606445 0.312500 0.601562 0.313477 0.600586 0.313477 0.596680 0.314453 0.595703 0.314453 0.592773 0.313477 0.591797 0.312500 0.591797 0.311523 0.590820 0.309570 0.590820 0.308594 0.589844 0.307617 0.589844 0.306641 0.588867 0.304688 0.588867 0.303711 0.587891 0.302734 0.587891 0.301758 0.586914 0.299805 0.586914 0.298828 0.585938 0.297852 0.585938 0.296875 0.584961 0.294922 0.584961
1 0.477539 0.691406 0.477539 0.692383 0.479492 0.692383 0.478516 0.691406
1 0.301758 0.584961 0.300781 0.585938 0.301758 0.585938 0.302734 0.586914 0.302734 0.585938
0 0.484375 0.673828 0.485352 0.674805 0.483398 0.676758 0.485352 0.674805
0 0.502930 0.666992 0.501953 0.666992 0.501953 0.668945 0.500977 0.669922 0.500977 0.670898 0.500000 0.671875 0.497070 0.668945 0.497070 0.667969 0.496094 0.668945 0.493164 0.668945 0.492188 0.669922 0.490234 0.669922 0.490234 0.670898 0.489258 0.671875 0.490234 0.672852 0.487305 0.675781 0.489258 0.677734 0.490234 0.677734 0.491211 0.676758 0.492188 0.676758 0.494141 0.674805 0.495117 0.674805 0.496094 0.673828 0.497070 0.673828 0.499023 0.675781 0.498047 0.676758 0.498047 0.677734 0.497070 0.678711 0.497070 0.680664 0.496094 0.681641 0.496094 0.682617 0.495117 0.683594 0.495117 0.685547 0.494141 0.686523 0.494141 0.687500 0.493164 0.688477 0.490234 0.688477 0.491211 0.689453 0.490234 0.690430 0.491211 0.691406 0.491211 0.692383 0.490234 0.693359 0.491211 0.694336 0.491211 0.696289 0.489258 0.698242 0.488281 0.698242 0.487305 0.699219 0.485352 0.697266 0.487305 0.695312 0.487305 0.693359 0.486328 0.693359 0.484375 0.691406 0.483398 0.692383 0.483398 0.695312 0.492188 0.704102 0.494141 0.704102 0.495117 0.703125 0.498047 0.703125 0.499023 0.702148 0.501953 0.702148 0.502930 0.701172 0.504883 0.701172 0.505859 0.700195 0.508789 0.700195 0.508789 0.699219 0.505859 0.696289 0.507812 0.694336 0.511719 0.694336 0.511719 0.692383 0.512695 0.691406 0.512695 0.690430 0.513672 0.689453 0.513672 0.687500 0.514648 0.686523 0.514648 0.685547 0.515625 0.684570 0.515625 0.683594 0.514648 0.682617 0.514648 0.681641 0.513672 0.680664 0.514648 0.679688 0.511719 0.676758 0.510742 0.676758 0.509766 0.677734 0.507812 0.675781 0.508789 0.674805 0.507812 0.673828 0.507812 0.672852 0.506836 0.671875 0.506836 0.670898
0 0.379883 0.689453 0.381836 0.687500 0.382812 0.687500 0.379883 0.687500 0.380859 0.688477
0 0.391602 0.672852 0.390625 0.673828 0.390625 0.675781 0.391602 0.676758 0.391602 0.682617 0.393555 0.680664 0.394531 0.680664 0.395508 0.679688 0.395508 0.675781 0.393555 0.673828 0.392578 0.673828
0 0.546875 0.500977 0.545898 0.501953 0.544922 0.501953 0.541992 0.504883 0.541016 0.504883 0.538086 0.507812 0.537109 0.507812 0.534180 0.510742 0.533203 0.510742 0.529297 0.514648 0.528320 0.514648 0.527344 0.515625 0.527344 0.516602 0.528320 0.517578 0.528320 0.518555 0.529297 0.519531 0.529297 0.520508 0.530273 0.521484 0.530273 0.522461 0.531250 0.523438 0.531250 0.525391 0.532227 0.526367 0.532227 0.527344 0.533203 0.528320 0.533203 0.529297 0.534180 0.530273 0.534180 0.531250 0.535156 0.532227 0.535156 0.533203 0.536133 0.534180 0.536133 0.535156 0.537109 0.536133 0.537109 0.537109 0.538086 0.538086 0.539062 0.538086 0.540039 0.539062 0.541992 0.539062 0.542969 0.540039 0.544922 0.540039 0.545898 0.541016 0.547852 0.541016 0.548828 0.541992 0.550781 0.541992 0.551758 0.542969 0.552734 0.541992 0.553711 0.541992 0.556641 0.539062 0.557617 0.539062 0.559570 0.537109 0.560547 0.537109 0.563477 0.534180 0.564453 0.534180 0.567383 0.531250 0.568359 0.531250 0.571289 0.528320 0.572266 0.528320 0.572266 0.526367 0.571289 0.525391 0.571289 0.524414 0.570312 0.523438 0.570312 0.522461 0.569336 0.521484 0.569336 0.520508 0.567383 0.518555 0.567383 0.517578 0.566406 0.516602 0.566406 0.515625 0.565430 0.514648 0.565430 0.513672 0.564453 0.512695 0.564453 0.511719 0.563477 0.510742 0.563477 0.509766 0.562500 0.508789 0.562500 0.507812 0.561523 0.506836 0.561523 0.505859 0.559570 0.505859 0.558594 0.504883 0.557617 0.504883 0.556641 0.503906 0.555664 0.503906 0.554688 0.502930 0.552734 0.502930 0.551758 0.501953 0.550781 0.501953 0.549805 0.500977
1 0.402344 0.655273 0.401367 0.655273 0.400391 0.656250 0.402344 0.656250
1 0.534180 0.532227 0.533203 0.532227 0.531250 0.534180 0.530273 0.534180 0.527344 0.537109 0.526367 0.537109 0.525391 0.538086 0.525391 0.540039 0.526367 0.540039 0.527344 0.539062 0.528320 0.539062 0.528320 0.538086 0.529297 0.537109 0.530273 0.537109 0.531250 0.536133 0.532227 0.537109 0.535156 0.534180 0.534180 0.533203
0 0.619141 0.661133 0.620117 0.660156 0.622070 0.662109 0.623047 0.661133 0.623047 0.660156 0.622070 0.660156 0.621094 0.661133 0.620117 0.660156
0 0.593750 0.645508 0.592773 0.646484 0.593750 0.645508 0.594727 0.646484 0.594727 0.647461 0.595703 0.646484 0.594727 0.645508
0 0.380859 0.645508 0.378906 0.645508 0.377930 0.646484 0.376953 0.646484 0.375977 0.647461 0.375000 0.647461 0.373047 0.649414 0.372070 0.649414 0.371094 0.650391 0.370117 0.650391 0.369141 0.651367 0.368164 0.651367 0.367188 0.652344 0.366211 0.652344 0.365234 0.653320 0.364258 0.653320 0.362305 0.655273 0.361328 0.655273 0.360352 0.656250 0.359375 0.656250 0.359375 0.658203 0.358398 0.659180 0.358398 0.665039 0.357422 0.666016 0.357422 0.672852 0.356445 0.673828 0.356445 0.675781 0.368164 0.687500 0.369141 0.687500 0.374023 0.692383 0.375000 0.692383 0.375977 0.691406 0.376953 0.691406 0.379883 0.688477 0.378906 0.687500 0.379883 0.686523 0.384766 0.686523 0.385742 0.685547 0.386719 0.685547 0.388672 0.683594 0.389648 0.683594 0.390625 0.682617 0.390625 0.676758 0.389648 0.675781 0.389648 0.673828 0.391602 0.671875 0.392578 0.672852 0.393555 0.672852 0.395508 0.674805 0.396484 0.673828 0.396484 0.668945 0.397461 0.667969 0.397461 0.663086 0.398438 0.662109 0.397461 0.661133 0.397461 0.660156 0.392578 0.655273 0.391602 0.655273 0.384766 0.648438 0.383789 0.648438
0 0.598633 0.623047 0.597656 0.624023 0.597656 0.626953 0.596680 0.627930 0.596680 0.631836 0.595703 0.632812 0.595703 0.636719 0.594727 0.637695 0.594727 0.638672 0.595703 0.637695 0.596680 0.638672 0.596680 0.639648 0.598633 0.639648 0.598633 0.636719 0.599609 0.635742 0.598633 0.634766 0.598633 0.633789 0.597656 0.632812 0.597656 0.629883 0.598633 0.628906 0.598633 0.625977 0.597656 0.625000 0.598633 0.624023
1 0.402344 0.654297 0.401367 0.653320 0.400391 0.653320 0.399414 0.654297 0.398438 0.654297 0.396484 0.656250 0.395508 0.656250 0.395508 0.657227 0.396484 0.658203 0.398438 0.658203 0.399414 0.657227 0.400391 0.657227 0.399414 0.656250 0.401367 0.654297
1 0.587891 0.620117 0.587891 0.622070 0.588867 0.622070 0.590820 0.624023 0.591797 0.624023 0.592773 0.625000 0.593750 0.625000 0.595703 0.626953 0.596680 0.626953 0.596680 0.625000 0.595703 0.625000 0.593750 0.623047 0.592773 0.623047 0.591797 0.622070 0.590820 0.622070 0.588867 0.620117
0 0.436523 0.673828 0.434570 0.673828 0.433594 0.672852 0.431641 0.674805 0.432617 0.674805 0.433594 0.675781 0.433594 0.677734 0.432617 0.678711 0.431641 0.678711 0.430664 0.679688 0.428711 0.677734 0.429688 0.676758 0.428711 0.677734 0.427734 0.677734 0.422852 0.682617 0.421875 0.682617 0.416016 0.688477 0.416992 0.689453 0.416992 0.690430 0.417969 0.691406 0.417969 0.693359 0.418945 0.694336 0.418945 0.695312 0.419922 0.696289 0.419922 0.697266 0.420898 0.696289 0.421875 0.696289 0.422852 0.697266 0.426758 0.697266 0.426758 0.695312 0.425781 0.694336 0.425781 0.692383 0.426758 0.691406 0.426758 0.690430 0.427734 0.689453 0.432617 0.689453 0.432617 0.688477 0.433594 0.687500 0.434570 0.688477 0.436523 0.686523 0.435547 0.685547 0.436523 0.684570 0.436523 0.683594 0.437500 0.682617 0.437500 0.680664 0.434570 0.677734 0.436523 0.675781
0 0.617188 0.611328 0.615234 0.613281 0.614258 0.613281 0.613281 0.614258 0.612305 0.614258 0.611328 0.615234 0.610352 0.615234 0.608398 0.617188 0.607422 0.617188 0.606445 0.618164 0.605469 0.618164 0.604492 0.619141 0.603516 0.619141 0.601562 0.621094 0.600586 0.621094 0.599609 0.622070 0.598633 0.622070 0.599609 0.623047 0.599609 0.624023 0.598633 0.625000 0.599609 0.625977 0.599609 0.628906 0.598633 0.629883 0.598633 0.632812 0.599609 0.633789 0.599609 0.634766 0.600586 0.635742 0.599609 0.636719 0.599609 0.639648 0.598633 0.640625 0.596680 0.640625 0.595703 0.639648 0.595703 0.638672 0.594727 0.639648 0.594727 0.640625 0.593750 0.641602 0.593750 0.644531 0.594727 0.644531 0.596680 0.646484 0.594727 0.648438 0.593750 0.647461 0.593750 0.646484 0.592773 0.647461 0.592773 0.648438 0.594727 0.650391 0.595703 0.650391 0.596680 0.651367 0.597656 0.651367 0.599609 0.653320 0.600586 0.653320 0.602539 0.655273 0.603516 0.655273 0.604492 0.656250 0.605469 0.656250 0.607422 0.658203 0.608398 0.658203 0.610352 0.660156 0.611328 0.660156 0.613281 0.662109 0.614258 0.662109 0.615234 0.663086 0.616211 0.663086 0.617188 0.664062 0.619141 0.664062 0.621094 0.662109 0.620117 0.661133 0.622070 0.659180 0.623047 0.659180 0.624023 0.660156 0.625000 0.660156 0.626953 0.658203 0.627930 0.658203 0.629883 0.656250 0.630859 0.656250 0.631836 0.655273 0.632812 0.655273 0.634766 0.653320 0.635742 0.653320 0.636719 0.652344 0.636719 0.649414 0.637695 0.648438 0.637695 0.645508 0.638672 0.644531 0.638672 0.641602 0.639648 0.640625 0.639648 0.637695 0.640625 0.636719 0.640625 0.633789 0.641602 0.632812 0.641602 0.629883 0.642578 0.628906 0.642578 0.626953 0.641602 0.625977 0.640625 0.625977 0.638672 0.624023 0.637695 0.624023 0.636719 0.623047 0.635742 0.623047 0.633789 0.621094 0.632812 0.621094 0.631836 0.620117 0.630859 0.620117 0.628906 0.618164 0.627930 0.618164 0.626953 0.617188 0.625977 0.617188 0.625000 0.616211 0.624023 0.616211 0.622070 0.614258 0.621094 0.614258 0.620117 0.613281 0.619141 0.613281
1 0.457031 0.694336 0.458008 0.695312 0.458984 0.694336 0.458008 0.695312
1 0.450195 0.694336 0.451172 0.693359 0.453125 0.693359 0.450195 0.693359
1 0.587891 0.619141 0.588867 0.619141 0.590820 0.621094 0.591797 0.621094 0.592773 0.622070 0.593750 0.622070 0.595703 0.624023 0.596680 0.624023 0.597656 0.623047 0.596680 0.623047 0.595703 0.622070 0.594727 0.622070 0.592773 0.620117 0.591797 0.620117 0.590820 0.619141
0 0.432617 0.675781 0.430664 0.675781 0.430664 0.676758 0.429688 0.677734 0.430664 0.678711 0.431641 0.677734 0.432617 0.677734
0 0.437500 0.673828 0.437500 0.675781 0.435547 0.677734 0.438477 0.680664 0.438477 0.682617 0.437500 0.683594 0.437500 0.684570 0.436523 0.685547 0.437500 0.686523 0.435547 0.688477 0.434570 0.687500 0.433594 0.688477 0.433594 0.689453 0.432617 0.690430 0.427734 0.690430 0.427734 0.691406 0.426758 0.692383 0.426758 0.694336 0.427734 0.695312 0.427734 0.697266 0.426758 0.698242 0.422852 0.698242 0.421875 0.697266 0.420898 0.697266 0.419922 0.698242 0.420898 0.699219 0.420898 0.700195 0.421875 0.701172 0.421875 0.702148 0.422852 0.703125 0.422852 0.705078 0.423828 0.706055 0.423828 0.707031 0.424805 0.708008 0.424805 0.709961 0.425781 0.709961 0.426758 0.710938 0.431641 0.710938 0.432617 0.711914 0.437500 0.711914 0.438477 0.712891 0.444336 0.712891 0.452148 0.705078 0.453125 0.705078 0.459961 0.698242 0.455078 0.698242 0.454102 0.697266 0.448242 0.697266 0.446289 0.695312 0.446289 0.693359 0.447266 0.692383 0.447266 0.691406 0.448242 0.690430 0.449219 0.691406 0.449219 0.692383 0.455078 0.692383 0.456055 0.693359 0.458984 0.693359 0.458008 0.692383 0.458008 0.691406 0.457031 0.690430 0.457031 0.688477 0.456055 0.687500 0.456055 0.686523 0.455078 0.685547 0.455078 0.683594 0.454102 0.682617 0.454102 0.681641 0.453125 0.680664 0.453125 0.678711 0.452148 0.677734 0.452148 0.676758 0.450195 0.674805 0.442383 0.674805 0.441406 0.673828
1 0.447266 0.693359 0.447266 0.695312 0.448242 0.696289 0.454102 0.696289 0.455078 0.697266 0.459961 0.697266 0.460938 0.696289 0.460938 0.695312 0.459961 0.694336 0.458984 0.695312 0.458008 0.694336 0.457031 0.695312 0.455078 0.693359 0.454102 0.693359 0.453125 0.694336 0.451172 0.694336 0.450195 0.695312 0.449219 0.694336 0.449219 0.693359 0.448242 0.692383
