0 0.406250 0.375977 0.403320 0.375977 0.402344 0.376953 0.400391 0.376953 0.399414 0.377930 0.397461 0.377930 0.396484 0.378906 0.394531 0.378906 0.393555 0.379883 0.391602 0.379883 0.390625 0.380859 0.388672 0.380859 0.387695 0.381836 0.386719 0.381836 0.386719 0.383789 0.387695 0.384766 0.387695 0.386719 0.388672 0.387695 0.388672 0.389648 0.389648 0.390625 0.389648 0.393555 0.390625 0.394531 0.390625 0.396484 0.391602 0.397461 0.391602 0.399414 0.392578 0.400391 0.392578 0.401367 0.393555 0.402344 0.393555 0.403320 0.395508 0.405273 0.395508 0.406250 0.396484 0.407227 0.396484 0.408203 0.397461 0.407227 0.399414 0.407227 0.400391 0.406250 0.402344 0.406250 0.403320 0.405273 0.405273 0.405273 0.406250 0.404297 0.408203 0.404297 0.409180 0.403320 0.410156 0.403320 0.411133 0.402344 0.413086 0.402344 0.414062 0.401367 0.416016 0.401367 0.416016 0.400391 0.415039 0.399414 0.415039 0.397461 0.414062 0.396484 0.414062 0.393555 0.413086 0.392578 0.413086 0.390625 0.412109 0.389648 0.412109 0.386719 0.411133 0.385742 0.411133 0.383789 0.410156 0.382812 0.410156 0.381836 0.408203 0.379883 0.408203 0.378906 0.407227 0.377930 0.407227 0.376953
1 0.404297 0.394531 0.403320 0.395508 0.403320 0.397461 0.405273 0.399414 0.405273 0.400391 0.406250 0.401367 0.406250 0.402344 0.407227 0.401367 0.407227 0.399414 0.406250 0.398438 0.406250 0.397461 0.404297 0.395508
0 0.634766 0.600586 0.626953 0.600586 0.625977 0.601562 0.620117 0.601562 0.616211 0.605469 0.615234 0.605469 0.611328 0.609375 0.610352 0.609375 0.606445 0.613281 0.605469 0.613281 0.601562 0.617188 0.600586 0.617188 0.600586 0.618164 0.601562 0.619141 0.601562 0.620117 0.602539 0.621094 0.602539 0.622070 0.604492 0.624023 0.604492 0.625000 0.606445 0.626953 0.606445 0.627930 0.608398 0.629883 0.608398 0.630859 0.610352 0.632812 0.610352 0.633789 0.612305 0.635742 0.612305 0.636719 0.614258 0.638672 0.614258 0.639648 0.616211 0.641602 0.625977 0.641602 0.626953 0.640625 0.629883 0.640625 0.631836 0.638672 0.632812 0.638672 0.637695 0.633789 0.638672 0.633789 0.643555 0.628906 0.644531 0.628906 0.649414 0.624023 0.649414 0.623047 0.647461 0.621094 0.647461 0.620117 0.645508 0.618164 0.645508 0.617188 0.643555 0.615234 0.643555 0.614258 0.641602 0.612305 0.641602 0.611328 0.639648 0.609375 0.639648 0.608398 0.637695 0.606445 0.637695 0.605469 0.636719 0.604492 0.636719 0.603516 0.634766 0.601562
1 0.648438 0.600586 0.647461 0.600586 0.645508 0.602539 0.644531 0.602539 0.640625 0.606445 0.639648 0.606445 0.639648 0.607422 0.640625 0.608398 0.640625 0.609375 0.641602 0.609375 0.645508 0.605469 0.646484 0.605469 0.649414 0.602539 0.648438 0.601562
0 0.565430 0.591797 0.563477 0.591797 0.562500 0.592773 0.559570 0.592773 0.558594 0.593750 0.555664 0.593750 0.554688 0.594727 0.551758 0.594727 0.550781 0.595703 0.547852 0.595703 0.546875 0.596680 0.545898 0.596680 0.544922 0.597656 0.544922 0.600586 0.545898 0.601562 0.545898 0.604492 0.546875 0.605469 0.546875 0.608398 0.547852 0.609375 0.547852 0.612305 0.548828 0.613281 0.548828 0.615234 0.549805 0.616211 0.549805 0.617188 0.550781 0.618164 0.551758 0.617188 0.554688 0.617188 0.555664 0.616211 0.558594 0.616211 0.559570 0.615234 0.562500 0.615234 0.563477 0.614258 0.566406 0.614258 0.567383 0.613281 0.569336 0.613281 0.571289 0.611328 0.571289 0.610352 0.570312 0.609375 0.570312 0.607422 0.569336 0.606445 0.569336 0.603516 0.568359 0.602539 0.568359 0.599609 0.567383 0.598633 0.567383 0.596680 0.566406 0.595703 0.566406 0.592773
1 0.560547 0.601562 0.558594 0.601562 0.558594 0.602539 0.557617 0.603516 0.558594 0.604492 0.559570 0.604492 0.560547 0.603516
0 0.473633 0.509766 0.471680 0.511719 0.470703 0.511719 0.468750 0.513672 0.467773 0.513672 0.464844 0.516602 0.463867 0.516602 0.460938 0.519531 0.460938 0.520508 0.461914 0.521484 0.461914 0.529297 0.462891 0.530273 0.462891 0.535156 0.463867 0.535156 0.464844 0.536133 0.465820 0.536133 0.466797 0.537109 0.467773 0.537109 0.468750 0.538086 0.469727 0.538086 0.470703 0.539062 0.472656 0.539062 0.473633 0.540039 0.474609 0.540039 0.475586 0.541016 0.476562 0.541016 0.477539 0.541992 0.478516 0.541016 0.479492 0.541016 0.482422 0.538086 0.483398 0.538086 0.486328 0.535156 0.487305 0.535156 0.490234 0.532227 0.490234 0.521484 0.489258 0.520508 0.489258 0.515625 0.488281 0.515625 0.487305 0.514648 0.485352 0.514648 0.484375 0.513672 0.483398 0.513672 0.482422 0.512695 0.481445 0.512695 0.480469 0.511719 0.478516 0.511719 0.477539 0.510742 0.476562 0.510742 0.475586 0.509766
1 0.476562 0.541992 0.476562 0.544922 0.478516 0.544922 0.478516 0.541992 0.477539 0.542969
0 0.484375 0.581055 0.482422 0.583008 0.483398 0.582031 0.484375 0.583008 0.483398 0.582031
0 0.494141 0.575195 0.493164 0.575195 0.491211 0.577148 0.490234 0.577148 0.488281 0.579102 0.487305 0.579102 0.486328 0.580078 0.489258 0.583008 0.489258 0.583984 0.485352 0.587891 0.485352 0.592773 0.486328 0.593750 0.486328 0.596680 0.487305 0.597656 0.487305 0.603516 0.490234 0.600586 0.491211 0.600586 0.493164 0.598633 0.494141 0.598633 0.497070 0.595703 0.498047 0.595703 0.500000 0.593750 0.500977 0.593750 0.503906 0.590820 0.504883 0.590820 0.503906 0.589844 0.503906 0.588867 0.500977 0.585938 0.500977 0.584961 0.500000 0.583984 0.499023 0.584961 0.498047 0.584961 0.496094 0.586914 0.494141 0.584961 0.496094 0.583008 0.497070 0.583008 0.498047 0.582031 0.498047 0.581055 0.497070 0.580078 0.497070 0.579102 0.494141 0.576172
0 0.597656 0.352539 0.597656 0.353516 0.596680 0.354492 0.596680 0.356445 0.595703 0.357422 0.595703 0.359375 0.594727 0.360352 0.594727 0.361328 0.593750 0.362305 0.593750 0.370117 0.594727 0.371094 0.594727 0.378906 0.595703 0.379883 0.597656 0.379883 0.598633 0.380859 0.614258 0.380859 0.614258 0.379883 0.615234 0.378906 0.615234 0.377930 0.616211 0.376953 0.616211 0.375000 0.617188 0.374023 0.617188 0.373047 0.618164 0.372070 0.618164 0.371094 0.619141 0.370117 0.619141 0.369141 0.618164 0.368164 0.618164 0.361328 0.617188 0.360352 0.617188 0.353516 0.601562 0.353516 0.600586 0.352539
1 0.505859 0.579102 0.504883 0.578125 0.503906 0.579102 0.502930 0.579102 0.500977 0.581055 0.500000 0.581055 0.497070 0.583984 0.496094 0.583984 0.495117 0.584961 0.496094 0.585938 0.498047 0.583984 0.499023 0.583984 0.501953 0.581055 0.502930 0.581055 0.504883 0.579102
1 0.603516 0.347656 0.603516 0.352539 0.605469 0.352539 0.604492 0.351562 0.604492 0.347656
0 0.517578 0.608398 0.519531 0.610352 0.520508 0.610352 0.521484 0.609375 0.523438 0.609375 0.524414 0.610352 0.524414 0.611328 0.525391 0.612305 0.531250 0.612305 0.527344 0.608398 0.525391 0.608398 0.525391 0.609375 0.524414 0.610352 0.522461 0.608398 0.522461 0.606445 0.523438 0.605469 0.521484 0.603516 0.522461 0.604492 0.521484 0.605469 0.520508 0.605469
0 0.486328 0.581055 0.485352 0.581055 0.482422 0.583984 0.480469 0.583984 0.478516 0.585938 0.477539 0.585938 0.474609 0.588867 0.473633 0.588867 0.472656 0.589844 0.472656 0.590820 0.474609 0.592773 0.474609 0.593750 0.477539 0.596680 0.477539 0.597656 0.479492 0.599609 0.479492 0.600586 0.481445 0.602539 0.481445 0.603516 0.483398 0.605469 0.484375 0.605469 0.486328 0.603516 0.486328 0.597656 0.485352 0.596680 0.485352 0.593750 0.484375 0.592773 0.484375 0.587891 0.488281 0.583984 0.488281 0.583008
1 0.504883 0.612305 0.504883 0.613281 0.506836 0.613281 0.508789 0.615234 0.507812 0.614258 0.508789 0.613281 0.507812 0.613281 0.506836 0.612305
0 0.507812 0.599609 0.506836 0.600586 0.506836 0.601562 0.504883 0.603516 0.504883 0.604492 0.502930 0.606445 0.502930 0.607422 0.500977 0.609375 0.500977 0.610352 0.499023 0.612305 0.499023 0.613281 0.497070 0.615234 0.509766 0.627930 0.515625 0.627930 0.516602 0.628906 0.520508 0.628906 0.522461 0.626953 0.522461 0.625977 0.525391 0.623047 0.525391 0.622070 0.527344 0.620117 0.527344 0.619141 0.529297 0.617188 0.529297 0.616211 0.531250 0.614258 0.531250 0.613281 0.525391 0.613281 0.523438 0.611328 0.523438 0.610352 0.524414 0.609375 0.524414 0.608398 0.525391 0.607422 0.526367 0.607422 0.522461 0.603516 0.521484 0.604492 0.520508 0.603516 0.520508 0.602539 0.519531 0.602539 0.518555 0.601562 0.518555 0.600586 0.513672 0.600586 0.512695 0.599609
0 0.464844 0.487305 0.463867 0.488281 0.462891 0.487305 0.461914 0.488281 0.458008 0.488281 0.458008 0.490234 0.460938 0.493164 0.459961 0.494141 0.458984 0.494141 0.457031 0.496094 0.455078 0.496094 0.455078 0.497070 0.454102 0.498047 0.450195 0.498047 0.449219 0.497070 0.447266 0.499023 0.448242 0.499023 0.449219 0.500000 0.451172 0.500000 0.452148 0.500977 0.453125 0.500977 0.454102 0.501953 0.455078 0.501953 0.456055 0.502930 0.457031 0.502930 0.458008 0.503906 0.457031 0.502930 0.459961 0.500000 0.459961 0.499023 0.460938 0.498047 0.460938 0.497070 0.461914 0.496094 0.461914 0.495117 0.462891 0.494141 0.462891 0.493164 0.463867 0.492188 0.463867 0.491211 0.464844 0.490234
1 0.500977 0.612305 0.500977 0.614258 0.501953 0.614258 0.502930 0.613281 0.503906 0.614258 0.506836 0.614258 0.507812 0.615234 0.508789 0.614258 0.507812 0.615234 0.506836 0.614258 0.504883 0.614258 0.503906 0.613281 0.503906 0.612305
1 0.463867 0.493164 0.464844 0.494141 0.465820 0.494141 0.466797 0.495117 0.468750 0.495117 0.469727 0.496094 0.470703 0.496094 0.471680 0.497070 0.472656 0.497070 0.473633 0.498047 0.475586 0.498047 0.474609 0.497070 0.473633 0.497070 0.472656 0.496094 0.471680 0.496094 0.470703 0.495117 0.469727 0.495117 0.467773 0.493164 0.466797 0.493164 0.465820 0.492188 0.464844 0.493164
0 0.458008 0.500977 0.458984 0.501953 0.458008 0.502930 0.458984 0.501953
0 0.468750 0.480469 0.467773 0.480469 0.466797 0.479492 0.465820 0.479492 0.464844 0.478516 0.462891 0.478516 0.461914 0.477539 0.460938 0.477539 0.459961 0.476562 0.458984 0.476562 0.458008 0.475586 0.457031 0.475586 0.456055 0.474609 0.455078 0.474609 0.454102 0.473633 0.453125 0.473633 0.452148 0.472656 0.450195 0.474609 0.450195 0.475586 0.449219 0.476562 0.449219 0.477539 0.448242 0.478516 0.448242 0.479492 0.447266 0.480469 0.447266 0.481445 0.446289 0.482422 0.446289 0.483398 0.445312 0.484375 0.445312 0.486328 0.444336 0.487305 0.444336 0.488281 0.443359 0.489258 0.443359 0.490234 0.442383 0.491211 0.442383 0.492188 0.441406 0.493164 0.441406 0.494141 0.440430 0.495117 0.441406 0.496094 0.442383 0.496094 0.443359 0.497070 0.444336 0.497070 0.445312 0.498047 0.447266 0.498047 0.449219 0.496094 0.450195 0.497070 0.454102 0.497070 0.454102 0.496094 0.455078 0.495117 0.457031 0.495117 0.458984 0.493164 0.459961 0.493164 0.457031 0.490234 0.457031 0.488281 0.458008 0.487305 0.461914 0.487305 0.462891 0.486328 0.463867 0.487305 0.464844 0.486328 0.465820 0.487305 0.465820 0.488281 0.465820 0.486328 0.466797 0.485352 0.466797 0.484375 0.467773 0.483398 0.467773 0.482422 0.468750 0.481445
1 0.488281 0.558594 0.489258 0.559570 0.490234 0.558594 0.491211 0.558594 0.491211 0.557617 0.490234 0.558594 0.489258 0.557617
1 0.469727 0.494141 0.470703 0.494141 0.471680 0.495117 0.472656 0.495117 0.473633 0.496094 0.474609 0.496094 0.475586 0.497070 0.474609 0.496094 0.473633 0.496094 0.472656 0.495117 0.471680 0.495117 0.470703 0.494141
0 0.497070 0.533203 0.496094 0.534180 0.495117 0.534180 0.492188 0.537109 0.491211 0.537109 0.488281 0.540039 0.487305 0.540039 0.485352 0.541992 0.484375 0.541992 0.481445 0.544922 0.480469 0.544922 0.480469 0.546875 0.481445 0.547852 0.481445 0.549805 0.482422 0.550781 0.482422 0.551758 0.483398 0.552734 0.483398 0.553711 0.484375 0.554688 0.484375 0.555664 0.485352 0.556641 0.485352 0.558594 0.486328 0.558594 0.489258 0.555664 0.491211 0.555664 0.492188 0.556641 0.492188 0.558594 0.489258 0.561523 0.488281 0.561523 0.487305 0.562500 0.488281 0.563477 0.488281 0.564453 0.489258 0.565430 0.490234 0.565430 0.491211 0.566406 0.495117 0.566406 0.496094 0.567383 0.499023 0.567383 0.500000 0.568359 0.502930 0.568359 0.503906 0.567383 0.504883 0.567383 0.507812 0.564453 0.508789 0.564453 0.511719 0.561523 0.512695 0.561523 0.515625 0.558594 0.516602 0.558594 0.519531 0.555664 0.519531 0.554688 0.518555 0.553711 0.518555 0.552734 0.517578 0.551758 0.517578 0.549805 0.516602 0.548828 0.516602 0.547852 0.515625 0.546875 0.515625 0.545898 0.514648 0.544922 0.514648 0.542969 0.513672 0.541992 0.513672 0.541016 0.512695 0.540039 0.512695 0.539062 0.511719 0.538086 0.511719 0.537109 0.509766 0.535156 0.504883 0.535156 0.503906 0.534180 0.500000 0.534180 0.499023 0.533203
1 0.491211 0.556641 0.489258 0.556641 0.487305 0.558594 0.487305 0.559570 0.486328 0.560547 0.485352 0.559570 0.482422 0.562500 0.481445 0.562500 0.478516 0.565430 0.479492 0.566406 0.481445 0.566406 0.484375 0.563477 0.485352 0.563477 0.488281 0.560547 0.489258 0.560547 0.490234 0.559570 0.489258 0.558594
0 0.382812 0.542969 0.382812 0.547852 0.381836 0.548828 0.381836 0.556641 0.380859 0.557617 0.380859 0.563477 0.382812 0.563477 0.383789 0.564453 0.392578 0.564453 0.393555 0.565430 0.402344 0.565430 0.402344 0.560547 0.403320 0.559570 0.403320 0.551758 0.404297 0.550781 0.404297 0.544922 0.397461 0.544922 0.396484 0.543945 0.387695 0.543945 0.386719 0.542969 0.385742 0.543945 0.384766 0.542969
1 0.391602 0.565430 0.390625 0.565430 0.390625 0.569336 0.389648 0.570312 0.389648 0.578125 0.390625 0.579102 0.390625 0.573242 0.391602 0.572266
