0 0.479492 0.562500 0.473633 0.568359 0.473633 0.569336 0.467773 0.575195 0.467773 0.576172 0.461914 0.582031 0.461914 0.583008 0.462891 0.583984 0.462891 0.585938 0.463867 0.586914 0.463867 0.587891 0.464844 0.588867 0.464844 0.589844 0.465820 0.590820 0.465820 0.592773 0.466797 0.593750 0.466797 0.594727 0.467773 0.595703 0.467773 0.596680 0.468750 0.597656 0.468750 0.598633 0.469727 0.598633 0.470703 0.599609 0.471680 0.599609 0.472656 0.600586 0.473633 0.600586 0.475586 0.602539 0.476562 0.602539 0.477539 0.603516 0.478516 0.603516 0.479492 0.604492 0.480469 0.604492 0.482422 0.606445 0.483398 0.606445 0.484375 0.607422 0.485352 0.607422 0.486328 0.608398 0.487305 0.608398 0.488281 0.609375 0.490234 0.609375 0.490234 0.608398 0.495117 0.603516 0.495117 0.602539 0.500000 0.597656 0.500000 0.596680 0.504883 0.591797 0.504883 0.590820 0.505859 0.589844 0.505859 0.587891 0.504883 0.586914 0.504883 0.585938 0.503906 0.584961 0.503906 0.583008 0.502930 0.582031 0.502930 0.580078 0.501953 0.579102 0.501953 0.577148 0.500977 0.576172 0.500977 0.575195 0.500000 0.574219 0.500000 0.573242 0.499023 0.573242 0.498047 0.572266 0.497070 0.572266 0.496094 0.571289 0.495117 0.571289 0.494141 0.570312 0.493164 0.570312 0.492188 0.569336 0.491211 0.569336 0.490234 0.568359 0.489258 0.568359 0.488281 0.567383 0.487305 0.567383 0.486328 0.566406 0.485352 0.566406 0.484375 0.565430 0.483398 0.565430 0.482422 0.564453 0.481445 0.564453
1 0.504883 0.562500 0.503906 0.562500 0.502930 0.561523 0.501953 0.562500 0.501953 0.563477 0.496094 0.569336 0.496094 0.570312 0.497070 0.571289 0.499023 0.571289 0.500977 0.569336 0.500977 0.568359 0.504883 0.564453
0 0.648438 0.333008 0.648438 0.334961 0.647461 0.335938 0.647461 0.340820 0.646484 0.341797 0.646484 0.345703 0.645508 0.346680 0.645508 0.350586 0.644531 0.351562 0.644531 0.352539 0.645508 0.353516 0.645508 0.354492 0.647461 0.356445 0.647461 0.357422 0.650391 0.357422 0.651367 0.358398 0.659180 0.358398 0.660156 0.359375 0.667969 0.359375 0.667969 0.355469 0.668945 0.354492 0.668945 0.350586 0.669922 0.349609 0.669922 0.345703 0.670898 0.344727 0.670898 0.338867 0.669922 0.337891 0.669922 0.336914 0.668945 0.335938 0.668945 0.334961 0.665039 0.334961 0.664062 0.333984 0.656250 0.333984 0.655273 0.333008
1 0.634766 0.342773 0.634766 0.344727 0.639648 0.344727 0.640625 0.345703 0.645508 0.345703 0.645508 0.343750 0.637695 0.343750 0.636719 0.342773
0 0.560547 0.563477 0.558594 0.563477 0.557617 0.564453 0.548828 0.564453 0.547852 0.565430 0.547852 0.567383 0.546875 0.568359 0.546875 0.570312 0.545898 0.571289 0.545898 0.573242 0.544922 0.574219 0.544922 0.575195 0.543945 0.576172 0.543945 0.578125 0.542969 0.579102 0.542969 0.581055 0.541992 0.582031 0.542969 0.583008 0.543945 0.583008 0.545898 0.584961 0.546875 0.584961 0.548828 0.586914 0.549805 0.586914 0.551758 0.588867 0.552734 0.588867 0.554688 0.590820 0.555664 0.590820 0.556641 0.591797 0.557617 0.590820 0.565430 0.590820 0.566406 0.589844 0.568359 0.589844 0.569336 0.588867 0.569336 0.586914 0.570312 0.585938 0.570312 0.583984 0.571289 0.583008 0.571289 0.582031 0.572266 0.581055 0.572266 0.579102 0.573242 0.578125 0.573242 0.576172 0.574219 0.575195 0.574219 0.572266 0.573242 0.571289 0.572266 0.571289 0.570312 0.569336 0.569336 0.569336 0.567383 0.567383 0.566406 0.567383 0.565430 0.566406 0.564453 0.566406 0.564453 0.567383 0.562500 0.569336 0.561523 0.569336 0.560547 0.568359 0.560547 0.565430 0.561523 0.564453
1 0.567383 0.556641 0.565430 0.556641 0.564453 0.557617 0.564453 0.558594 0.563477 0.559570 0.563477 0.561523 0.562500 0.562500 0.562500 0.564453 0.561523 0.565430 0.561523 0.568359 0.562500 0.568359 0.563477 0.567383 0.563477 0.565430 0.564453 0.564453 0.564453 0.562500 0.565430 0.561523 0.565430 0.560547 0.566406 0.559570 0.566406 0.557617
0 0.548828 0.592773 0.544922 0.592773 0.543945 0.593750 0.534180 0.593750 0.533203 0.594727 0.527344 0.594727 0.527344 0.597656 0.526367 0.598633 0.526367 0.604492 0.525391 0.605469 0.525391 0.611328 0.524414 0.612305 0.525391 0.613281 0.525391 0.614258 0.526367 0.615234 0.526367 0.617188 0.527344 0.618164 0.527344 0.619141 0.528320 0.620117 0.528320 0.621094 0.529297 0.622070 0.529297 0.623047 0.530273 0.624023 0.530273 0.625977 0.542969 0.625977 0.543945 0.625000 0.552734 0.625000 0.552734 0.619141 0.553711 0.618164 0.553711 0.611328 0.554688 0.610352 0.554688 0.606445 0.553711 0.605469 0.553711 0.603516 0.552734 0.602539 0.552734 0.601562 0.551758 0.600586 0.551758 0.599609 0.550781 0.598633 0.550781 0.596680 0.549805 0.595703 0.549805 0.594727 0.548828 0.593750
1 0.545898 0.625977 0.545898 0.626953 0.547852 0.626953 0.547852 0.625977
1 0.313477 0.506836 0.314453 0.507812 0.314453 0.506836
1 0.306641 0.507812 0.307617 0.508789 0.308594 0.507812 0.309570 0.507812 0.308594 0.506836 0.307617 0.506836
0 0.571289 0.634766 0.569336 0.634766 0.568359 0.635742 0.567383 0.635742 0.563477 0.639648 0.562500 0.639648 0.563477 0.640625 0.563477 0.641602 0.565430 0.641602 0.566406 0.640625 0.567383 0.641602 0.567383 0.643555 0.566406 0.644531 0.567383 0.645508 0.567383 0.650391 0.566406 0.651367 0.564453 0.651367 0.563477 0.650391 0.563477 0.646484 0.564453 0.645508 0.564453 0.643555 0.563477 0.643555 0.561523 0.645508 0.558594 0.645508 0.556641 0.643555 0.558594 0.641602 0.557617 0.642578 0.556641 0.642578 0.554688 0.644531 0.553711 0.644531 0.551758 0.646484 0.550781 0.646484 0.547852 0.649414 0.548828 0.650391 0.548828 0.651367 0.550781 0.653320 0.550781 0.654297 0.553711 0.657227 0.553711 0.658203 0.554688 0.659180 0.554688 0.660156 0.555664 0.661133 0.555664 0.662109 0.557617 0.664062 0.557617 0.663086 0.558594 0.662109 0.558594 0.661133 0.557617 0.660156 0.557617 0.659180 0.556641 0.659180 0.555664 0.658203 0.555664 0.657227 0.559570 0.653320 0.565430 0.653320 0.567383 0.655273 0.567383 0.656250 0.568359 0.657227 0.570312 0.657227 0.571289 0.656250 0.571289 0.655273 0.572266 0.654297 0.572266 0.653320 0.573242 0.652344 0.577148 0.656250 0.581055 0.652344 0.581055 0.650391 0.580078 0.649414 0.580078 0.648438 0.578125 0.646484 0.578125 0.645508 0.576172 0.643555 0.576172 0.642578 0.575195 0.641602 0.575195 0.640625 0.573242 0.638672 0.573242 0.637695 0.571289 0.635742
0 0.336914 0.490234 0.330078 0.490234 0.329102 0.491211 0.320312 0.491211 0.319336 0.492188 0.315430 0.492188 0.315430 0.504883 0.316406 0.504883 0.317383 0.503906 0.318359 0.503906 0.319336 0.504883 0.319336 0.506836 0.317383 0.508789 0.315430 0.508789 0.315430 0.510742 0.314453 0.511719 0.314453 0.512695 0.320312 0.518555 0.321289 0.518555 0.323242 0.520508 0.325195 0.520508 0.326172 0.519531 0.333008 0.519531 0.333984 0.518555 0.341797 0.518555 0.342773 0.517578 0.343750 0.517578 0.344727 0.516602 0.344727 0.496094 0.343750 0.496094 0.339844 0.492188 0.338867 0.492188
1 0.551758 0.628906 0.550781 0.629883 0.551758 0.630859 0.551758 0.631836 0.553711 0.633789 0.553711 0.634766 0.554688 0.635742 0.554688 0.636719 0.556641 0.638672 0.556641 0.639648 0.557617 0.640625 0.559570 0.640625 0.559570 0.639648 0.558594 0.639648 0.557617 0.638672 0.557617 0.636719 0.556641 0.635742 0.556641 0.634766 0.554688 0.632812 0.554688 0.631836 0.552734 0.629883 0.552734 0.628906
1 0.318359 0.504883 0.317383 0.504883 0.316406 0.505859 0.307617 0.505859 0.306641 0.506836 0.305664 0.506836 0.304688 0.507812 0.303711 0.506836 0.303711 0.507812 0.304688 0.508789 0.306641 0.508789 0.305664 0.507812 0.307617 0.505859 0.308594 0.505859 0.310547 0.507812 0.313477 0.507812 0.312500 0.506836 0.313477 0.505859 0.314453 0.505859 0.315430 0.506836 0.315430 0.507812 0.317383 0.507812 0.318359 0.506836
0 0.577148 0.655273 0.576172 0.656250 0.573242 0.653320 0.573242 0.654297 0.572266 0.655273 0.572266 0.656250 0.570312 0.658203 0.568359 0.658203 0.566406 0.656250 0.566406 0.655273 0.565430 0.654297 0.559570 0.654297 0.556641 0.657227 0.556641 0.658203 0.557617 0.658203 0.558594 0.659180 0.558594 0.660156 0.559570 0.661133 0.559570 0.662109 0.558594 0.663086 0.558594 0.664062 0.557617 0.665039 0.558594 0.666016 0.561523 0.666016 0.563477 0.664062 0.564453 0.664062 0.565430 0.663086 0.566406 0.663086 0.568359 0.661133 0.569336 0.661133 0.570312 0.660156 0.571289 0.660156 0.573242 0.658203 0.574219 0.658203
0 0.568359 0.646484 0.569336 0.647461 0.568359 0.648438 0.569336 0.649414 0.570312 0.648438
0 0.561523 0.639648 0.557617 0.643555 0.558594 0.644531 0.561523 0.644531 0.563477 0.642578 0.564453 0.642578 0.565430 0.643555 0.565430 0.645508 0.564453 0.646484 0.564453 0.650391 0.566406 0.650391 0.566406 0.645508 0.565430 0.644531 0.566406 0.643555 0.566406 0.641602 0.565430 0.640625 0.564453 0.640625 0.565430 0.640625 0.566406 0.641602 0.565430 0.642578 0.563477 0.642578 0.562500 0.641602 0.562500 0.640625
0 0.586914 0.588867 0.584961 0.590820 0.583984 0.590820 0.582031 0.592773 0.581055 0.592773 0.579102 0.594727 0.578125 0.594727 0.576172 0.596680 0.575195 0.596680 0.574219 0.597656 0.574219 0.598633 0.573242 0.599609 0.573242 0.600586 0.572266 0.601562 0.572266 0.602539 0.571289 0.603516 0.571289 0.605469 0.570312 0.606445 0.570312 0.607422 0.569336 0.608398 0.569336 0.609375 0.568359 0.610352 0.573242 0.615234 0.574219 0.614258 0.576172 0.614258 0.577148 0.615234 0.576172 0.616211 0.576172 0.617188 0.583008 0.624023 0.584961 0.622070 0.585938 0.622070 0.587891 0.620117 0.588867 0.620117 0.590820 0.618164 0.591797 0.618164 0.591797 0.617188 0.593750 0.615234 0.592773 0.614258 0.593750 0.613281 0.590820 0.610352 0.589844 0.610352 0.581055 0.601562 0.581055 0.599609 0.582031 0.598633 0.582031 0.597656 0.583008 0.596680 0.583008 0.595703 0.583984 0.594727 0.583984 0.593750 0.584961 0.592773 0.584961 0.591797 0.585938 0.590820 0.585938 0.589844
1 0.600586 0.596680 0.599609 0.595703 0.598633 0.595703 0.596680 0.597656 0.595703 0.597656 0.593750 0.599609 0.592773 0.599609 0.591797 0.600586 0.591797 0.602539 0.592773 0.602539 0.593750 0.601562 0.593750 0.599609 0.595703 0.597656 0.596680 0.598633 0.598633 0.598633
0 0.504883 0.629883 0.502930 0.629883 0.503906 0.630859 0.503906 0.631836 0.504883 0.630859
0 0.500000 0.625000 0.499023 0.625977 0.500000 0.626953 0.499023 0.625977
0 0.504883 0.621094 0.503906 0.621094 0.501953 0.623047 0.502930 0.622070 0.503906 0.623047 0.503906 0.624023 0.504883 0.623047 0.505859 0.623047 0.504883 0.622070
0 0.507812 0.620117 0.507812 0.621094 0.508789 0.622070 0.508789 0.623047 0.509766 0.624023 0.508789 0.625000 0.509766 0.625977 0.508789 0.626953 0.509766 0.625977 0.511719 0.627930 0.511719 0.628906 0.516602 0.633789 0.516602 0.634766 0.521484 0.639648 0.521484 0.640625 0.524414 0.643555 0.523438 0.642578 0.523438 0.641602 0.522461 0.640625 0.522461 0.639648 0.521484 0.638672 0.521484 0.637695 0.520508 0.636719 0.520508 0.635742 0.517578 0.632812 0.517578 0.631836 0.513672 0.627930 0.513672 0.626953 0.508789 0.622070 0.508789 0.621094
0 0.574219 0.616211 0.575195 0.616211 0.576172 0.615234 0.574219 0.615234
0 0.587891 0.588867 0.586914 0.589844 0.586914 0.590820 0.585938 0.591797 0.585938 0.592773 0.584961 0.593750 0.584961 0.594727 0.583984 0.595703 0.583984 0.596680 0.583008 0.597656 0.583008 0.598633 0.582031 0.599609 0.582031 0.601562 0.589844 0.609375 0.590820 0.609375 0.594727 0.613281 0.592773 0.615234 0.593750 0.616211 0.592773 0.617188 0.593750 0.616211 0.594727 0.616211 0.596680 0.614258 0.596680 0.613281 0.597656 0.612305 0.597656 0.611328 0.598633 0.610352 0.598633 0.608398 0.599609 0.607422 0.599609 0.606445 0.600586 0.605469 0.600586 0.604492 0.601562 0.603516 0.601562 0.601562 0.599609 0.599609 0.597656 0.599609 0.595703 0.601562 0.594727 0.601562 0.592773 0.603516 0.591797 0.603516 0.590820 0.602539 0.590820 0.600586 0.592773 0.598633 0.593750 0.598633 0.595703 0.596680
1 0.596680 0.599609 0.595703 0.598633 0.594727 0.599609 0.594727 0.600586 0.595703 0.600586
1 0.600586 0.594727 0.600586 0.595703 0.601562 0.596680 0.601562 0.595703
0 0.506836 0.619141 0.505859 0.620117 0.504883 0.620117 0.505859 0.621094 0.505859 0.622070 0.506836 0.623047 0.505859 0.624023 0.504883 0.624023 0.503906 0.625000 0.502930 0.624023 0.502930 0.623047 0.501953 0.624023 0.500000 0.624023 0.497070 0.626953 0.496094 0.626953 0.492188 0.630859 0.491211 0.630859 0.488281 0.633789 0.488281 0.634766 0.489258 0.635742 0.489258 0.637695 0.490234 0.638672 0.490234 0.639648 0.491211 0.640625 0.491211 0.642578 0.495117 0.646484 0.495117 0.647461 0.500977 0.653320 0.500977 0.654297 0.505859 0.659180 0.506836 0.659180 0.510742 0.655273 0.511719 0.655273 0.514648 0.652344 0.515625 0.652344 0.519531 0.648438 0.520508 0.648438 0.523438 0.645508 0.524414 0.645508 0.524414 0.644531 0.520508 0.640625 0.520508 0.639648 0.515625 0.634766 0.515625 0.633789 0.510742 0.628906 0.510742 0.627930 0.507812 0.625000 0.508789 0.624023 0.507812 0.623047 0.507812 0.622070 0.506836 0.621094
0 0.605469 0.459961 0.604492 0.460938 0.604492 0.466797 0.603516 0.467773 0.603516 0.473633 0.602539 0.474609 0.602539 0.482422 0.603516 0.483398 0.603516 0.484375 0.604492 0.485352 0.604492 0.487305 0.605469 0.488281 0.605469 0.489258 0.607422 0.489258 0.608398 0.490234 0.627930 0.490234 0.627930 0.485352 0.628906 0.484375 0.628906 0.477539 0.627930 0.477539 0.626953 0.476562 0.626953 0.474609 0.627930 0.473633 0.629883 0.473633 0.629883 0.468750 0.628906 0.467773 0.628906 0.464844 0.627930 0.463867 0.627930 0.461914 0.626953 0.460938 0.617188 0.460938 0.616211 0.459961
1 0.627930 0.474609 0.627930 0.476562 0.630859 0.476562 0.631836 0.477539 0.642578 0.477539 0.642578 0.475586 0.638672 0.475586 0.636719 0.477539 0.635742 0.476562 0.635742 0.475586 0.634766 0.474609
0 0.618164 0.621094 0.617188 0.622070 0.617188 0.624023 0.616211 0.625000 0.616211 0.625977 0.615234 0.626953 0.615234 0.627930 0.614258 0.628906 0.614258 0.630859 0.613281 0.631836 0.613281 0.632812 0.612305 0.633789 0.612305 0.635742 0.611328 0.636719 0.611328 0.637695 0.610352 0.638672 0.610352 0.639648 0.609375 0.640625 0.609375 0.643555 0.610352 0.644531 0.611328 0.644531 0.612305 0.645508 0.613281 0.645508 0.615234 0.647461 0.616211 0.647461 0.618164 0.649414 0.619141 0.649414 0.621094 0.651367 0.622070 0.651367 0.623047 0.652344 0.625000 0.652344 0.625977 0.653320 0.627930 0.653320 0.628906 0.654297 0.630859 0.654297 0.631836 0.655273 0.634766 0.655273 0.635742 0.656250 0.637695 0.656250 0.638672 0.657227 0.640625 0.657227 0.640625 0.656250 0.641602 0.655273 0.641602 0.654297 0.642578 0.653320 0.642578 0.652344 0.643555 0.651367 0.643555 0.649414 0.644531 0.648438 0.644531 0.647461 0.645508 0.646484 0.645508 0.645508 0.646484 0.644531 0.646484 0.642578 0.647461 0.641602 0.647461 0.640625 0.648438 0.639648 0.648438 0.637695 0.649414 0.636719 0.649414 0.634766 0.648438 0.634766 0.646484 0.632812 0.645508 0.632812 0.644531 0.631836 0.643555 0.631836 0.642578 0.630859 0.641602 0.630859 0.639648 0.628906 0.638672 0.628906 0.637695 0.627930 0.636719 0.627930 0.635742 0.626953 0.634766 0.626953 0.633789 0.625977 0.631836 0.625977 0.630859 0.625000 0.628906 0.625000 0.627930 0.624023 0.625977 0.624023 0.625000 0.623047 0.623047 0.623047 0.622070 0.622070 0.620117 0.622070 0.619141 0.621094
