0 0.486328 0.421875 0.486328 0.422852 0.485352 0.423828 0.485352 0.428711 0.484375 0.429688 0.484375 0.435547 0.483398 0.436523 0.483398 0.440430 0.485352 0.442383 0.486328 0.442383 0.488281 0.444336 0.489258 0.444336 0.491211 0.446289 0.509766 0.446289 0.509766 0.444336 0.510742 0.443359 0.510742 0.437500 0.511719 0.436523 0.511719 0.430664 0.512695 0.429688 0.512695 0.427734 0.510742 0.425781 0.509766 0.425781 0.506836 0.422852 0.505859 0.422852 0.503906 0.420898 0.491211 0.420898 0.490234 0.421875
1 0.486328 0.425781 0.486328 0.426758 0.488281 0.428711 0.489258 0.428711 0.492188 0.431641 0.493164 0.431641 0.494141 0.430664 0.494141 0.429688 0.493164 0.429688 0.491211 0.427734 0.490234 0.427734 0.488281 0.425781
0 0.315430 0.331055 0.314453 0.332031 0.314453 0.333008 0.313477 0.333984 0.313477 0.334961 0.311523 0.336914 0.311523 0.337891 0.310547 0.338867 0.310547 0.339844 0.308594 0.341797 0.308594 0.342773 0.307617 0.343750 0.307617 0.344727 0.306641 0.345703 0.306641 0.346680 0.304688 0.348633 0.304688 0.349609 0.305664 0.350586 0.305664 0.353516 0.306641 0.354492 0.306641 0.356445 0.307617 0.357422 0.307617 0.360352 0.308594 0.361328 0.308594 0.364258 0.309570 0.365234 0.309570 0.367188 0.310547 0.368164 0.310547 0.371094 0.311523 0.372070 0.311523 0.375000 0.312500 0.375977 0.312500 0.376953 0.321289 0.376953 0.322266 0.377930 0.343750 0.377930 0.344727 0.376953 0.344727 0.375977 0.345703 0.375000 0.345703 0.374023 0.346680 0.373047 0.346680 0.372070 0.347656 0.371094 0.347656 0.370117 0.348633 0.369141 0.348633 0.368164 0.349609 0.367188 0.349609 0.366211 0.350586 0.365234 0.350586 0.364258 0.351562 0.363281 0.351562 0.362305 0.352539 0.361328 0.352539 0.357422 0.345703 0.357422 0.344727 0.356445 0.344727 0.352539 0.345703 0.351562 0.350586 0.351562 0.350586 0.348633 0.349609 0.347656 0.349609 0.343750 0.348633 0.342773 0.348633 0.339844 0.347656 0.338867 0.347656 0.334961 0.346680 0.333984 0.346680 0.332031 0.331055 0.332031 0.330078 0.331055
1 0.345703 0.352539 0.345703 0.356445 0.367188 0.356445 0.367188 0.352539
0 0.459961 0.614258 0.459961 0.616211 0.460938 0.617188 0.460938 0.619141 0.461914 0.620117 0.461914 0.622070 0.459961 0.624023 0.458984 0.624023 0.457031 0.622070 0.457031 0.620117 0.456055 0.619141 0.456055 0.617188 0.455078 0.616211 0.442383 0.628906 0.443359 0.629883 0.443359 0.631836 0.444336 0.632812 0.444336 0.634766 0.445312 0.635742 0.445312 0.637695 0.446289 0.638672 0.446289 0.640625 0.447266 0.641602 0.447266 0.643555 0.448242 0.644531 0.448242 0.646484 0.449219 0.647461 0.449219 0.649414 0.450195 0.650391 0.454102 0.650391 0.455078 0.651367 0.459961 0.651367 0.460938 0.652344 0.464844 0.652344 0.465820 0.653320 0.470703 0.653320 0.475586 0.648438 0.475586 0.647461 0.484375 0.638672 0.484375 0.636719 0.483398 0.635742 0.483398 0.633789 0.482422 0.632812 0.482422 0.630859 0.481445 0.629883 0.481445 0.627930 0.480469 0.626953 0.480469 0.625000 0.479492 0.624023 0.479492 0.622070 0.478516 0.621094 0.478516 0.619141 0.477539 0.618164 0.477539 0.617188 0.475586 0.617188 0.474609 0.616211 0.469727 0.616211 0.468750 0.615234 0.462891 0.615234 0.461914 0.614258
1 0.455078 0.607422 0.454102 0.608398 0.454102 0.610352 0.455078 0.611328 0.455078 0.613281 0.456055 0.614258 0.456055 0.616211 0.457031 0.617188 0.457031 0.619141 0.458008 0.620117 0.458008 0.622070 0.458984 0.623047 0.459961 0.623047 0.460938 0.622070 0.460938 0.620117 0.459961 0.619141 0.459961 0.617188 0.458984 0.616211 0.458984 0.614258 0.458008 0.613281 0.458008 0.611328 0.457031 0.610352 0.457031 0.608398 0.456055 0.607422
0 0.462891 0.541992 0.462891 0.542969 0.461914 0.543945 0.461914 0.546875 0.460938 0.547852 0.460938 0.550781 0.459961 0.551758 0.459961 0.554688 0.458984 0.555664 0.458984 0.557617 0.458008 0.558594 0.458008 0.562500 0.457031 0.563477 0.457031 0.564453 0.458008 0.564453 0.458984 0.565430 0.461914 0.565430 0.462891 0.566406 0.467773 0.566406 0.468750 0.567383 0.469727 0.567383 0.470703 0.568359 0.473633 0.568359 0.474609 0.569336 0.477539 0.569336 0.478516 0.570312 0.479492 0.569336 0.479492 0.566406 0.480469 0.565430 0.480469 0.562500 0.481445 0.561523 0.481445 0.558594 0.482422 0.557617 0.482422 0.554688 0.483398 0.553711 0.483398 0.550781 0.484375 0.549805 0.484375 0.546875 0.481445 0.546875 0.480469 0.545898 0.477539 0.545898 0.476562 0.544922 0.473633 0.544922 0.472656 0.543945 0.469727 0.543945 0.468750 0.542969 0.465820 0.542969 0.464844 0.541992
1 0.467773 0.567383 0.466797 0.567383 0.466797 0.569336 0.465820 0.570312 0.465820 0.573242 0.464844 0.574219 0.464844 0.577148 0.463867 0.578125 0.463867 0.581055 0.462891 0.582031 0.464844 0.582031 0.464844 0.580078 0.465820 0.579102 0.465820 0.576172 0.466797 0.575195 0.466797 0.572266 0.467773 0.571289
0 0.444336 0.636719 0.441406 0.639648 0.440430 0.639648 0.436523 0.643555 0.435547 0.643555 0.431641 0.647461 0.430664 0.647461 0.429688 0.648438 0.429688 0.649414 0.430664 0.650391 0.431641 0.650391 0.431641 0.649414 0.433594 0.647461 0.435547 0.647461 0.437500 0.649414 0.438477 0.649414 0.440430 0.651367 0.441406 0.651367 0.443359 0.649414 0.445312 0.649414 0.447266 0.651367 0.447266 0.654297 0.446289 0.655273 0.445312 0.655273 0.444336 0.656250 0.443359 0.656250 0.442383 0.657227 0.439453 0.654297 0.440430 0.653320 0.439453 0.654297 0.438477 0.653320 0.437500 0.653320 0.436523 0.654297 0.438477 0.656250 0.439453 0.656250 0.442383 0.659180 0.443359 0.659180 0.444336 0.660156 0.445312 0.659180 0.446289 0.660156 0.447266 0.659180 0.448242 0.659180 0.449219 0.658203 0.450195 0.658203 0.453125 0.655273 0.452148 0.655273 0.448242 0.651367 0.448242 0.650391 0.447266 0.649414 0.447266 0.646484 0.444336 0.643555 0.444336 0.641602 0.443359 0.640625 0.445312 0.638672 0.444336 0.637695
0 0.448242 0.622070 0.447266 0.621094 0.446289 0.622070 0.445312 0.622070 0.441406 0.625977 0.442383 0.626953 0.443359 0.626953
0 0.678711 0.458984 0.678711 0.459961 0.677734 0.460938 0.677734 0.481445 0.679688 0.481445 0.680664 0.482422 0.682617 0.482422 0.683594 0.483398 0.686523 0.483398 0.687500 0.484375 0.690430 0.484375 0.691406 0.485352 0.694336 0.485352 0.695312 0.486328 0.698242 0.486328 0.699219 0.485352 0.700195 0.485352 0.701172 0.484375 0.702148 0.484375 0.703125 0.483398 0.704102 0.483398 0.705078 0.482422 0.706055 0.482422 0.707031 0.481445 0.708984 0.481445 0.710938 0.479492 0.710938 0.458008 0.708008 0.458008 0.707031 0.457031 0.704102 0.457031 0.703125 0.456055 0.700195 0.456055 0.699219 0.455078 0.695312 0.455078 0.694336 0.454102 0.690430 0.454102 0.689453 0.455078 0.688477 0.455078 0.687500 0.456055 0.685547 0.456055 0.684570 0.457031 0.683594 0.457031 0.682617 0.458008 0.680664 0.458008 0.679688 0.458984
0 0.445312 0.661133 0.446289 0.661133 0.447266 0.660156 0.446289 0.661133 0.445312 0.660156
0 0.432617 0.649414 0.432617 0.651367 0.434570 0.653320 0.436523 0.653320 0.437500 0.654297 0.436523 0.653320 0.437500 0.652344 0.438477 0.652344 0.440430 0.654297 0.439453 0.655273 0.440430 0.656250 0.441406 0.655273 0.442383 0.656250 0.443359 0.655273 0.444336 0.655273 0.445312 0.654297 0.446289 0.654297 0.446289 0.651367 0.445312 0.650391 0.443359 0.650391 0.441406 0.652344 0.440430 0.652344 0.438477 0.650391 0.437500 0.650391 0.435547 0.648438 0.433594 0.648438
0 0.448242 0.647461 0.448242 0.649414 0.449219 0.650391 0.449219 0.651367 0.452148 0.654297 0.454102 0.654297 0.454102 0.653320 0.455078 0.652344 0.457031 0.652344 0.455078 0.652344 0.454102 0.651367 0.450195 0.651367 0.448242 0.649414
0 0.444336 0.638672 0.445312 0.639648 0.444336 0.640625 0.445312 0.641602 0.445312 0.643555 0.447266 0.645508 0.447266 0.644531 0.446289 0.643555 0.446289 0.641602 0.445312 0.640625 0.445312 0.639648
0 0.431641 0.614258 0.429688 0.616211 0.428711 0.616211 0.427734 0.617188 0.427734 0.618164 0.426758 0.619141 0.427734 0.618164 0.428711 0.619141 0.428711 0.620117 0.429688 0.619141 0.431641 0.619141 0.432617 0.620117 0.432617 0.622070 0.431641 0.623047 0.430664 0.622070 0.430664 0.625000 0.431641 0.625977 0.431641 0.626953 0.435547 0.630859 0.435547 0.631836 0.439453 0.635742 0.439453 0.636719 0.441406 0.638672 0.444336 0.635742 0.443359 0.634766 0.443359 0.632812 0.442383 0.631836 0.442383 0.629883 0.441406 0.628906 0.441406 0.629883 0.440430 0.630859 0.439453 0.629883 0.439453 0.627930 0.440430 0.626953 0.440430 0.625977 0.439453 0.625000 0.439453 0.624023 0.435547 0.620117 0.435547 0.619141 0.432617 0.616211 0.432617 0.615234
0 0.441406 0.626953 0.440430 0.627930 0.440430 0.629883 0.440430 0.628906 0.441406 0.627930 0.442383 0.627930
0 0.426758 0.618164 0.425781 0.619141 0.424805 0.619141 0.420898 0.623047 0.419922 0.623047 0.416016 0.626953 0.415039 0.626953 0.411133 0.630859 0.410156 0.630859 0.407227 0.633789 0.407227 0.635742 0.411133 0.639648 0.411133 0.640625 0.415039 0.644531 0.415039 0.645508 0.417969 0.648438 0.417969 0.649414 0.421875 0.653320 0.421875 0.654297 0.424805 0.651367 0.425781 0.651367 0.430664 0.646484 0.431641 0.646484 0.435547 0.642578 0.436523 0.642578 0.442383 0.636719 0.441406 0.637695 0.440430 0.636719 0.439453 0.637695 0.438477 0.636719 0.438477 0.635742 0.434570 0.631836 0.434570 0.630859 0.430664 0.626953 0.430664 0.625977 0.429688 0.625000 0.429688 0.622070 0.430664 0.621094 0.431641 0.622070 0.431641 0.620117 0.429688 0.620117 0.428711 0.621094 0.427734 0.620117 0.427734 0.619141
0 0.485352 0.548828 0.485352 0.549805 0.484375 0.550781 0.485352 0.551758 0.484375 0.552734 0.485352 0.551758 0.486328 0.552734 0.486328 0.553711 0.489258 0.556641 0.490234 0.556641 0.490234 0.554688 0.489258 0.553711 0.487305 0.553711 0.486328 0.552734 0.486328 0.551758 0.485352 0.551758 0.484375 0.550781 0.485352 0.549805
0 0.485352 0.538086 0.485352 0.540039 0.486328 0.540039 0.486328 0.539062
0 0.496094 0.537109 0.495117 0.538086 0.493164 0.538086 0.493164 0.539062 0.491211 0.541016 0.490234 0.541016 0.488281 0.542969 0.489258 0.543945 0.490234 0.543945 0.492188 0.541992 0.492188 0.541016
1 0.408203 0.611328 0.408203 0.612305 0.410156 0.614258 0.410156 0.615234 0.413086 0.618164 0.413086 0.619141 0.416992 0.623047 0.416992 0.624023 0.417969 0.624023 0.418945 0.623047 0.416992 0.621094 0.416992 0.620117 0.413086 0.616211 0.414062 0.615234 0.411133 0.612305 0.410156 0.612305 0.409180 0.611328
1 0.498047 0.548828 0.497070 0.549805 0.498047 0.550781 0.498047 0.551758 0.500000 0.553711 0.500000 0.554688 0.500977 0.555664 0.501953 0.555664 0.501953 0.554688 0.500977 0.553711 0.500977 0.552734 0.499023 0.550781 0.499023 0.549805
0 0.489258 0.527344 0.488281 0.528320 0.488281 0.529297 0.484375 0.533203 0.484375 0.534180 0.480469 0.538086 0.480469 0.539062 0.476562 0.542969 0.478516 0.544922 0.480469 0.544922 0.481445 0.545898 0.484375 0.545898 0.485352 0.546875 0.485352 0.547852 0.486328 0.548828 0.486328 0.549805 0.484375 0.551758 0.485352 0.552734 0.484375 0.553711 0.485352 0.553711 0.486328 0.554688 0.485352 0.553711 0.485352 0.552734 0.484375 0.551758 0.485352 0.550781 0.486328 0.550781 0.487305 0.551758 0.487305 0.552734 0.489258 0.552734 0.491211 0.554688 0.491211 0.557617 0.492188 0.557617 0.494141 0.559570 0.495117 0.559570 0.496094 0.560547 0.497070 0.560547 0.499023 0.562500 0.500977 0.560547 0.500977 0.559570 0.501953 0.558594 0.501953 0.557617 0.499023 0.554688 0.499023 0.553711 0.497070 0.551758 0.497070 0.550781 0.496094 0.549805 0.498047 0.547852 0.502930 0.552734 0.502930 0.553711 0.504883 0.555664 0.504883 0.554688 0.508789 0.550781 0.508789 0.549805 0.511719 0.546875 0.511719 0.544922 0.508789 0.541992 0.508789 0.541016 0.505859 0.538086 0.505859 0.537109 0.503906 0.535156 0.502930 0.535156 0.501953 0.534180 0.500977 0.534180 0.499023 0.532227 0.498047 0.532227 0.496094 0.530273 0.495117 0.530273 0.494141 0.529297 0.493164 0.529297 0.491211 0.527344
1 0.500000 0.550781 0.501953 0.552734 0.501953 0.553711 0.502930 0.554688 0.502930 0.555664 0.501953 0.556641 0.502930 0.557617 0.503906 0.556641 0.502930 0.555664 0.502930 0.554688 0.501953 0.553711 0.501953 0.552734
0 0.385742 0.434570 0.385742 0.435547 0.384766 0.436523 0.384766 0.439453 0.383789 0.440430 0.383789 0.443359 0.382812 0.444336 0.382812 0.447266 0.381836 0.448242 0.381836 0.451172 0.380859 0.452148 0.380859 0.455078 0.379883 0.456055 0.379883 0.457031 0.380859 0.458008 0.380859 0.460938 0.381836 0.461914 0.381836 0.464844 0.382812 0.465820 0.382812 0.467773 0.383789 0.468750 0.383789 0.469727 0.389648 0.469727 0.390625 0.470703 0.396484 0.470703 0.397461 0.471680 0.404297 0.471680 0.405273 0.472656 0.408203 0.472656 0.408203 0.471680 0.409180 0.470703 0.409180 0.467773 0.410156 0.466797 0.410156 0.462891 0.411133 0.461914 0.411133 0.458984 0.412109 0.458008 0.412109 0.455078 0.413086 0.454102 0.413086 0.447266 0.412109 0.446289 0.412109 0.442383 0.411133 0.441406 0.411133 0.437500 0.407227 0.437500 0.406250 0.436523 0.398438 0.436523 0.397461 0.435547 0.390625 0.435547 0.389648 0.434570
1 0.376953 0.545898 0.375977 0.545898 0.375000 0.546875 0.374023 0.546875 0.373047 0.545898 0.369141 0.549805 0.368164 0.549805 0.367188 0.550781 0.367188 0.551758 0.368164 0.552734 0.366211 0.554688 0.368164 0.552734 0.369141 0.552734 0.373047 0.548828 0.374023 0.548828
1 0.367188 0.448242 0.367188 0.451172 0.370117 0.451172 0.371094 0.452148 0.374023 0.452148 0.375000 0.451172 0.375977 0.451172 0.376953 0.452148 0.377930 0.452148 0.378906 0.453125 0.379883 0.453125 0.379883 0.452148 0.380859 0.451172 0.380859 0.450195 0.376953 0.450195 0.375977 0.449219 0.369141 0.449219 0.368164 0.448242
0 0.382812 0.520508 0.380859 0.522461 0.379883 0.522461 0.375977 0.526367 0.375000 0.526367 0.372070 0.529297 0.371094 0.529297 0.367188 0.533203 0.366211 0.533203 0.368164 0.535156 0.368164 0.536133 0.369141 0.537109 0.369141 0.538086 0.370117 0.539062 0.370117 0.540039 0.371094 0.541016 0.371094 0.541992 0.372070 0.542969 0.372070 0.543945 0.373047 0.544922 0.374023 0.543945 0.375977 0.543945 0.377930 0.545898 0.375000 0.548828 0.375977 0.548828 0.377930 0.550781 0.378906 0.550781 0.380859 0.552734 0.381836 0.552734 0.383789 0.554688 0.384766 0.554688 0.386719 0.556641 0.390625 0.552734 0.391602 0.552734 0.395508 0.548828 0.396484 0.548828 0.401367 0.543945 0.402344 0.543945 0.402344 0.541992 0.401367 0.541016 0.401367 0.540039 0.400391 0.539062 0.400391 0.538086 0.399414 0.537109 0.399414 0.536133 0.398438 0.535156 0.398438 0.534180 0.397461 0.533203 0.397461 0.532227 0.396484 0.531250 0.396484 0.530273 0.395508 0.529297 0.395508 0.528320 0.394531 0.527344 0.393555 0.527344 0.391602 0.525391 0.390625 0.525391 0.388672 0.523438 0.387695 0.523438 0.385742 0.521484 0.384766 0.521484 0.383789 0.520508
1 0.366211 0.551758 0.365234 0.552734 0.365234 0.554688 0.367188 0.552734
1 0.375977 0.544922 0.374023 0.544922 0.374023 0.545898 0.372070 0.547852 0.374023 0.545898 0.375000 0.545898
