0 0.484237 0.645649 0.482976 0.646910 0.481715 0.646910 0.476671 0.651955 0.475410 0.651955 0.469105 0.658260 0.467844 0.658260 0.465322 0.660782 0.465322 0.668348 0.466583 0.669609 0.466583 0.680958 0.467844 0.682219 0.469105 0.682219 0.470366 0.683480 0.471627 0.683480 0.474149 0.686003 0.475410 0.686003 0.476671 0.687264 0.477932 0.687264 0.479193 0.688525 0.480454 0.688525 0.482976 0.691047 0.484237 0.691047 0.485498 0.692308 0.488020 0.692308 0.491803 0.688525 0.493064 0.688525 0.498108 0.683480 0.499369 0.683480 0.503153 0.679697 0.504414 0.679697 0.505675 0.678436 0.505675 0.665826 0.504414 0.664565 0.504414 0.656999 0.503153 0.656999 0.501892 0.655738 0.500631 0.655738 0.498108 0.653216 0.496847 0.653216 0.495586 0.651955 0.494325 0.651955 0.491803 0.649433 0.490542 0.649433 0.489281 0.648172 0.488020 0.648172 0.485498 0.645649
1 0.469105 0.683480 0.467844 0.683480 0.466583 0.682219 0.462799 0.686003 0.462799 0.687264 0.465322 0.687264 0.467844 0.684741 0.469105 0.684741
0 0.699874 0.738966 0.697352 0.738966 0.696091 0.740227 0.693569 0.740227 0.692308 0.741488 0.689786 0.741488 0.688525 0.742749 0.684741 0.742749 0.683480 0.744010 0.680958 0.744010 0.679697 0.745271 0.677175 0.745271 0.675914 0.746532 0.674653 0.746532 0.674653 0.750315 0.675914 0.751576 0.675914 0.759142 0.677175 0.760404 0.677175 0.762926 0.679697 0.762926 0.680958 0.764187 0.680958 0.766709 0.679697 0.767970 0.678436 0.767970 0.678436 0.769231 0.679697 0.770492 0.679697 0.771753 0.680958 0.773014 0.680958 0.774275 0.683480 0.776797 0.683480 0.778058 0.684741 0.779319 0.684741 0.780580 0.687264 0.783102 0.689786 0.783102 0.691047 0.781841 0.693569 0.781841 0.694830 0.780580 0.697352 0.780580 0.698613 0.779319 0.701135 0.779319 0.702396 0.778058 0.704918 0.778058 0.706179 0.776797 0.708701 0.776797 0.709962 0.775536 0.711223 0.775536 0.711223 0.767970 0.709962 0.766709 0.709962 0.757881 0.708701 0.756620 0.708701 0.752837 0.706179 0.750315 0.706179 0.749054 0.703657 0.746532 0.703657 0.745271 0.702396 0.744010 0.702396 0.742749 0.699874 0.740227
1 0.679697 0.764187 0.677175 0.764187 0.675914 0.765448 0.673392 0.765448 0.672131 0.766709 0.669609 0.766709 0.668348 0.767970 0.665826 0.767970 0.664565 0.769231 0.663304 0.769231 0.663304 0.771753 0.665826 0.771753 0.667087 0.770492 0.669609 0.770492 0.670870 0.769231 0.673392 0.769231 0.674653 0.767970 0.677175 0.767970 0.678436 0.766709 0.679697 0.766709
0 0.668348 0.426230 0.665826 0.428752 0.665826 0.430013 0.664565 0.431274 0.664565 0.452711 0.665826 0.453972 0.664565 0.455233 0.658260 0.455233 0.656999 0.453972 0.649433 0.453972 0.653216 0.457755 0.654477 0.457755 0.656999 0.460277 0.658260 0.460277 0.662043 0.464061 0.663304 0.464061 0.665826 0.466583 0.667087 0.466583 0.670870 0.470366 0.672131 0.470366 0.674653 0.472888 0.675914 0.472888 0.677175 0.474149 0.679697 0.474149 0.683480 0.470366 0.684741 0.470366 0.688525 0.466583 0.688525 0.465322 0.691047 0.462799 0.691047 0.457755 0.693569 0.455233 0.694830 0.456494 0.696091 0.455233 0.696091 0.453972 0.698613 0.451450 0.698613 0.450189 0.701135 0.447667 0.701135 0.446406 0.703657 0.443884 0.703657 0.442623 0.704918 0.441362 0.704918 0.440101 0.702396 0.437579 0.701135 0.437579 0.698613 0.435057 0.697352 0.435057 0.694830 0.432535 0.693569 0.432535 0.689786 0.428752 0.688525 0.428752 0.687264 0.427491 0.687264 0.431274 0.686003 0.432535 0.686003 0.433796 0.684741 0.435057 0.683480 0.435057 0.680958 0.432535 0.679697 0.432535 0.678436 0.431274 0.677175 0.431274 0.675914 0.430013 0.674653 0.430013 0.673392 0.428752 0.672131 0.428752 0.670870 0.427491 0.669609 0.427491
1 0.692308 0.457755 0.692308 0.460277 0.693569 0.460277 0.697352 0.464061 0.698613 0.464061 0.701135 0.466583 0.702396 0.466583 0.706179 0.470366 0.707440 0.470366 0.709962 0.472888 0.712484 0.470366 0.709962 0.467844 0.708701 0.467844 0.704918 0.464061 0.703657 0.464061 0.701135 0.461538 0.699874 0.461538 0.696091 0.457755 0.694830 0.457755 0.693569 0.456494
0 0.646910 0.412358 0.646910 0.416141 0.645649 0.417402 0.645649 0.427491 0.644388 0.428752 0.644388 0.437579 0.643127 0.438840 0.643127 0.447667 0.648172 0.452711 0.656999 0.452711 0.658260 0.453972 0.664565 0.453972 0.663304 0.452711 0.663304 0.431274 0.664565 0.430013 0.664565 0.428752 0.668348 0.424968 0.669609 0.426230 0.670870 0.426230 0.672131 0.427491 0.673392 0.427491 0.674653 0.428752 0.675914 0.428752 0.677175 0.430013 0.678436 0.430013 0.679697 0.431274 0.680958 0.431274 0.683480 0.433796 0.684741 0.433796 0.684741 0.432535 0.686003 0.431274 0.686003 0.422446 0.687264 0.421185 0.684741 0.418663 0.683480 0.418663 0.680958 0.416141 0.677175 0.416141 0.675914 0.414880 0.669609 0.414880 0.669609 0.416141 0.668348 0.417402 0.665826 0.417402 0.664565 0.416141 0.664565 0.414880 0.663304 0.414880 0.662043 0.413619 0.650694 0.413619 0.649433 0.412358
1 0.670870 0.393443 0.668348 0.393443 0.667087 0.394704 0.667087 0.404792 0.665826 0.406053 0.665826 0.416141 0.668348 0.416141 0.668348 0.409836 0.669609 0.408575 0.669609 0.398487 0.670870 0.397226
0 0.532156 0.621690 0.513241 0.640605 0.513241 0.646910 0.530895 0.664565 0.532156 0.664565 0.533417 0.665826 0.553594 0.645649 0.553594 0.644388 0.552333 0.643127 0.552333 0.640605 0.533417 0.621690
1 0.546028 0.654477 0.544767 0.655738 0.544767 0.656999 0.554855 0.667087 0.556116 0.667087 0.557377 0.665826
1 0.474149 0.480454 0.472888 0.480454 0.471627 0.481715 0.471627 0.482976 0.470366 0.484237 0.470366 0.485498 0.467844 0.488020 0.467844 0.489281 0.469105 0.489281 0.469105 0.486759 0.474149 0.481715
1 0.482976 0.471627 0.481715 0.472888 0.481715 0.474149 0.482976 0.472888 0.484237 0.474149 0.482976 0.472888
0 0.450189 0.470366 0.443884 0.476671 0.443884 0.477932 0.433796 0.488020 0.433796 0.489281 0.427491 0.495586 0.427491 0.496847 0.428752 0.498108 0.428752 0.501892 0.430013 0.503153 0.430013 0.506936 0.431274 0.508197 0.431274 0.511980 0.432535 0.513241 0.432535 0.517024 0.433796 0.518285 0.433796 0.519546 0.435057 0.519546 0.436318 0.520807 0.437579 0.520807 0.438840 0.522068 0.440101 0.522068 0.441362 0.523329 0.442623 0.523329 0.443884 0.524590 0.445145 0.524590 0.446406 0.525851 0.447667 0.525851 0.448928 0.527112 0.450189 0.527112 0.451450 0.528373 0.453972 0.528373 0.455233 0.529634 0.456494 0.529634 0.457755 0.530895 0.459016 0.530895 0.460277 0.532156 0.461538 0.532156 0.462799 0.533417 0.476671 0.519546 0.476671 0.518285 0.486759 0.508197 0.485498 0.506936 0.485498 0.504414 0.484237 0.503153 0.484237 0.500631 0.482976 0.499369 0.482976 0.495586 0.481715 0.494325 0.481715 0.491803 0.480454 0.490542 0.480454 0.488020 0.479193 0.486759 0.479193 0.485498 0.477932 0.484237 0.476671 0.484237 0.475410 0.485498 0.475410 0.486759 0.470366 0.491803 0.469105 0.490542 0.467844 0.490542 0.466583 0.489281 0.466583 0.486759 0.470366 0.482976 0.470366 0.480454 0.469105 0.480454 0.467844 0.479193 0.466583 0.479193 0.465322 0.477932 0.464061 0.477932 0.462799 0.476671 0.461538 0.476671 0.460277 0.475410 0.459016 0.475410 0.456494 0.472888 0.455233 0.472888 0.453972 0.471627 0.452711 0.471627 0.451450 0.470366
1 0.485498 0.471627 0.484237 0.471627 0.482976 0.470366 0.479193 0.474149 0.479193 0.475410 0.476671 0.477932 0.475410 0.477932 0.474149 0.479193 0.475410 0.480454 0.475410 0.481715 0.470366 0.486759 0.469105 0.485498 0.467844 0.486759 0.469105 0.485498 0.470366 0.486759 0.470366 0.490542 0.474149 0.486759 0.474149 0.485498 0.485498 0.474149
0 0.433796 0.590164 0.432535 0.591425 0.432535 0.592686 0.424968 0.600252 0.424968 0.601513 0.418663 0.607818 0.418663 0.609079 0.417402 0.610340 0.417402 0.612863 0.416141 0.614124 0.416141 0.616646 0.414880 0.617907 0.416141 0.617907 0.419924 0.621690 0.421185 0.621690 0.424968 0.625473 0.426230 0.625473 0.430013 0.629256 0.431274 0.629256 0.435057 0.633039 0.437579 0.630517 0.437579 0.629256 0.443884 0.622951 0.443884 0.621690 0.450189 0.615385 0.450189 0.614124 0.451450 0.612863 0.451450 0.610340 0.452711 0.609079 0.452711 0.607818 0.453972 0.606557 0.453972 0.605296 0.451450 0.602774 0.450189 0.602774 0.446406 0.598991 0.445145 0.598991 0.441362 0.595208 0.440101 0.595208 0.437579 0.592686 0.436318 0.592686
0 0.636822 0.419924 0.635561 0.419924 0.635561 0.421185 0.634300 0.422446 0.635561 0.421185 0.636822 0.421185
1 0.438840 0.598991 0.437579 0.600252 0.437579 0.601513 0.436318 0.602774 0.436318 0.605296 0.435057 0.606557 0.436318 0.607818 0.436318 0.606557 0.438840 0.604035 0.437579 0.602774 0.440101 0.600252
0 0.612863 0.418663 0.611602 0.419924 0.611602 0.421185 0.610340 0.422446 0.610340 0.423707 0.609079 0.424968 0.609079 0.426230 0.607818 0.427491 0.607818 0.428752 0.606557 0.430013 0.606557 0.431274 0.605296 0.432535 0.605296 0.433796 0.604035 0.435057 0.604035 0.438840 0.605296 0.440101 0.605296 0.441362 0.606557 0.442623 0.606557 0.443884 0.607818 0.445145 0.607818 0.446406 0.609079 0.447667 0.609079 0.448928 0.611602 0.451450 0.611602 0.452711 0.612863 0.453972 0.612863 0.455233 0.635561 0.455233 0.636822 0.453972 0.636822 0.452711 0.638083 0.451450 0.638083 0.450189 0.639344 0.448928 0.639344 0.447667 0.640605 0.446406 0.640605 0.445145 0.641866 0.443884 0.641866 0.440101 0.636822 0.440101 0.634300 0.437579 0.634300 0.436318 0.635561 0.435057 0.643127 0.435057 0.643127 0.432535 0.641866 0.431274 0.641866 0.430013 0.640605 0.428752 0.640605 0.427491 0.639344 0.426230 0.639344 0.424968 0.638083 0.423707 0.638083 0.422446 0.635561 0.422446 0.634300 0.421185 0.634300 0.419924 0.635561 0.418663
1 0.635561 0.436318 0.635561 0.437579 0.636822 0.438840 0.641866 0.438840 0.643127 0.437579 0.643127 0.436318
