0 0.417969 0.597656 0.415039 0.600586 0.414062 0.600586 0.410156 0.604492 0.409180 0.604492 0.409180 0.619141 0.410156 0.620117 0.410156 0.625977 0.417969 0.625977 0.418945 0.626953 0.427734 0.626953 0.428711 0.627930 0.429688 0.627930 0.432617 0.625000 0.433594 0.625000 0.435547 0.623047 0.436523 0.623047 0.439453 0.620117 0.439453 0.616211 0.438477 0.615234 0.438477 0.601562 0.437500 0.600586 0.437500 0.599609 0.431641 0.599609 0.430664 0.598633 0.423828 0.598633 0.422852 0.597656
1 0.421875 0.588867 0.421875 0.596680 0.422852 0.596680 0.423828 0.597656 0.423828 0.588867
0 0.524414 0.416992 0.523438 0.417969 0.522461 0.417969 0.521484 0.418945 0.520508 0.418945 0.519531 0.419922 0.517578 0.419922 0.516602 0.420898 0.515625 0.420898 0.514648 0.421875 0.513672 0.421875 0.512695 0.422852 0.511719 0.422852 0.510742 0.423828 0.509766 0.423828 0.508789 0.422852 0.509766 0.421875 0.509766 0.420898 0.506836 0.423828 0.505859 0.423828 0.497070 0.432617 0.496094 0.432617 0.492188 0.436523 0.496094 0.440430 0.496094 0.441406 0.500000 0.445312 0.500000 0.446289 0.502930 0.449219 0.503906 0.449219 0.504883 0.448242 0.505859 0.448242 0.508789 0.451172 0.506836 0.453125 0.506836 0.454102 0.507812 0.455078 0.507812 0.456055 0.511719 0.459961 0.512695 0.459961 0.513672 0.460938 0.515625 0.460938 0.516602 0.461914 0.518555 0.461914 0.519531 0.462891 0.522461 0.462891 0.527344 0.458008 0.528320 0.458008 0.538086 0.448242 0.539062 0.448242 0.541992 0.445312 0.541016 0.445312 0.540039 0.444336 0.539062 0.444336 0.538086 0.443359 0.536133 0.443359 0.535156 0.442383 0.534180 0.442383 0.533203 0.441406 0.531250 0.441406 0.530273 0.440430 0.529297 0.440430 0.528320 0.439453 0.526367 0.439453 0.525391 0.438477 0.524414 0.438477 0.523438 0.437500 0.522461 0.437500 0.521484 0.436523 0.519531 0.436523 0.518555 0.435547 0.518555 0.434570 0.519531 0.433594 0.519531 0.432617 0.520508 0.431641 0.520508 0.430664 0.521484 0.429688 0.521484 0.428711 0.522461 0.427734 0.522461 0.426758 0.523438 0.425781 0.523438 0.424805 0.524414 0.423828 0.524414 0.422852 0.525391 0.421875 0.525391 0.420898 0.526367 0.419922 0.526367 0.417969 0.525391 0.417969
1 0.507812 0.451172 0.505859 0.449219 0.504883 0.449219 0.499023 0.455078 0.498047 0.455078 0.490234 0.462891 0.489258 0.462891 0.491211 0.464844 0.492188 0.464844 0.493164 0.463867 0.494141 0.463867 0.502930 0.455078 0.503906 0.455078
1 0.553711 0.422852 0.554688 0.422852 0.555664 0.423828 0.556641 0.422852 0.555664 0.423828 0.554688 0.422852
0 0.515625 0.461914 0.514648 0.462891 0.512695 0.462891 0.515625 0.462891
0 0.501953 0.458008 0.500977 0.458008 0.500977 0.458984
0 0.513672 0.410156 0.512695 0.411133 0.512695 0.414062 0.511719 0.415039 0.511719 0.417969 0.510742 0.418945 0.510742 0.421875 0.509766 0.422852 0.510742 0.422852 0.511719 0.421875 0.512695 0.421875 0.513672 0.420898 0.514648 0.420898 0.515625 0.419922 0.516602 0.419922 0.517578 0.418945 0.519531 0.418945 0.520508 0.417969 0.521484 0.417969 0.522461 0.416992 0.523438 0.416992 0.524414 0.416016 0.525391 0.416992 0.526367 0.416992 0.527344 0.417969 0.527344 0.419922 0.526367 0.420898 0.526367 0.421875 0.525391 0.422852 0.525391 0.423828 0.524414 0.424805 0.524414 0.425781 0.523438 0.426758 0.523438 0.427734 0.522461 0.428711 0.522461 0.429688 0.521484 0.430664 0.521484 0.431641 0.520508 0.432617 0.520508 0.433594 0.519531 0.434570 0.519531 0.435547 0.521484 0.435547 0.522461 0.436523 0.523438 0.436523 0.524414 0.437500 0.525391 0.437500 0.526367 0.438477 0.528320 0.438477 0.529297 0.439453 0.530273 0.439453 0.531250 0.440430 0.533203 0.440430 0.534180 0.441406 0.535156 0.441406 0.536133 0.442383 0.538086 0.442383 0.539062 0.443359 0.540039 0.443359 0.541016 0.444336 0.541992 0.444336 0.542969 0.445312 0.539062 0.449219 0.538086 0.449219 0.540039 0.449219 0.541016 0.448242 0.544922 0.448242 0.545898 0.447266 0.548828 0.447266 0.549805 0.446289 0.550781 0.446289 0.550781 0.445312 0.551758 0.444336 0.551758 0.440430 0.552734 0.439453 0.552734 0.436523 0.553711 0.435547 0.553711 0.431641 0.554688 0.430664 0.554688 0.427734 0.555664 0.426758 0.555664 0.424805 0.553711 0.424805 0.552734 0.425781 0.549805 0.425781 0.548828 0.426758 0.546875 0.426758 0.545898 0.427734 0.542969 0.427734 0.541016 0.425781 0.541016 0.423828 0.542969 0.421875 0.545898 0.421875 0.546875 0.420898 0.549805 0.420898 0.550781 0.419922 0.552734 0.419922 0.553711 0.418945 0.556641 0.418945 0.557617 0.417969 0.556641 0.416992 0.555664 0.416992 0.554688 0.416016 0.553711 0.416016 0.551758 0.414062 0.550781 0.414062 0.548828 0.412109 0.547852 0.412109 0.546875 0.411133 0.545898 0.411133 0.543945 0.409180 0.542969 0.409180 0.541992 0.408203 0.541016 0.408203 0.539062 0.406250 0.538086 0.406250 0.536133 0.404297 0.532227 0.404297 0.531250 0.405273 0.528320 0.405273 0.527344 0.406250 0.525391 0.406250 0.524414 0.407227 0.521484 0.407227 0.520508 0.408203 0.518555 0.408203 0.517578 0.409180 0.515625 0.409180 0.514648 0.410156
1 0.498047 0.482422 0.495117 0.485352 0.496094 0.486328 0.495117 0.485352 0.497070 0.483398 0.498047 0.483398
1 0.559570 0.420898 0.558594 0.419922 0.553711 0.419922 0.552734 0.420898 0.550781 0.420898 0.549805 0.421875 0.546875 0.421875 0.545898 0.422852 0.542969 0.422852 0.541992 0.423828 0.541992 0.425781 0.542969 0.426758 0.545898 0.426758 0.546875 0.425781 0.548828 0.425781 0.549805 0.424805 0.552734 0.424805 0.553711 0.423828 0.554688 0.423828 0.555664 0.422852 0.556641 0.423828 0.557617 0.422852 0.558594 0.422852 0.558594 0.421875
0 0.505859 0.454102 0.503906 0.456055 0.502930 0.456055 0.501953 0.457031 0.502930 0.458008 0.500977 0.459961 0.500000 0.458984 0.492188 0.466797 0.492188 0.467773 0.496094 0.471680 0.496094 0.472656 0.500000 0.476562 0.500000 0.477539 0.501953 0.479492 0.502930 0.479492 0.505859 0.482422 0.506836 0.482422 0.508789 0.484375 0.509766 0.484375 0.512695 0.487305 0.513672 0.487305 0.514648 0.488281 0.515625 0.488281 0.522461 0.481445 0.522461 0.480469 0.530273 0.472656 0.530273 0.471680 0.525391 0.466797 0.525391 0.465820 0.523438 0.463867 0.519531 0.463867 0.518555 0.462891 0.516602 0.462891 0.515625 0.463867 0.512695 0.463867 0.511719 0.462891 0.512695 0.461914 0.514648 0.461914 0.513672 0.461914 0.512695 0.460938 0.511719 0.460938 0.506836 0.456055 0.506836 0.455078
1 0.502930 0.480469 0.501953 0.480469 0.500977 0.479492 0.500000 0.479492 0.498047 0.481445 0.499023 0.482422 0.499023 0.483398 0.498047 0.484375 0.497070 0.484375 0.495117 0.486328 0.494141 0.486328 0.492188 0.488281 0.494141 0.490234 0.497070 0.487305 0.497070 0.486328
1 0.498047 0.272461 0.496094 0.272461 0.496094 0.273438 0.495117 0.274414 0.497070 0.274414 0.497070 0.273438
0 0.477539 0.253906 0.477539 0.259766 0.476562 0.260742 0.476562 0.266602 0.475586 0.267578 0.475586 0.273438 0.474609 0.274414 0.474609 0.280273 0.473633 0.281250 0.473633 0.283203 0.474609 0.283203 0.475586 0.284180 0.476562 0.284180 0.477539 0.285156 0.479492 0.285156 0.480469 0.286133 0.486328 0.286133 0.487305 0.287109 0.493164 0.287109 0.494141 0.288086 0.500000 0.288086 0.500977 0.289062 0.505859 0.289062 0.506836 0.290039 0.507812 0.289062 0.507812 0.283203 0.508789 0.282227 0.508789 0.276367 0.509766 0.275391 0.509766 0.270508 0.510742 0.269531 0.510742 0.263672 0.511719 0.262695 0.511719 0.259766 0.510742 0.259766 0.509766 0.258789 0.506836 0.258789 0.505859 0.257812 0.500000 0.257812 0.499023 0.256836 0.494141 0.256836 0.493164 0.255859 0.487305 0.255859 0.486328 0.254883 0.481445 0.254883 0.480469 0.253906
0 0.591797 0.433594 0.578125 0.447266 0.579102 0.448242 0.579102 0.450195 0.580078 0.451172 0.580078 0.453125 0.584961 0.458008 0.585938 0.458008 0.592773 0.464844 0.593750 0.464844 0.594727 0.465820 0.608398 0.452148 0.608398 0.450195 0.607422 0.449219 0.607422 0.445312 0.606445 0.445312 0.600586 0.439453 0.599609 0.439453 0.593750 0.433594
1 0.591797 0.440430 0.590820 0.441406 0.590820 0.443359 0.591797 0.444336 0.591797 0.446289 0.592773 0.447266 0.593750 0.446289 0.593750 0.444336 0.592773 0.443359 0.592773 0.441406
0 0.683594 0.534180 0.683594 0.535156 0.681641 0.537109 0.681641 0.538086 0.679688 0.540039 0.679688 0.541016 0.676758 0.543945 0.676758 0.544922 0.674805 0.546875 0.674805 0.547852 0.673828 0.548828 0.673828 0.549805 0.672852 0.550781 0.672852 0.551758 0.670898 0.553711 0.670898 0.554688 0.669922 0.555664 0.669922 0.556641 0.668945 0.557617 0.668945 0.558594 0.667969 0.559570 0.667969 0.560547 0.666016 0.562500 0.666016 0.564453 0.666992 0.565430 0.667969 0.565430 0.668945 0.566406 0.669922 0.566406 0.671875 0.568359 0.672852 0.568359 0.673828 0.569336 0.674805 0.569336 0.674805 0.568359 0.676758 0.566406 0.676758 0.565430 0.678711 0.563477 0.678711 0.562500 0.680664 0.560547 0.681641 0.561523 0.682617 0.561523 0.683594 0.562500 0.681641 0.564453 0.681641 0.565430 0.679688 0.567383 0.679688 0.568359 0.677734 0.570312 0.677734 0.571289 0.678711 0.572266 0.679688 0.572266 0.681641 0.574219 0.682617 0.574219 0.683594 0.575195 0.684570 0.575195 0.686523 0.577148 0.687500 0.577148 0.689453 0.575195 0.689453 0.574219 0.690430 0.573242 0.690430 0.572266 0.692383 0.570312 0.692383 0.569336 0.694336 0.567383 0.694336 0.566406 0.696289 0.564453 0.696289 0.563477 0.697266 0.562500 0.697266 0.561523 0.699219 0.559570 0.699219 0.558594 0.700195 0.557617 0.700195 0.556641 0.702148 0.554688 0.702148 0.553711 0.703125 0.552734 0.703125 0.551758 0.704102 0.550781 0.704102 0.549805 0.706055 0.547852 0.706055 0.546875 0.705078 0.545898 0.704102 0.545898 0.703125 0.544922 0.702148 0.544922 0.700195 0.542969 0.699219 0.542969 0.698242 0.541992 0.697266 0.541992 0.696289 0.541016 0.695312 0.541016 0.693359 0.539062 0.692383 0.539062 0.691406 0.538086 0.690430 0.538086 0.688477 0.536133 0.687500 0.536133 0.686523 0.535156 0.685547 0.535156 0.684570 0.534180
1 0.682617 0.562500 0.681641 0.562500 0.680664 0.561523 0.681641 0.562500 0.680664 0.563477 0.679688 0.563477 0.677734 0.565430 0.677734 0.566406 0.675781 0.568359 0.675781 0.569336 0.673828 0.571289 0.673828 0.572266 0.675781 0.572266 0.676758 0.571289 0.676758 0.570312 0.678711 0.568359 0.678711 0.567383 0.680664 0.565430 0.679688 0.564453 0.680664 0.563477 0.681641 0.563477
