0 0.406250 0.658203 0.406250 0.665039 0.405273 0.666016 0.405273 0.679688 0.406250 0.679688 0.407227 0.680664 0.414062 0.680664 0.415039 0.681641 0.435547 0.681641 0.436523 0.680664 0.436523 0.663086 0.437500 0.662109 0.437500 0.659180 0.433594 0.659180 0.432617 0.658203 0.426758 0.658203 0.425781 0.657227 0.410156 0.657227 0.409180 0.658203
1 0.423828 0.643555 0.421875 0.643555 0.421875 0.645508 0.420898 0.646484 0.420898 0.656250 0.422852 0.656250 0.422852 0.650391 0.423828 0.649414
0 0.314453 0.556641 0.313477 0.556641 0.310547 0.559570 0.309570 0.559570 0.307617 0.561523 0.306641 0.561523 0.303711 0.564453 0.302734 0.564453 0.301758 0.565430 0.301758 0.567383 0.300781 0.568359 0.300781 0.569336 0.299805 0.570312 0.299805 0.571289 0.298828 0.572266 0.298828 0.574219 0.297852 0.575195 0.297852 0.576172 0.296875 0.577148 0.296875 0.578125 0.295898 0.579102 0.295898 0.581055 0.294922 0.582031 0.295898 0.583008 0.296875 0.583008 0.298828 0.584961 0.299805 0.584961 0.301758 0.586914 0.302734 0.586914 0.304688 0.588867 0.305664 0.588867 0.307617 0.590820 0.308594 0.590820 0.310547 0.592773 0.311523 0.592773 0.312500 0.593750 0.313477 0.593750 0.314453 0.592773 0.315430 0.592773 0.317383 0.590820 0.318359 0.590820 0.320312 0.588867 0.321289 0.588867 0.323242 0.586914 0.324219 0.586914 0.325195 0.585938 0.325195 0.584961 0.326172 0.583984 0.326172 0.583008 0.327148 0.582031 0.327148 0.580078 0.328125 0.579102 0.328125 0.578125 0.329102 0.577148 0.329102 0.575195 0.330078 0.574219 0.330078 0.573242 0.331055 0.572266 0.331055 0.570312 0.332031 0.569336 0.332031 0.568359 0.331055 0.567383 0.330078 0.567383 0.328125 0.565430 0.327148 0.565430 0.325195 0.563477 0.324219 0.563477 0.322266 0.561523 0.321289 0.561523 0.319336 0.559570 0.318359 0.559570 0.316406 0.557617 0.315430 0.557617
1 0.321289 0.554688 0.320312 0.555664 0.320312 0.556641 0.319336 0.557617 0.319336 0.558594 0.320312 0.559570 0.321289 0.559570 0.321289 0.558594 0.322266 0.557617 0.322266 0.556641 0.323242 0.555664 0.322266 0.555664
0 0.612305 0.447266 0.611328 0.448242 0.608398 0.448242 0.607422 0.449219 0.604492 0.449219 0.603516 0.450195 0.599609 0.450195 0.598633 0.451172 0.595703 0.451172 0.594727 0.452148 0.590820 0.452148 0.589844 0.453125 0.586914 0.453125 0.585938 0.454102 0.583984 0.454102 0.583984 0.460938 0.583008 0.461914 0.583008 0.466797 0.583984 0.467773 0.583984 0.469727 0.584961 0.470703 0.584961 0.473633 0.585938 0.474609 0.585938 0.476562 0.586914 0.477539 0.586914 0.480469 0.587891 0.481445 0.587891 0.483398 0.588867 0.484375 0.588867 0.487305 0.589844 0.488281 0.589844 0.490234 0.590820 0.491211 0.594727 0.491211 0.595703 0.490234 0.598633 0.490234 0.599609 0.489258 0.603516 0.489258 0.604492 0.488281 0.608398 0.488281 0.609375 0.487305 0.612305 0.487305 0.613281 0.486328 0.617188 0.486328 0.618164 0.485352 0.619141 0.485352 0.619141 0.472656 0.618164 0.471680 0.618164 0.468750 0.617188 0.467773 0.617188 0.464844 0.616211 0.463867 0.616211 0.460938 0.615234 0.459961 0.615234 0.458008 0.614258 0.457031 0.614258 0.454102 0.613281 0.453125 0.613281 0.450195 0.612305 0.449219
1 0.584961 0.474609 0.583984 0.473633 0.583984 0.471680 0.583008 0.472656 0.579102 0.472656 0.578125 0.473633 0.575195 0.473633 0.574219 0.474609 0.570312 0.474609 0.569336 0.475586 0.567383 0.475586 0.567383 0.476562 0.568359 0.477539 0.568359 0.478516 0.570312 0.478516 0.571289 0.477539 0.574219 0.477539 0.575195 0.476562 0.579102 0.476562 0.580078 0.475586 0.583008 0.475586 0.583984 0.474609
0 0.643555 0.682617 0.642578 0.683594 0.642578 0.684570 0.638672 0.688477 0.638672 0.689453 0.635742 0.692383 0.635742 0.703125 0.634766 0.704102 0.634766 0.709961 0.636719 0.709961 0.637695 0.710938 0.639648 0.710938 0.640625 0.711914 0.642578 0.711914 0.643555 0.712891 0.644531 0.712891 0.645508 0.713867 0.647461 0.713867 0.648438 0.714844 0.650391 0.714844 0.651367 0.715820 0.654297 0.715820 0.656250 0.713867 0.656250 0.712891 0.659180 0.709961 0.659180 0.708984 0.662109 0.706055 0.662109 0.698242 0.663086 0.697266 0.663086 0.688477 0.662109 0.688477 0.661133 0.687500 0.659180 0.687500 0.658203 0.686523 0.656250 0.686523 0.655273 0.685547 0.653320 0.685547 0.652344 0.684570 0.650391 0.684570 0.649414 0.683594 0.647461 0.683594 0.646484 0.682617
1 0.625977 0.691406 0.625977 0.692383 0.626953 0.692383 0.627930 0.693359 0.629883 0.693359 0.630859 0.694336 0.632812 0.694336 0.633789 0.695312 0.634766 0.695312 0.634766 0.693359 0.633789 0.692383 0.631836 0.692383 0.630859 0.691406 0.628906 0.691406 0.627930 0.690430 0.626953 0.690430
0 0.578125 0.324219 0.573242 0.324219 0.572266 0.325195 0.567383 0.325195 0.566406 0.326172 0.562500 0.326172 0.561523 0.327148 0.556641 0.327148 0.556641 0.329102 0.557617 0.330078 0.557617 0.348633 0.558594 0.348633 0.561523 0.351562 0.562500 0.351562 0.564453 0.353516 0.569336 0.353516 0.570312 0.352539 0.575195 0.352539 0.576172 0.351562 0.581055 0.351562 0.582031 0.350586 0.584961 0.350586 0.584961 0.333008 0.583984 0.332031 0.583984 0.329102 0.583008 0.328125 0.582031 0.328125
1 0.569336 0.314453 0.569336 0.324219 0.571289 0.324219 0.571289 0.314453
0 0.447266 0.570312 0.439453 0.570312 0.438477 0.571289 0.433594 0.571289 0.432617 0.572266 0.431641 0.572266 0.430664 0.573242 0.429688 0.573242 0.428711 0.574219 0.427734 0.574219 0.426758 0.575195 0.425781 0.575195 0.424805 0.576172 0.423828 0.576172 0.422852 0.577148 0.422852 0.579102 0.423828 0.580078 0.423828 0.582031 0.424805 0.583008 0.424805 0.584961 0.425781 0.585938 0.425781 0.588867 0.426758 0.589844 0.426758 0.591797 0.427734 0.592773 0.427734 0.593750 0.432617 0.593750 0.433594 0.592773 0.440430 0.592773 0.441406 0.591797 0.442383 0.591797 0.443359 0.590820 0.444336 0.590820 0.445312 0.589844 0.446289 0.589844 0.448242 0.587891 0.449219 0.587891 0.450195 0.586914 0.451172 0.586914 0.451172 0.583984 0.450195 0.583008 0.450195 0.580078 0.449219 0.579102 0.449219 0.577148 0.448242 0.576172 0.448242 0.573242 0.447266 0.572266
1 0.441406 0.592773 0.440430 0.593750 0.439453 0.593750 0.440430 0.594727 0.440430 0.596680 0.441406 0.597656 0.441406 0.600586 0.442383 0.601562 0.443359 0.601562 0.442383 0.600586 0.443359 0.599609 0.443359 0.598633 0.442383 0.597656 0.442383 0.595703 0.441406 0.594727
0 0.504883 0.589844 0.503906 0.590820 0.502930 0.590820 0.501953 0.591797 0.500977 0.591797 0.499023 0.593750 0.498047 0.593750 0.497070 0.594727 0.496094 0.594727 0.494141 0.596680 0.493164 0.596680 0.491211 0.598633 0.490234 0.598633 0.489258 0.599609 0.488281 0.599609 0.486328 0.601562 0.488281 0.603516 0.488281 0.604492 0.489258 0.605469 0.489258 0.606445 0.490234 0.607422 0.490234 0.608398 0.492188 0.610352 0.492188 0.611328 0.493164 0.612305 0.493164 0.613281 0.495117 0.615234 0.495117 0.616211 0.496094 0.617188 0.496094 0.618164 0.498047 0.620117 0.498047 0.621094 0.500000 0.623047 0.500000 0.624023 0.501953 0.625977 0.501953 0.626953 0.503906 0.625000 0.504883 0.625000 0.506836 0.623047 0.507812 0.623047 0.508789 0.622070 0.509766 0.622070 0.509766 0.621094 0.508789 0.620117 0.508789 0.619141 0.506836 0.617188 0.507812 0.616211 0.509766 0.616211 0.511719 0.618164 0.511719 0.619141 0.512695 0.620117 0.513672 0.619141 0.514648 0.619141 0.516602 0.617188 0.517578 0.617188 0.518555 0.616211 0.519531 0.616211 0.520508 0.615234 0.519531 0.614258 0.519531 0.613281 0.518555 0.612305 0.518555 0.611328 0.517578 0.610352 0.517578 0.609375 0.515625 0.607422 0.515625 0.606445 0.514648 0.605469 0.514648 0.604492 0.512695 0.602539 0.512695 0.601562 0.511719 0.600586 0.511719 0.599609 0.509766 0.597656 0.509766 0.596680 0.507812 0.594727 0.507812 0.593750 0.506836 0.592773 0.506836 0.591797
1 0.507812 0.617188 0.509766 0.619141 0.509766 0.620117 0.510742 0.621094 0.510742 0.622070 0.512695 0.624023 0.512695 0.625000 0.513672 0.625977 0.513672 0.626953 0.515625 0.628906 0.516602 0.628906 0.516602 0.627930 0.514648 0.625977 0.514648 0.625000 0.513672 0.624023 0.513672 0.623047 0.511719 0.621094 0.511719 0.620117 0.510742 0.619141 0.510742 0.618164 0.509766 0.617188 0.508789 0.618164
