0 0.527233 0.441176 0.527233 0.443355 0.526144 0.444444 0.526144 0.445534 0.525054 0.446623 0.525054 0.447712 0.523965 0.448802 0.523965 0.450980 0.522876 0.452070 0.522876 0.453159 0.521786 0.454248 0.521786 0.456427 0.520697 0.457516 0.520697 0.458606 0.519608 0.459695 0.519608 0.460784 0.521786 0.460784 0.522876 0.461874 0.523965 0.461874 0.525054 0.462963 0.527233 0.462963 0.528322 0.464052 0.529412 0.464052 0.530501 0.465142 0.531590 0.465142 0.532680 0.466231 0.534858 0.466231 0.535948 0.467320 0.537037 0.467320 0.538126 0.468410 0.540305 0.468410 0.541394 0.469499 0.543573 0.469499 0.544662 0.468410 0.544662 0.467320 0.545752 0.466231 0.545752 0.464052 0.546841 0.462963 0.546841 0.461874 0.547930 0.460784 0.547930 0.458606 0.549020 0.457516 0.549020 0.456427 0.550109 0.455338 0.550109 0.454248 0.551198 0.453159 0.551198 0.450980 0.550109 0.449891 0.547930 0.449891 0.546841 0.448802 0.545752 0.448802 0.544662 0.447712 0.543573 0.447712 0.542484 0.446623 0.541394 0.446623 0.540305 0.445534 0.538126 0.445534 0.537037 0.444444 0.535948 0.444444 0.534858 0.443355 0.532680 0.443355 0.531590 0.442266 0.528322 0.442266
1 0.538126 0.456427 0.539216 0.457516 0.541394 0.457516 0.542484 0.458606 0.543573 0.458606 0.544662 0.457516 0.543573 0.457516 0.542484 0.456427
0 0.649237 0.381264 0.635076 0.395425 0.635076 0.397603 0.637255 0.399782 0.637255 0.400871 0.638344 0.401961 0.638344 0.403050 0.640523 0.405229 0.640523 0.406318 0.643791 0.409586 0.644880 0.409586 0.650327 0.415033 0.651416 0.415033 0.654684 0.418301 0.655773 0.418301 0.660131 0.413943 0.657952 0.411765 0.657952 0.410675 0.655773 0.408497 0.655773 0.407407 0.654684 0.406318 0.656863 0.404139 0.660131 0.407407 0.660131 0.408497 0.662309 0.410675 0.662309 0.411765 0.669935 0.404139 0.671024 0.404139 0.671024 0.403050 0.668845 0.400871 0.668845 0.399782 0.665577 0.396514 0.665577 0.395425 0.663399 0.393246 0.663399 0.392157 0.662309 0.391068 0.661220 0.391068 0.655773 0.385621 0.654684 0.385621 0.650327 0.381264
1 0.656863 0.405229 0.655773 0.406318 0.656863 0.407407 0.656863 0.408497 0.659041 0.410675 0.659041 0.411765 0.661220 0.413943 0.662309 0.413943 0.662309 0.412854 0.661220 0.411765 0.661220 0.410675 0.659041 0.408497 0.659041 0.407407
0 0.343137 0.204793 0.343137 0.206972 0.342048 0.208061 0.342048 0.210240 0.340959 0.211329 0.340959 0.214597 0.339869 0.215686 0.339869 0.217865 0.338780 0.218954 0.338780 0.221133 0.337691 0.222222 0.337691 0.227669 0.338780 0.228758 0.338780 0.232026 0.339869 0.233115 0.339869 0.236383 0.340959 0.237473 0.340959 0.240741 0.342048 0.241830 0.344227 0.241830 0.345316 0.242919 0.352941 0.242919 0.354031 0.244009 0.361656 0.244009 0.362745 0.245098 0.367102 0.245098 0.367102 0.242919 0.368192 0.241830 0.368192 0.239651 0.369281 0.238562 0.369281 0.236383 0.370370 0.235294 0.370370 0.233115 0.371460 0.232026 0.371460 0.229847 0.372549 0.228758 0.372549 0.226580 0.373638 0.225490 0.373638 0.224401 0.372549 0.223312 0.372549 0.220044 0.371460 0.218954 0.371460 0.216776 0.370370 0.215686 0.370370 0.212418 0.369281 0.211329 0.369281 0.208061 0.366013 0.208061 0.364924 0.206972 0.358388 0.206972 0.357298 0.205882 0.350763 0.205882 0.349673 0.204793
1 0.373638 0.226580 0.373638 0.228758 0.376906 0.228758 0.377996 0.229847 0.384532 0.229847 0.384532 0.227669 0.382353 0.227669 0.381264 0.226580
0 0.321351 0.562092 0.321351 0.563181 0.320261 0.564270 0.320261 0.566449 0.319172 0.567538 0.319172 0.569717 0.318083 0.570806 0.318083 0.572985 0.316993 0.574074 0.316993 0.576253 0.315904 0.577342 0.315904 0.579521 0.314815 0.580610 0.314815 0.582789 0.315904 0.583878 0.315904 0.590414 0.318083 0.590414 0.319172 0.591503 0.322440 0.591503 0.323529 0.592593 0.327887 0.592593 0.328976 0.593682 0.332244 0.593682 0.333333 0.594771 0.336601 0.594771 0.337691 0.593682 0.337691 0.591503 0.338780 0.590414 0.338780 0.588235 0.339869 0.587146 0.339869 0.583878 0.340959 0.582789 0.339869 0.582789 0.338780 0.581699 0.340959 0.579521 0.342048 0.579521 0.342048 0.577342 0.343137 0.576253 0.343137 0.571895 0.342048 0.570806 0.342048 0.566449 0.339869 0.566449 0.338780 0.565359 0.334423 0.565359 0.333333 0.564270 0.328976 0.564270 0.327887 0.563181 0.324619 0.563181 0.323529 0.562092
1 0.339869 0.581699 0.340959 0.581699 0.342048 0.582789 0.346405 0.582789 0.347495 0.583878 0.350763 0.583878 0.351852 0.584967 0.354031 0.584967 0.354031 0.582789 0.350763 0.582789 0.349673 0.581699 0.346405 0.581699 0.345316 0.580610 0.340959 0.580610
0 0.457516 0.429194 0.457516 0.430283 0.456427 0.431373 0.456427 0.437908 0.455338 0.438998 0.455338 0.445534 0.454248 0.446623 0.454248 0.453159 0.453159 0.454248 0.453159 0.460784 0.455338 0.460784 0.456427 0.461874 0.461874 0.461874 0.462963 0.462963 0.467320 0.462963 0.468410 0.464052 0.473856 0.464052 0.474946 0.465142 0.480392 0.465142 0.481481 0.466231 0.483660 0.466231 0.484749 0.465142 0.489107 0.465142 0.490196 0.464052 0.492375 0.464052 0.492375 0.459695 0.493464 0.458606 0.493464 0.452070 0.494553 0.450980 0.494553 0.443355 0.495643 0.442266 0.495643 0.435730 0.496732 0.434641 0.496732 0.432462 0.495643 0.432462 0.494553 0.431373 0.490196 0.431373 0.489107 0.430283 0.484749 0.430283 0.483660 0.429194 0.478214 0.429194 0.477124 0.428105 0.472767 0.428105 0.471678 0.427015 0.462963 0.427015 0.461874 0.428105 0.460784 0.428105 0.459695 0.429194
1 0.478214 0.446623 0.481481 0.446623 0.483660 0.444444 0.486928 0.444444 0.486928 0.442266 0.481481 0.442266 0.480392 0.443355 0.478214 0.443355
0 0.614379 0.623094 0.613290 0.624183 0.611111 0.624183 0.610022 0.625272 0.608932 0.625272 0.607843 0.626362 0.605664 0.626362 0.604575 0.627451 0.603486 0.627451 0.602397 0.628540 0.602397 0.631808 0.601307 0.632898 0.601307 0.638344 0.600218 0.639434 0.600218 0.644880 0.599129 0.645969 0.599129 0.649237 0.600218 0.649237 0.601307 0.650327 0.602397 0.650327 0.603486 0.651416 0.605664 0.651416 0.606754 0.652505 0.608932 0.652505 0.610022 0.653595 0.611111 0.653595 0.612200 0.654684 0.614379 0.654684 0.615468 0.655773 0.619826 0.655773 0.620915 0.654684 0.623094 0.654684 0.624183 0.653595 0.626362 0.653595 0.627451 0.652505 0.628540 0.652505 0.629630 0.651416 0.629630 0.650327 0.630719 0.649237 0.630719 0.642702 0.631808 0.641612 0.631808 0.635076 0.632898 0.633987 0.632898 0.630719 0.631808 0.629630 0.629630 0.629630 0.628540 0.628540 0.626362 0.628540 0.625272 0.627451 0.624183 0.627451 0.623094 0.626362 0.620915 0.626362 0.619826 0.625272 0.618736 0.625272 0.617647 0.624183 0.615468 0.624183
0 0.458606 0.464052 0.458606 0.472767 0.459695 0.472767 0.460784 0.473856 0.462963 0.473856 0.464052 0.474946 0.465142 0.474946 0.466231 0.476035 0.468410 0.476035 0.469499 0.477124 0.471678 0.477124 0.472767 0.478214 0.478214 0.478214 0.479303 0.477124 0.481481 0.477124 0.482571 0.476035 0.485839 0.476035 0.486928 0.474946 0.489107 0.474946 0.490196 0.473856 0.490196 0.465142 0.489107 0.466231 0.484749 0.466231 0.483660 0.467320 0.481481 0.467320 0.480392 0.466231 0.474946 0.466231 0.473856 0.465142 0.468410 0.465142 0.467320 0.464052 0.462963 0.464052 0.461874 0.462963 0.459695 0.462963
