0 0.474542 0.334012 0.472505 0.334012 0.470468 0.336049 0.469450 0.336049 0.467413 0.338086 0.466395 0.338086 0.464358 0.340122 0.463340 0.340122 0.461303 0.342159 0.460285 0.342159 0.458248 0.344196 0.457230 0.344196 0.455193 0.346232 0.454175 0.346232 0.454175 0.347251 0.455193 0.348269 0.455193 0.349287 0.456212 0.350305 0.456212 0.351324 0.457230 0.352342 0.457230 0.353360 0.459267 0.355397 0.459267 0.356415 0.460285 0.357434 0.460285 0.358452 0.463340 0.361507 0.463340 0.362525 0.465377 0.364562 0.465377 0.365580 0.467413 0.367617 0.467413 0.368635 0.469450 0.370672 0.469450 0.371690 0.471487 0.373727 0.471487 0.374745 0.472505 0.374745 0.473523 0.373727 0.474542 0.373727 0.476578 0.371690 0.477597 0.371690 0.479633 0.369654 0.480652 0.369654 0.482688 0.367617 0.483707 0.367617 0.485743 0.365580 0.486762 0.365580 0.488798 0.363544 0.489817 0.363544 0.491853 0.361507 0.492872 0.361507 0.490835 0.359470 0.490835 0.358452 0.488798 0.356415 0.488798 0.355397 0.487780 0.354379 0.487780 0.353360 0.485743 0.351324 0.485743 0.350305 0.483707 0.348269 0.483707 0.347251 0.481670 0.345214 0.481670 0.344196 0.479633 0.342159 0.479633 0.341141 0.477597 0.339104 0.477597 0.338086 0.475560 0.336049 0.475560 0.335031
1 0.462322 0.361507 0.461303 0.360489 0.460285 0.361507 0.459267 0.361507 0.457230 0.363544 0.456212 0.363544 0.454175 0.365580 0.453157 0.365580 0.451120 0.367617 0.450102 0.367617 0.449084 0.368635 0.449084 0.370672 0.451120 0.370672 0.453157 0.368635 0.454175 0.368635 0.456212 0.366599 0.457230 0.366599 0.459267 0.364562 0.460285 0.364562 0.462322 0.362525
0 0.454175 0.579430 0.453157 0.580448 0.452138 0.580448 0.451120 0.581466 0.450102 0.581466 0.449084 0.582485 0.448065 0.582485 0.447047 0.583503 0.446029 0.583503 0.445010 0.584521 0.441955 0.584521 0.440937 0.585540 0.439919 0.585540 0.438900 0.586558 0.437882 0.586558 0.438900 0.586558 0.439919 0.587576 0.440937 0.587576 0.441955 0.586558 0.448065 0.586558 0.449084 0.585540 0.451120 0.585540 0.452138 0.584521 0.452138 0.583503 0.453157 0.582485 0.453157 0.581466 0.454175 0.580448
0 0.419552 0.572301 0.419552 0.573320 0.418534 0.574338 0.419552 0.575356 0.420570 0.575356 0.419552 0.574338
0 0.460285 0.561100 0.459267 0.562118 0.458248 0.562118 0.459267 0.563136 0.459267 0.565173 0.460285 0.566191 0.460285 0.567210 0.460285 0.566191 0.461303 0.565173 0.461303 0.564155 0.462322 0.563136 0.462322 0.562118 0.461303 0.562118
0 0.443992 0.551935 0.442974 0.550916 0.441955 0.550916 0.440937 0.549898 0.439919 0.550916 0.429735 0.550916 0.428717 0.551935 0.428717 0.552953 0.427699 0.553971 0.427699 0.554990 0.426680 0.556008 0.426680 0.557026 0.425662 0.558045 0.425662 0.559063 0.426680 0.559063 0.428717 0.557026 0.429735 0.557026 0.430754 0.556008 0.431772 0.556008 0.432790 0.554990 0.433809 0.554990 0.434827 0.553971 0.436864 0.553971 0.437882 0.552953 0.439919 0.552953 0.440937 0.551935
1 0.432790 0.588595 0.431772 0.588595 0.430754 0.589613 0.429735 0.589613 0.428717 0.590631 0.428717 0.591650 0.427699 0.592668 0.427699 0.593686 0.426680 0.594705 0.426680 0.595723 0.427699 0.595723 0.428717 0.596741 0.429735 0.595723 0.429735 0.594705 0.430754 0.593686 0.430754 0.592668 0.431772 0.591650 0.431772 0.589613
0 0.447047 0.334012 0.445010 0.334012 0.443992 0.335031 0.441955 0.335031 0.440937 0.336049 0.438900 0.336049 0.437882 0.337067 0.435845 0.337067 0.434827 0.338086 0.431772 0.338086 0.430754 0.339104 0.429735 0.339104 0.422607 0.346232 0.422607 0.347251 0.421589 0.348269 0.422607 0.349287 0.422607 0.350305 0.423625 0.351324 0.423625 0.352342 0.424644 0.353360 0.424644 0.355397 0.425662 0.356415 0.425662 0.357434 0.426680 0.358452 0.426680 0.359470 0.427699 0.360489 0.427699 0.361507 0.428717 0.362525 0.428717 0.363544 0.429735 0.364562 0.429735 0.365580 0.430754 0.366599 0.431772 0.366599 0.432790 0.365580 0.434827 0.365580 0.435845 0.364562 0.437882 0.364562 0.438900 0.363544 0.440937 0.363544 0.441955 0.362525 0.443992 0.362525 0.445010 0.361507 0.447047 0.361507 0.456212 0.352342 0.455193 0.351324 0.455193 0.350305 0.454175 0.349287 0.454175 0.348269 0.453157 0.347251 0.453157 0.345214 0.452138 0.344196 0.452138 0.343177 0.451120 0.342159 0.451120 0.341141 0.450102 0.340122 0.450102 0.339104 0.449084 0.338086 0.449084 0.337067 0.448065 0.336049 0.448065 0.335031
1 0.427699 0.327902 0.426680 0.328921 0.427699 0.329939 0.427699 0.330957 0.428717 0.331976 0.428717 0.332994 0.429735 0.334012 0.429735 0.335031 0.430754 0.336049 0.430754 0.337067 0.433809 0.337067 0.432790 0.336049 0.432790 0.335031 0.431772 0.334012 0.431772 0.332994 0.430754 0.331976 0.430754 0.330957 0.429735 0.329939 0.429735 0.328921 0.428717 0.327902
0 0.461303 0.569246 0.462322 0.570265 0.462322 0.572301 0.463340 0.573320 0.463340 0.574338 0.461303 0.576375 0.460285 0.576375 0.459267 0.577393 0.458248 0.577393 0.457230 0.578411 0.456212 0.578411 0.455193 0.579430 0.455193 0.580448 0.454175 0.581466 0.455193 0.582485 0.458248 0.582485 0.460285 0.584521 0.458248 0.586558 0.454175 0.586558 0.453157 0.585540 0.452138 0.585540 0.452138 0.588595 0.453157 0.589613 0.453157 0.591650 0.454175 0.592668 0.454175 0.594705 0.455193 0.595723 0.455193 0.597760 0.456212 0.598778 0.456212 0.599796 0.457230 0.600815 0.462322 0.600815 0.463340 0.601833 0.469450 0.601833 0.470468 0.602851 0.474542 0.602851 0.477597 0.599796 0.477597 0.598778 0.481670 0.594705 0.481670 0.593686 0.485743 0.589613 0.484725 0.588595 0.484725 0.586558 0.483707 0.585540 0.483707 0.583503 0.482688 0.582485 0.482688 0.580448 0.481670 0.579430 0.481670 0.577393 0.480652 0.576375 0.480652 0.575356 0.479633 0.574338 0.479633 0.572301 0.474542 0.572301 0.473523 0.571283 0.469450 0.571283 0.468432 0.570265 0.463340 0.570265 0.462322 0.569246
1 0.453157 0.583503 0.453157 0.584521 0.454175 0.585540 0.458248 0.585540 0.459267 0.584521 0.458248 0.583503 0.455193 0.583503 0.454175 0.582485
1 0.358452 0.451120 0.355397 0.454175 0.357434 0.456212 0.357434 0.457230 0.356415 0.458248 0.357434 0.457230 0.357434 0.456212 0.358452 0.455193 0.358452 0.454175 0.360489 0.452138 0.359470 0.453157 0.358452 0.452138
0 0.363544 0.413442 0.361507 0.415479 0.361507 0.416497 0.359470 0.418534 0.359470 0.419552 0.357434 0.421589 0.357434 0.422607 0.355397 0.424644 0.355397 0.425662 0.353360 0.427699 0.353360 0.428717 0.352342 0.429735 0.352342 0.430754 0.350305 0.432790 0.350305 0.434827 0.359470 0.443992 0.361507 0.443992 0.362525 0.442974 0.363544 0.442974 0.365580 0.445010 0.365580 0.447047 0.366599 0.447047 0.367617 0.448065 0.368635 0.448065 0.369654 0.449084 0.370672 0.449084 0.371690 0.450102 0.372709 0.450102 0.374745 0.452138 0.375764 0.452138 0.376782 0.453157 0.377800 0.453157 0.379837 0.451120 0.379837 0.450102 0.380855 0.449084 0.380855 0.448065 0.382892 0.446029 0.382892 0.445010 0.384929 0.442974 0.384929 0.441955 0.385947 0.440937 0.385947 0.439919 0.387984 0.437882 0.387984 0.436864 0.390020 0.434827 0.390020 0.433809 0.391039 0.432790 0.386965 0.428717 0.386965 0.427699 0.381874 0.422607 0.380855 0.422607 0.379837 0.421589 0.378819 0.421589 0.377800 0.420570 0.376782 0.420570 0.375764 0.419552 0.374745 0.419552 0.373727 0.418534 0.372709 0.418534 0.371690 0.417515 0.370672 0.417515 0.369654 0.416497 0.368635 0.416497 0.367617 0.415479 0.366599 0.415479 0.365580 0.414460 0.364562 0.414460
1 0.461303 0.558045 0.459267 0.558045 0.458248 0.559063 0.457230 0.559063 0.457230 0.560081 0.458248 0.561100 0.459267 0.561100 0.460285 0.560081 0.461303 0.560081
1 0.357434 0.455193 0.356415 0.456212 0.355397 0.455193 0.354379 0.456212 0.354379 0.457230 0.355397 0.458248 0.356415 0.457230 0.356415 0.456212
1 0.364562 0.445010 0.363544 0.443992 0.362525 0.443992 0.360489 0.446029 0.360489 0.447047 0.359470 0.448065 0.359470 0.449084 0.357434 0.451120 0.358452 0.450102 0.359470 0.451120 0.359470 0.452138 0.362525 0.449084 0.362525 0.448065 0.364562 0.446029
0 0.452138 0.549898 0.451120 0.549898 0.450102 0.550916 0.448065 0.550916 0.447047 0.551935 0.445010 0.551935 0.443992 0.552953 0.440937 0.552953 0.439919 0.553971 0.437882 0.553971 0.436864 0.554990 0.434827 0.554990 0.433809 0.556008 0.432790 0.556008 0.431772 0.557026 0.430754 0.557026 0.429735 0.558045 0.428717 0.558045 0.426680 0.560081 0.425662 0.560081 0.424644 0.561100 0.423625 0.561100 0.422607 0.562118 0.421589 0.562118 0.420570 0.563136 0.419552 0.563136 0.418534 0.564155 0.417515 0.564155 0.417515 0.567210 0.418534 0.568228 0.418534 0.569246 0.419552 0.570265 0.419552 0.571283 0.420570 0.572301 0.420570 0.574338 0.421589 0.575356 0.421589 0.576375 0.422607 0.577393 0.422607 0.578411 0.423625 0.579430 0.423625 0.581466 0.424644 0.582485 0.424644 0.583503 0.425662 0.584521 0.425662 0.586558 0.426680 0.587576 0.426680 0.588595 0.427699 0.589613 0.428717 0.588595 0.430754 0.588595 0.431772 0.587576 0.433809 0.587576 0.434827 0.586558 0.436864 0.586558 0.437882 0.585540 0.438900 0.585540 0.439919 0.584521 0.440937 0.584521 0.441955 0.583503 0.445010 0.583503 0.446029 0.582485 0.447047 0.582485 0.448065 0.581466 0.449084 0.581466 0.450102 0.580448 0.451120 0.580448 0.452138 0.579430 0.453157 0.579430 0.454175 0.578411 0.455193 0.578411 0.456212 0.577393 0.457230 0.577393 0.458248 0.576375 0.459267 0.576375 0.460285 0.575356 0.461303 0.575356 0.462322 0.574338 0.462322 0.573320 0.461303 0.572301 0.461303 0.570265 0.460285 0.569246 0.460285 0.568228 0.459267 0.567210 0.459267 0.566191 0.458248 0.565173 0.458248 0.563136 0.456212 0.563136 0.455193 0.564155 0.454175 0.564155 0.453157 0.565173 0.452138 0.565173 0.451120 0.566191 0.450102 0.566191 0.449084 0.567210 0.448065 0.566191 0.448065 0.564155 0.450102 0.562118 0.451120 0.562118 0.452138 0.561100 0.453157 0.561100 0.455193 0.559063 0.456212 0.559063 0.455193 0.558045 0.455193 0.556008 0.454175 0.554990 0.454175 0.553971 0.453157 0.552953 0.453157 0.551935 0.452138 0.550916
1 0.457230 0.561100 0.456212 0.560081 0.455193 0.560081 0.453157 0.562118 0.452138 0.562118 0.451120 0.563136 0.450102 0.563136 0.449084 0.564155 0.449084 0.566191 0.450102 0.565173 0.451120 0.565173 0.452138 0.564155 0.453157 0.564155 0.454175 0.563136 0.455193 0.563136 0.456212 0.562118 0.457230 0.562118
1 0.461303 0.557026 0.462322 0.558045 0.462322 0.559063 0.463340 0.559063 0.463340 0.558045 0.462322 0.557026
0 0.534623 0.609980 0.533605 0.609980 0.532587 0.610998 0.530550 0.610998 0.529532 0.612016 0.527495 0.612016 0.526477 0.613035 0.524440 0.613035 0.523422 0.614053 0.521385 0.614053 0.520367 0.615071 0.518330 0.615071 0.517312 0.616090 0.515275 0.616090 0.515275 0.622200 0.516293 0.623218 0.516293 0.630346 0.517312 0.631365 0.517312 0.634420 0.519348 0.636456 0.519348 0.637475 0.522403 0.640530 0.522403 0.641548 0.525458 0.644603 0.526477 0.644603 0.527495 0.643585 0.529532 0.643585 0.530550 0.642566 0.533605 0.642566 0.534623 0.641548 0.536660 0.641548 0.537678 0.640530 0.539715 0.640530 0.540733 0.639511 0.542770 0.639511 0.543788 0.638493 0.544807 0.638493 0.544807 0.634420 0.543788 0.633401 0.543788 0.628310 0.542770 0.627291 0.542770 0.625255 0.541752 0.626273 0.540733 0.626273 0.539715 0.625255 0.539715 0.623218 0.541752 0.621181 0.542770 0.621181 0.540733 0.619145 0.540733 0.618126 0.538697 0.616090 0.538697 0.615071 0.536660 0.613035 0.536660 0.612016
1 0.553971 0.620163 0.552953 0.619145 0.550916 0.619145 0.549898 0.620163 0.547862 0.620163 0.546843 0.621181 0.544807 0.621181 0.543788 0.622200 0.541752 0.622200 0.540733 0.623218 0.540733 0.625255 0.541752 0.625255 0.542770 0.624236 0.544807 0.624236 0.545825 0.623218 0.547862 0.623218 0.548880 0.622200 0.550916 0.622200 0.551935 0.621181 0.553971 0.621181
0 0.632383 0.653768 0.631365 0.654786 0.630346 0.654786 0.629328 0.655804 0.628310 0.655804 0.627291 0.656823 0.625255 0.656823 0.624236 0.657841 0.623218 0.657841 0.622200 0.658859 0.621181 0.658859 0.620163 0.659878 0.618126 0.659878 0.617108 0.660896 0.616090 0.660896 0.615071 0.661914 0.614053 0.661914 0.613035 0.662933 0.610998 0.662933 0.609980 0.663951 0.608961 0.663951 0.608961 0.667006 0.607943 0.668024 0.607943 0.670061 0.606925 0.671079 0.606925 0.673116 0.605906 0.674134 0.606925 0.675153 0.606925 0.676171 0.608961 0.678208 0.608961 0.679226 0.609980 0.680244 0.609980 0.681263 0.610998 0.682281 0.610998 0.683299 0.612016 0.684318 0.612016 0.685336 0.614053 0.687373 0.614053 0.688391 0.615071 0.689409 0.615071 0.690428 0.616090 0.691446 0.616090 0.692464 0.617108 0.693483 0.617108 0.694501 0.618126 0.695519 0.618126 0.696538 0.620163 0.696538 0.621181 0.695519 0.622200 0.695519 0.623218 0.694501 0.624236 0.694501 0.625255 0.693483 0.627291 0.693483 0.628310 0.692464 0.629328 0.692464 0.630346 0.691446 0.632383 0.691446 0.633401 0.690428 0.634420 0.690428 0.635438 0.689409 0.636456 0.689409 0.637475 0.688391 0.639511 0.688391 0.640530 0.687373 0.641548 0.687373 0.642566 0.686354 0.642566 0.682281 0.643585 0.681263 0.643585 0.678208 0.644603 0.677189 0.644603 0.676171 0.642566 0.674134 0.642566 0.673116 0.641548 0.672098 0.641548 0.671079 0.640530 0.671079 0.639511 0.672098 0.637475 0.672098 0.636456 0.671079 0.636456 0.669043 0.638493 0.667006 0.639511 0.667006 0.638493 0.665988 0.638493 0.664969 0.636456 0.662933 0.636456 0.661914 0.635438 0.660896 0.635438 0.659878 0.634420 0.658859 0.634420 0.657841 0.633401 0.656823 0.633401 0.655804 0.632383 0.654786
1 0.652749 0.661914 0.651731 0.662933 0.650713 0.662933 0.649695 0.663951 0.648676 0.663951 0.647658 0.664969 0.645621 0.664969 0.642566 0.668024 0.641548 0.667006 0.640530 0.668024 0.638493 0.668024 0.637475 0.669043 0.637475 0.671079 0.639511 0.671079 0.640530 0.670061 0.641548 0.670061 0.642566 0.669043 0.644603 0.669043 0.645621 0.668024 0.646640 0.668024 0.647658 0.667006 0.648676 0.667006 0.649695 0.665988 0.651731 0.665988 0.652749 0.664969 0.653768 0.664969 0.653768 0.663951 0.652749 0.662933
0 0.440937 0.519348 0.440937 0.526477 0.439919 0.527495 0.439919 0.534623 0.438900 0.535642 0.438900 0.536660 0.441955 0.536660 0.442974 0.537678 0.446029 0.537678 0.447047 0.538697 0.450102 0.538697 0.451120 0.539715 0.459267 0.539715 0.460285 0.538697 0.463340 0.538697 0.464358 0.537678 0.465377 0.537678 0.465377 0.529532 0.466395 0.528513 0.466395 0.521385 0.467413 0.520367 0.466395 0.520367 0.465377 0.519348 0.463340 0.519348 0.462322 0.518330 0.459267 0.518330 0.458248 0.517312 0.455193 0.517312 0.454175 0.516293 0.448065 0.516293 0.447047 0.517312 0.445010 0.517312 0.443992 0.518330 0.441955 0.518330
0 0.432790 0.266802 0.433809 0.267821 0.432790 0.268839 0.433809 0.267821
0 0.428717 0.266802 0.428717 0.267821 0.429735 0.267821
1 0.456212 0.507128 0.455193 0.507128 0.455193 0.508147 0.454175 0.509165 0.454175 0.515275 0.455193 0.516293 0.455193 0.514257 0.456212 0.513238
1 0.434827 0.285132 0.433809 0.286151 0.434827 0.286151
0 0.413442 0.247454 0.397149 0.263747 0.398167 0.264766 0.398167 0.265784 0.412424 0.280041 0.412424 0.281059 0.413442 0.281059 0.415479 0.283096 0.416497 0.283096 0.417515 0.284114 0.418534 0.284114 0.424644 0.278004 0.422607 0.275967 0.422607 0.274949 0.424644 0.272912 0.426680 0.274949 0.427699 0.274949 0.433809 0.268839 0.432790 0.267821 0.433809 0.266802 0.419552 0.252546 0.419552 0.251527 0.418534 0.250509 0.417515 0.250509 0.414460 0.247454
1 0.424644 0.273931 0.423625 0.274949 0.423625 0.275967 0.432790 0.285132 0.433809 0.285132 0.433809 0.284114 0.430754 0.281059 0.430754 0.280041
