0 0.571289 0.462891 0.570312 0.463867 0.569336 0.463867 0.560547 0.472656 0.559570 0.472656 0.554688 0.477539 0.554688 0.484375 0.553711 0.485352 0.553711 0.492188 0.555664 0.494141 0.556641 0.494141 0.558594 0.496094 0.559570 0.496094 0.562500 0.499023 0.563477 0.499023 0.566406 0.501953 0.567383 0.501953 0.569336 0.503906 0.570312 0.503906 0.572266 0.505859 0.578125 0.500000 0.579102 0.500000 0.584961 0.494141 0.585938 0.494141 0.588867 0.491211 0.588867 0.482422 0.589844 0.481445 0.589844 0.476562 0.587891 0.474609 0.586914 0.474609 0.583984 0.471680 0.583008 0.471680 0.580078 0.468750 0.579102 0.468750 0.576172 0.465820 0.575195 0.465820 0.572266 0.462891
0 0.433594 0.367188 0.432617 0.367188 0.430664 0.365234 0.430664 0.366211 0.427734 0.369141 0.426758 0.369141 0.426758 0.374023 0.427734 0.375000 0.426758 0.375977 0.407227 0.375977 0.407227 0.379883 0.408203 0.380859 0.408203 0.386719 0.414062 0.392578 0.416992 0.392578 0.417969 0.391602 0.426758 0.391602 0.427734 0.390625 0.435547 0.390625 0.435547 0.376953 0.434570 0.375977 0.434570 0.368164
0 0.630859 0.549805 0.630859 0.572266 0.633789 0.575195 0.656250 0.575195 0.656250 0.564453 0.655273 0.564453 0.654297 0.563477 0.654297 0.562500 0.655273 0.561523 0.656250 0.561523 0.656250 0.552734 0.653320 0.549805
1 0.655273 0.562500 0.655273 0.563477 0.670898 0.563477 0.670898 0.562500
0 0.433594 0.480469 0.433594 0.481445 0.431641 0.483398 0.431641 0.484375 0.430664 0.485352 0.430664 0.486328 0.429688 0.487305 0.429688 0.488281 0.428711 0.489258 0.428711 0.490234 0.427734 0.491211 0.427734 0.492188 0.425781 0.494141 0.425781 0.495117 0.424805 0.496094 0.424805 0.498047 0.423828 0.499023 0.424805 0.500000 0.425781 0.500000 0.427734 0.501953 0.428711 0.501953 0.429688 0.502930 0.430664 0.502930 0.431641 0.503906 0.432617 0.503906 0.433594 0.504883 0.434570 0.504883 0.435547 0.505859 0.436523 0.505859 0.437500 0.506836 0.438477 0.506836 0.440430 0.508789 0.441406 0.508789 0.442383 0.507812 0.442383 0.506836 0.443359 0.505859 0.443359 0.504883 0.444336 0.503906 0.444336 0.502930 0.446289 0.500977 0.446289 0.500000 0.447266 0.499023 0.447266 0.498047 0.448242 0.497070 0.448242 0.496094 0.449219 0.495117 0.449219 0.494141 0.451172 0.492188 0.451172 0.489258 0.450195 0.489258 0.449219 0.488281 0.448242 0.488281 0.447266 0.487305 0.446289 0.487305 0.445312 0.486328 0.442383 0.486328 0.441406 0.485352 0.441406 0.484375 0.440430 0.483398 0.439453 0.483398 0.438477 0.482422 0.437500 0.482422 0.436523 0.481445 0.435547 0.481445 0.434570 0.480469
1 0.448242 0.473633 0.448242 0.474609 0.446289 0.476562 0.446289 0.477539 0.445312 0.478516 0.445312 0.479492 0.444336 0.480469 0.444336 0.481445 0.443359 0.482422 0.443359 0.483398 0.442383 0.484375 0.442383 0.485352 0.443359 0.485352 0.444336 0.484375 0.444336 0.483398 0.445312 0.482422 0.445312 0.481445 0.446289 0.480469 0.446289 0.479492 0.447266 0.478516 0.447266 0.477539 0.449219 0.475586 0.449219 0.474609
0 0.572266 0.387695 0.567383 0.387695 0.566406 0.388672 0.560547 0.388672 0.559570 0.389648 0.553711 0.389648 0.551758 0.391602 0.551758 0.395508 0.550781 0.396484 0.550781 0.399414 0.549805 0.400391 0.549805 0.404297 0.548828 0.405273 0.548828 0.408203 0.549805 0.409180 0.549805 0.410156 0.551758 0.412109 0.551758 0.413086 0.553711 0.415039 0.553711 0.416016 0.555664 0.417969 0.555664 0.418945 0.557617 0.420898 0.557617 0.421875 0.558594 0.420898 0.563477 0.420898 0.564453 0.419922 0.570312 0.419922 0.571289 0.418945 0.576172 0.418945 0.577148 0.417969 0.578125 0.417969 0.578125 0.415039 0.579102 0.414062 0.579102 0.411133 0.580078 0.410156 0.580078 0.407227 0.581055 0.406250 0.581055 0.402344 0.582031 0.401367 0.582031 0.400391 0.580078 0.398438 0.580078 0.397461 0.577148 0.394531 0.577148 0.393555 0.575195 0.391602 0.575195 0.390625
1 0.553711 0.387695 0.554688 0.388672 0.555664 0.388672 0.554688 0.387695
1 0.406250 0.364258 0.411133 0.364258 0.411133 0.363281 0.409180 0.363281 0.408203 0.364258 0.407227 0.363281
0 0.400391 0.352539 0.400391 0.375000 0.426758 0.375000 0.425781 0.374023 0.425781 0.369141 0.426758 0.368164 0.427734 0.368164 0.429688 0.366211 0.429688 0.352539
0 0.380859 0.515625 0.371094 0.525391 0.371094 0.526367 0.369141 0.528320 0.369141 0.529297 0.367188 0.531250 0.367188 0.532227 0.364258 0.535156 0.364258 0.536133 0.363281 0.537109 0.365234 0.539062 0.366211 0.539062 0.369141 0.541992 0.371094 0.540039 0.371094 0.539062 0.374023 0.536133 0.375000 0.536133 0.375977 0.537109 0.375977 0.539062 0.372070 0.542969 0.372070 0.543945 0.375000 0.546875 0.375977 0.546875 0.377930 0.548828 0.378906 0.548828 0.382812 0.544922 0.382812 0.543945 0.388672 0.538086 0.388672 0.537109 0.391602 0.534180 0.391602 0.533203 0.393555 0.531250 0.393555 0.530273 0.395508 0.528320 0.395508 0.527344 0.392578 0.524414 0.391602 0.524414 0.387695 0.520508 0.386719 0.520508 0.382812 0.516602 0.381836 0.516602
1 0.375000 0.538086 0.374023 0.537109 0.372070 0.539062 0.372070 0.540039 0.367188 0.544922 0.369141 0.544922 0.371094 0.542969 0.371094 0.541992 0.372070 0.541016 0.373047 0.541016 0.375000 0.539062
0 0.267578 0.446289 0.266602 0.446289 0.265625 0.447266 0.261719 0.447266 0.260742 0.448242 0.256836 0.448242 0.255859 0.449219 0.251953 0.449219 0.250977 0.450195 0.249023 0.450195 0.247070 0.452148 0.246094 0.452148 0.243164 0.455078 0.242188 0.455078 0.240234 0.457031 0.239258 0.457031 0.238281 0.458008 0.238281 0.459961 0.239258 0.460938 0.239258 0.462891 0.240234 0.463867 0.240234 0.464844 0.241211 0.465820 0.241211 0.466797 0.242188 0.467773 0.242188 0.469727 0.243164 0.470703 0.244141 0.469727 0.245117 0.469727 0.248047 0.466797 0.249023 0.466797 0.250000 0.465820 0.251953 0.465820 0.252930 0.466797 0.252930 0.467773 0.249023 0.471680 0.248047 0.471680 0.245117 0.474609 0.245117 0.476562 0.246094 0.477539 0.246094 0.478516 0.250000 0.478516 0.250977 0.477539 0.255859 0.477539 0.256836 0.476562 0.260742 0.476562 0.261719 0.475586 0.264648 0.475586 0.265625 0.474609 0.266602 0.474609 0.270508 0.470703 0.271484 0.470703 0.275391 0.466797 0.276367 0.466797 0.276367 0.465820 0.275391 0.464844 0.275391 0.463867 0.274414 0.462891 0.274414 0.460938 0.273438 0.459961 0.273438 0.458984 0.272461 0.458008 0.272461 0.456055 0.271484 0.455078 0.271484 0.454102 0.270508 0.453125 0.270508 0.452148 0.269531 0.451172 0.269531 0.449219 0.268555 0.448242 0.268555 0.447266
1 0.251953 0.466797 0.250000 0.466797 0.249023 0.467773 0.248047 0.467773 0.245117 0.470703 0.244141 0.470703 0.242188 0.472656 0.243164 0.473633 0.245117 0.473633 0.248047 0.470703 0.249023 0.470703 0.251953 0.467773
0 0.515625 0.574219 0.513672 0.576172 0.513672 0.577148 0.512695 0.578125 0.512695 0.579102 0.510742 0.581055 0.510742 0.582031 0.509766 0.583008 0.509766 0.583984 0.507812 0.585938 0.507812 0.586914 0.505859 0.588867 0.506836 0.589844 0.507812 0.589844 0.510742 0.592773 0.511719 0.592773 0.514648 0.595703 0.515625 0.595703 0.518555 0.598633 0.519531 0.598633 0.520508 0.599609 0.526367 0.599609 0.527344 0.600586 0.528320 0.599609 0.528320 0.598633 0.530273 0.596680 0.530273 0.595703 0.527344 0.592773 0.529297 0.590820 0.531250 0.592773 0.532227 0.592773 0.533203 0.591797 0.533203 0.590820 0.534180 0.589844 0.534180 0.588867 0.536133 0.586914 0.536133 0.585938 0.537109 0.584961 0.536133 0.584961 0.533203 0.582031 0.532227 0.582031 0.529297 0.579102 0.528320 0.579102 0.525391 0.576172 0.524414 0.576172 0.523438 0.575195 0.521484 0.575195 0.520508 0.574219
0 0.684570 0.504883 0.683594 0.504883 0.683594 0.506836 0.683594 0.505859
1 0.528320 0.592773 0.530273 0.594727 0.531250 0.594727 0.533203 0.596680 0.534180 0.596680 0.536133 0.598633 0.537109 0.598633 0.538086 0.599609 0.538086 0.598633 0.537109 0.598633 0.536133 0.597656 0.536133 0.596680 0.534180 0.596680 0.533203 0.595703 0.533203 0.594727 0.532227 0.593750 0.531250 0.593750 0.530273 0.592773
1 0.677734 0.504883 0.676758 0.503906 0.675781 0.504883 0.674805 0.503906 0.671875 0.506836 0.673828 0.506836 0.674805 0.505859 0.676758 0.505859
0 0.704102 0.480469 0.701172 0.480469 0.700195 0.481445 0.697266 0.481445 0.696289 0.482422 0.693359 0.482422 0.692383 0.483398 0.689453 0.483398 0.688477 0.484375 0.684570 0.484375 0.683594 0.485352 0.680664 0.485352 0.679688 0.486328 0.679688 0.489258 0.680664 0.490234 0.680664 0.494141 0.681641 0.495117 0.681641 0.500000 0.684570 0.502930 0.684570 0.503906 0.685547 0.504883 0.684570 0.505859 0.684570 0.506836 0.683594 0.507812 0.684570 0.508789 0.684570 0.510742 0.685547 0.511719 0.685547 0.512695 0.686523 0.513672 0.686523 0.515625 0.687500 0.516602 0.687500 0.517578 0.688477 0.518555 0.688477 0.519531 0.689453 0.519531 0.690430 0.518555 0.694336 0.518555 0.695312 0.517578 0.698242 0.517578 0.699219 0.516602 0.702148 0.516602 0.703125 0.515625 0.706055 0.515625 0.707031 0.514648 0.709961 0.514648 0.710938 0.513672 0.712891 0.513672 0.712891 0.509766 0.711914 0.508789 0.711914 0.503906 0.710938 0.502930 0.710938 0.498047 0.709961 0.497070 0.709961 0.493164 0.708984 0.492188 0.708984 0.490234 0.708008 0.489258 0.708008 0.488281 0.707031 0.487305 0.707031 0.486328 0.706055 0.485352 0.706055 0.484375 0.705078 0.483398 0.705078 0.482422 0.704102 0.481445
1 0.673828 0.503906 0.671875 0.503906 0.671875 0.504883 0.670898 0.505859 0.669922 0.504883 0.667969 0.504883 0.666992 0.505859 0.666992 0.507812 0.669922 0.507812
1 0.683594 0.502930 0.682617 0.501953 0.679688 0.501953 0.678711 0.502930 0.675781 0.502930 0.675781 0.503906 0.676758 0.502930 0.678711 0.504883 0.677734 0.505859 0.678711 0.504883 0.681641 0.504883 0.682617 0.503906 0.683594 0.503906
