0 0.770627 0.635314 0.770627 0.638614 0.768977 0.640264 0.768977 0.645215 0.767327 0.646865 0.767327 0.653465 0.765677 0.655116 0.765677 0.660066 0.764026 0.661716 0.764026 0.666667 0.762376 0.668317 0.762376 0.674917 0.760726 0.676568 0.760726 0.684818 0.765677 0.684818 0.767327 0.686469 0.772277 0.686469 0.773927 0.688119 0.777228 0.688119 0.777228 0.684818 0.778878 0.683168 0.782178 0.683168 0.783828 0.684818 0.783828 0.688119 0.782178 0.689769 0.788779 0.689769 0.790429 0.691419 0.795380 0.691419 0.797030 0.693069 0.800330 0.693069 0.800330 0.689769 0.801980 0.688119 0.801980 0.681518 0.803630 0.679868 0.803630 0.674917 0.805281 0.673267 0.805281 0.666667 0.806931 0.665017 0.806931 0.660066 0.808581 0.658416 0.808581 0.651815 0.810231 0.650165 0.810231 0.643564 0.803630 0.643564 0.801980 0.641914 0.797030 0.641914 0.795380 0.640264 0.788779 0.640264 0.787129 0.638614 0.780528 0.638614 0.778878 0.636964 0.772277 0.636964
1 0.782178 0.684818 0.778878 0.684818 0.778878 0.691419 0.777228 0.693069 0.777228 0.698020 0.775578 0.699670 0.775578 0.704620 0.773927 0.706271 0.773927 0.711221 0.777228 0.711221 0.777228 0.704620 0.778878 0.702970 0.778878 0.698020 0.780528 0.696370 0.780528 0.689769 0.782178 0.688119
0 0.724422 0.613861 0.704620 0.633663 0.704620 0.636964 0.706271 0.638614 0.706271 0.640264 0.726073 0.660066 0.727723 0.660066 0.747525 0.640264 0.747525 0.636964 0.745875 0.635314 0.745875 0.633663 0.739274 0.627063 0.737624 0.627063 0.735974 0.625413 0.735974 0.623762 0.726073 0.613861
1 0.752475 0.612211 0.750825 0.610561 0.737624 0.623762 0.737624 0.625413 0.739274 0.625413
0 0.777228 0.937294 0.772277 0.942244 0.770627 0.942244 0.762376 0.950495 0.760726 0.950495 0.752475 0.958746 0.750825 0.958746 0.747525 0.962046 0.750825 0.965347 0.750825 0.966997 0.757426 0.973597 0.757426 0.975248 0.762376 0.980198 0.762376 0.981848 0.770627 0.990099 0.770627 0.991749 0.777228 0.998350 0.793729 0.998350 0.797030 0.995050 0.798680 0.995050 0.806931 0.986799 0.808581 0.986799 0.813531 0.981848 0.813531 0.978548 0.808581 0.973597 0.808581 0.971947 0.803630 0.966997 0.803630 0.965347 0.798680 0.960396 0.798680 0.958746 0.783828 0.943894 0.783828 0.942244 0.778878 0.937294
1 0.818482 0.942244 0.816832 0.940594 0.815182 0.940594 0.813531 0.942244 0.811881 0.942244 0.803630 0.950495 0.801980 0.950495 0.797030 0.955446 0.800330 0.958746 0.805281 0.953795 0.806931 0.953795 0.815182 0.945545 0.816832 0.945545 0.818482 0.943894
0 0.838284 0.653465 0.836634 0.651815 0.834983 0.653465 0.836634 0.651815
0 0.811881 0.640264 0.815182 0.643564 0.813531 0.645215 0.815182 0.646865 0.815182 0.648515 0.816832 0.648515 0.818482 0.650165 0.820132 0.650165 0.820132 0.648515 0.821782 0.646865 0.821782 0.643564 0.820132 0.643564 0.818482 0.641914 0.816832 0.641914 0.815182 0.640264 0.813531 0.641914
0 0.803630 0.623762 0.803630 0.625413 0.805281 0.627063 0.805281 0.628713 0.806931 0.627063 0.808581 0.627063 0.808581 0.625413 0.805281 0.625413
0 0.433993 0.240924 0.433993 0.242574 0.432343 0.244224 0.432343 0.247525 0.430693 0.249175 0.430693 0.252475 0.429043 0.254125 0.429043 0.257426 0.427393 0.259076 0.427393 0.262376 0.425743 0.264026 0.425743 0.265677 0.427393 0.265677 0.430693 0.268977 0.430693 0.272277 0.429043 0.273927 0.425743 0.273927 0.425743 0.283828 0.427393 0.285479 0.427393 0.300330 0.438944 0.300330 0.440594 0.301980 0.452145 0.301980 0.453795 0.303630 0.465347 0.303630 0.466997 0.301980 0.466997 0.300330 0.468647 0.298680 0.468647 0.295380 0.470297 0.293729 0.470297 0.290429 0.471947 0.288779 0.471947 0.287129 0.473597 0.285479 0.473597 0.282178 0.475248 0.280528 0.475248 0.272277 0.473597 0.270627 0.473597 0.250825 0.471947 0.249175 0.471947 0.247525 0.470297 0.247525 0.468647 0.245875 0.460396 0.245875 0.458746 0.244224 0.448845 0.244224 0.447195 0.242574 0.437294 0.242574 0.435644 0.240924
1 0.404290 0.265677 0.404290 0.268977 0.405941 0.268977 0.407591 0.270627 0.419142 0.270627 0.420792 0.272277 0.429043 0.272277 0.427393 0.270627 0.429043 0.268977 0.427393 0.267327 0.415842 0.267327 0.414191 0.265677
0 0.823432 0.602310 0.803630 0.622112 0.805281 0.623762 0.808581 0.623762 0.810231 0.625413 0.810231 0.627063 0.808581 0.628713 0.806931 0.628713 0.806931 0.632013 0.808581 0.633663 0.808581 0.635314 0.810231 0.636964 0.810231 0.638614 0.811881 0.638614 0.813531 0.640264 0.811881 0.641914 0.813531 0.643564 0.811881 0.641914 0.815182 0.638614 0.816832 0.640264 0.818482 0.640264 0.820132 0.641914 0.821782 0.641914 0.823432 0.643564 0.823432 0.646865 0.821782 0.648515 0.821782 0.650165 0.823432 0.650165 0.825083 0.651815 0.831683 0.651815 0.833333 0.653465 0.834983 0.651815 0.836634 0.653465 0.838284 0.651815 0.839934 0.653465 0.859736 0.633663 0.859736 0.630363 0.858086 0.628713 0.858086 0.627063 0.856436 0.625413 0.856436 0.623762 0.854785 0.622112 0.854785 0.620462 0.853135 0.618812 0.853135 0.617162 0.851485 0.615512 0.851485 0.612211 0.849835 0.610561 0.849835 0.608911 0.848185 0.607261 0.846535 0.607261 0.844884 0.605611 0.838284 0.605611 0.836634 0.603960 0.828383 0.603960 0.826733 0.602310
1 0.858086 0.603960 0.856436 0.603960 0.854785 0.602310 0.854785 0.603960 0.851485 0.607261 0.851485 0.610561
