0 0.582031 0.499023 0.581055 0.499023 0.580078 0.500000 0.579102 0.500000 0.577148 0.501953 0.576172 0.501953 0.575195 0.502930 0.574219 0.502930 0.572266 0.504883 0.571289 0.504883 0.569336 0.506836 0.568359 0.506836 0.564453 0.510742 0.564453 0.511719 0.560547 0.515625 0.560547 0.516602 0.556641 0.520508 0.556641 0.521484 0.555664 0.522461 0.565430 0.532227 0.565430 0.533203 0.572266 0.540039 0.573242 0.539062 0.574219 0.539062 0.576172 0.537109 0.577148 0.537109 0.579102 0.535156 0.580078 0.535156 0.582031 0.533203 0.583008 0.533203 0.584961 0.531250 0.585938 0.531250 0.587891 0.529297 0.587891 0.528320 0.592773 0.523438 0.592773 0.522461 0.597656 0.517578 0.597656 0.515625 0.586914 0.504883 0.586914 0.503906
0 0.527344 0.499023 0.525391 0.500977 0.524414 0.500977 0.520508 0.504883 0.519531 0.504883 0.515625 0.508789 0.515625 0.510742 0.516602 0.511719 0.516602 0.516602 0.517578 0.517578 0.517578 0.523438 0.519531 0.523438 0.520508 0.524414 0.521484 0.524414 0.522461 0.525391 0.523438 0.525391 0.524414 0.526367 0.526367 0.526367 0.527344 0.527344 0.528320 0.527344 0.529297 0.528320 0.531250 0.528320 0.532227 0.529297 0.536133 0.525391 0.537109 0.525391 0.541016 0.521484 0.541992 0.521484 0.543945 0.519531 0.543945 0.516602 0.542969 0.515625 0.542969 0.511719 0.541992 0.510742 0.541992 0.505859 0.540039 0.503906 0.539062 0.503906 0.538086 0.502930 0.536133 0.502930 0.535156 0.501953 0.534180 0.501953 0.533203 0.500977 0.532227 0.500977 0.531250 0.500000 0.530273 0.500000 0.529297 0.499023
1 0.545898 0.519531 0.544922 0.519531 0.543945 0.520508 0.543945 0.521484 0.545898 0.521484
0 0.660156 0.587891 0.659180 0.587891 0.657227 0.589844 0.656250 0.589844 0.655273 0.590820 0.654297 0.590820 0.651367 0.593750 0.650391 0.593750 0.644531 0.599609 0.643555 0.599609 0.639648 0.603516 0.639648 0.604492 0.644531 0.609375 0.644531 0.610352 0.648438 0.614258 0.648438 0.615234 0.652344 0.619141 0.653320 0.618164 0.654297 0.618164 0.656250 0.616211 0.657227 0.616211 0.659180 0.614258 0.660156 0.614258 0.664062 0.610352 0.665039 0.610352 0.669922 0.605469 0.670898 0.605469 0.672852 0.603516 0.672852 0.602539 0.669922 0.599609 0.669922 0.598633 0.667969 0.596680 0.666016 0.596680 0.664062 0.598633 0.662109 0.596680 0.665039 0.593750 0.665039 0.592773
1 0.673828 0.589844 0.672852 0.588867 0.671875 0.588867 0.666992 0.593750 0.666016 0.593750 0.663086 0.596680 0.664062 0.597656 0.666016 0.595703 0.666992 0.595703 0.671875 0.590820 0.672852 0.590820
0 0.535156 0.689453 0.534180 0.689453 0.533203 0.690430 0.532227 0.690430 0.531250 0.691406 0.530273 0.691406 0.529297 0.692383 0.528320 0.692383 0.527344 0.693359 0.526367 0.693359 0.525391 0.694336 0.524414 0.694336 0.523438 0.695312 0.522461 0.695312 0.521484 0.696289 0.520508 0.696289 0.519531 0.697266 0.518555 0.697266 0.517578 0.698242 0.516602 0.698242 0.515625 0.699219 0.515625 0.702148 0.516602 0.703125 0.516602 0.705078 0.517578 0.706055 0.517578 0.707031 0.518555 0.708008 0.518555 0.708984 0.519531 0.709961 0.519531 0.710938 0.520508 0.711914 0.520508 0.712891 0.521484 0.713867 0.521484 0.714844 0.522461 0.715820 0.522461 0.716797 0.523438 0.717773 0.523438 0.718750 0.524414 0.719727 0.524414 0.720703 0.525391 0.721680 0.525391 0.722656 0.526367 0.723633 0.527344 0.722656 0.528320 0.722656 0.529297 0.721680 0.530273 0.721680 0.531250 0.720703 0.532227 0.720703 0.533203 0.719727 0.534180 0.719727 0.535156 0.718750 0.536133 0.718750 0.537109 0.717773 0.538086 0.717773 0.539062 0.716797 0.540039 0.716797 0.541016 0.715820 0.541992 0.715820 0.542969 0.714844 0.543945 0.714844 0.544922 0.713867 0.545898 0.713867 0.545898 0.709961 0.544922 0.708984 0.544922 0.708008 0.543945 0.707031 0.543945 0.706055 0.542969 0.705078 0.542969 0.704102 0.541992 0.703125 0.541992 0.702148 0.541016 0.701172 0.541016 0.700195 0.540039 0.699219 0.540039 0.698242 0.539062 0.697266 0.539062 0.696289 0.538086 0.695312 0.538086 0.694336 0.537109 0.693359 0.537109 0.692383 0.536133 0.691406 0.536133 0.690430
0 0.681641 0.522461 0.679688 0.522461 0.678711 0.523438 0.675781 0.523438 0.675781 0.524414 0.676758 0.525391 0.676758 0.527344 0.674805 0.529297 0.668945 0.529297 0.668945 0.531250 0.669922 0.532227 0.669922 0.535156 0.670898 0.536133 0.670898 0.538086 0.671875 0.539062 0.671875 0.541992 0.672852 0.542969 0.673828 0.542969 0.674805 0.541992 0.680664 0.541992 0.681641 0.541016 0.686523 0.541016 0.686523 0.539062 0.685547 0.538086 0.685547 0.536133 0.684570 0.535156 0.684570 0.532227 0.683594 0.531250 0.683594 0.529297 0.682617 0.528320 0.682617 0.525391 0.681641 0.524414
0 0.502930 0.375000 0.497070 0.380859 0.496094 0.380859 0.492188 0.384766 0.493164 0.385742 0.493164 0.387695 0.494141 0.388672 0.494141 0.390625 0.495117 0.391602 0.495117 0.393555 0.496094 0.394531 0.496094 0.395508 0.497070 0.396484 0.497070 0.398438 0.498047 0.399414 0.498047 0.400391 0.503906 0.400391 0.504883 0.401367 0.511719 0.401367 0.514648 0.398438 0.515625 0.398438 0.521484 0.392578 0.522461 0.392578 0.522461 0.391602 0.521484 0.390625 0.521484 0.388672 0.520508 0.387695 0.520508 0.385742 0.519531 0.384766 0.519531 0.383789 0.518555 0.382812 0.518555 0.380859 0.517578 0.379883 0.517578 0.377930 0.516602 0.376953 0.515625 0.376953 0.514648 0.375977 0.508789 0.375977 0.507812 0.375000
1 0.666016 0.532227 0.666016 0.533203 0.668945 0.533203 0.668945 0.532227
1 0.500000 0.370117 0.500000 0.372070 0.500977 0.373047 0.500977 0.374023 0.501953 0.375000 0.502930 0.374023 0.502930 0.373047 0.501953 0.372070 0.501953 0.370117
0 0.699219 0.536133 0.699219 0.535156 0.698242 0.534180 0.698242 0.531250 0.697266 0.530273 0.697266 0.527344 0.696289 0.526367 0.696289 0.524414 0.695312 0.523438 0.695312 0.520508 0.694336 0.519531 0.694336 0.517578 0.693359 0.517578 0.692383 0.518555 0.691406 0.517578 0.690430 0.518555 0.684570 0.518555 0.683594 0.519531 0.679688 0.519531 0.678711 0.520508 0.676758 0.520508 0.675781 0.521484 0.674805 0.521484 0.673828 0.522461 0.671875 0.522461 0.670898 0.523438 0.669922 0.523438 0.668945 0.524414 0.666992 0.524414 0.667969 0.525391 0.667969 0.528320 0.674805 0.528320 0.675781 0.527344 0.675781 0.525391 0.674805 0.524414 0.674805 0.523438 0.675781 0.522461 0.678711 0.522461 0.679688 0.521484 0.681641 0.521484 0.682617 0.522461 0.682617 0.524414 0.683594 0.525391 0.683594 0.528320 0.684570 0.529297 0.684570 0.531250 0.685547 0.532227 0.685547 0.535156 0.686523 0.536133 0.686523 0.538086 0.687500 0.539062 0.687500 0.541016 0.688477 0.540039 0.689453 0.540039 0.690430 0.539062 0.692383 0.539062 0.693359 0.538086 0.694336 0.538086 0.695312 0.537109 0.696289 0.537109 0.697266 0.536133
0 0.563477 0.481445 0.561523 0.481445 0.557617 0.485352 0.556641 0.485352 0.552734 0.489258 0.551758 0.489258 0.550781 0.490234 0.550781 0.492188 0.549805 0.493164 0.549805 0.496094 0.548828 0.497070 0.548828 0.500977 0.547852 0.501953 0.547852 0.504883 0.549805 0.506836 0.550781 0.506836 0.552734 0.508789 0.553711 0.508789 0.555664 0.510742 0.556641 0.510742 0.558594 0.512695 0.559570 0.512695 0.560547 0.513672 0.561523 0.513672 0.563477 0.511719 0.563477 0.510742 0.568359 0.505859 0.569336 0.505859 0.570312 0.504883 0.570312 0.502930 0.571289 0.501953 0.575195 0.501953 0.576172 0.500977 0.576172 0.499023 0.577148 0.498047 0.577148 0.495117 0.578125 0.494141 0.578125 0.490234 0.577148 0.490234 0.576172 0.489258 0.575195 0.489258 0.573242 0.487305 0.572266 0.487305 0.571289 0.486328 0.570312 0.486328 0.568359 0.484375 0.567383 0.484375 0.565430 0.482422 0.564453 0.482422
0 0.612305 0.407227 0.611328 0.408203 0.608398 0.408203 0.607422 0.409180 0.603516 0.409180 0.602539 0.410156 0.599609 0.410156 0.598633 0.411133 0.595703 0.411133 0.594727 0.412109 0.594727 0.428711 0.595703 0.429688 0.595703 0.430664 0.598633 0.433594 0.598633 0.434570 0.600586 0.436523 0.600586 0.437500 0.601562 0.438477 0.602539 0.438477 0.603516 0.437500 0.607422 0.437500 0.608398 0.436523 0.611328 0.436523 0.612305 0.435547 0.615234 0.435547 0.616211 0.434570 0.619141 0.434570 0.620117 0.433594 0.620117 0.416992 0.617188 0.414062 0.617188 0.413086 0.614258 0.410156 0.614258 0.409180
1 0.628906 0.416992 0.625977 0.416992 0.625000 0.417969 0.623047 0.417969 0.622070 0.418945 0.621094 0.418945 0.621094 0.420898 0.622070 0.419922 0.625000 0.419922 0.625977 0.418945 0.628906 0.418945
0 0.453125 0.553711 0.449219 0.553711 0.448242 0.554688 0.444336 0.554688 0.443359 0.555664 0.439453 0.555664 0.438477 0.556641 0.435547 0.556641 0.433594 0.558594 0.433594 0.570312 0.432617 0.571289 0.432617 0.576172 0.442383 0.585938 0.445312 0.585938 0.446289 0.584961 0.449219 0.584961 0.450195 0.583984 0.454102 0.583984 0.455078 0.583008 0.458008 0.583008 0.458984 0.582031 0.461914 0.582031 0.461914 0.576172 0.462891 0.575195 0.462891 0.566406 0.463867 0.565430 0.463867 0.563477 0.456055 0.555664 0.455078 0.555664
1 0.469727 0.563477 0.467773 0.563477 0.466797 0.564453 0.464844 0.564453 0.464844 0.565430 0.463867 0.566406 0.463867 0.567383 0.464844 0.566406 0.467773 0.566406 0.468750 0.565430 0.469727 0.565430
0 0.681641 0.541992 0.680664 0.542969 0.677734 0.542969 0.676758 0.543945 0.673828 0.543945 0.672852 0.544922 0.669922 0.544922 0.668945 0.545898 0.666016 0.545898 0.665039 0.546875 0.662109 0.546875 0.662109 0.552734 0.663086 0.553711 0.663086 0.558594 0.664062 0.559570 0.664062 0.564453 0.665039 0.565430 0.665039 0.567383 0.668945 0.571289 0.669922 0.571289 0.671875 0.573242 0.674805 0.573242 0.675781 0.572266 0.678711 0.572266 0.679688 0.571289 0.682617 0.571289 0.683594 0.570312 0.686523 0.570312 0.687500 0.569336 0.690430 0.569336 0.691406 0.568359 0.692383 0.568359 0.692383 0.563477 0.691406 0.562500 0.691406 0.556641 0.690430 0.555664 0.690430 0.550781 0.689453 0.549805 0.689453 0.547852 0.688477 0.546875 0.687500 0.546875 0.684570 0.543945 0.683594 0.543945
1 0.701172 0.550781 0.699219 0.550781 0.698242 0.551758 0.695312 0.551758 0.693359 0.553711 0.691406 0.553711 0.691406 0.554688 0.694336 0.554688 0.694336 0.553711 0.695312 0.552734 0.696289 0.553711 0.698242 0.553711 0.699219 0.552734 0.701172 0.552734
