0 0.490234 0.403320 0.489258 0.403320 0.488281 0.404297 0.486328 0.404297 0.485352 0.405273 0.484375 0.405273 0.483398 0.406250 0.482422 0.406250 0.481445 0.407227 0.480469 0.407227 0.479492 0.408203 0.478516 0.408203 0.477539 0.409180 0.476562 0.409180 0.475586 0.410156 0.474609 0.410156 0.473633 0.411133 0.472656 0.411133 0.471680 0.412109 0.470703 0.412109 0.469727 0.413086 0.468750 0.413086 0.467773 0.414062 0.466797 0.414062 0.465820 0.415039 0.464844 0.415039 0.463867 0.416016 0.464844 0.416992 0.464844 0.417969 0.465820 0.418945 0.465820 0.419922 0.466797 0.420898 0.466797 0.421875 0.467773 0.422852 0.467773 0.423828 0.468750 0.424805 0.468750 0.425781 0.469727 0.426758 0.469727 0.427734 0.470703 0.428711 0.470703 0.429688 0.471680 0.430664 0.471680 0.431641 0.472656 0.432617 0.472656 0.433594 0.474609 0.433594 0.475586 0.432617 0.476562 0.432617 0.477539 0.431641 0.478516 0.431641 0.479492 0.430664 0.480469 0.430664 0.481445 0.429688 0.483398 0.429688 0.484375 0.428711 0.485352 0.428711 0.486328 0.427734 0.487305 0.427734 0.488281 0.426758 0.489258 0.426758 0.490234 0.425781 0.491211 0.425781 0.492188 0.424805 0.493164 0.424805 0.494141 0.423828 0.495117 0.423828 0.497070 0.421875 0.498047 0.421875 0.499023 0.420898 0.499023 0.419922 0.498047 0.418945 0.498047 0.417969 0.497070 0.416992 0.497070 0.416016 0.496094 0.415039 0.496094 0.414062 0.495117 0.413086 0.495117 0.412109 0.494141 0.411133 0.494141 0.410156 0.493164 0.409180 0.493164 0.408203 0.492188 0.407227 0.492188 0.406250 0.491211 0.405273 0.491211 0.404297
1 0.486328 0.428711 0.486328 0.430664 0.487305 0.431641 0.487305 0.432617 0.488281 0.433594 0.488281 0.434570 0.489258 0.435547 0.489258 0.436523 0.490234 0.437500 0.490234 0.438477 0.491211 0.439453 0.491211 0.440430 0.493164 0.440430 0.493164 0.439453 0.492188 0.438477 0.492188 0.437500 0.491211 0.436523 0.491211 0.435547 0.490234 0.434570 0.490234 0.432617 0.489258 0.431641 0.489258 0.430664 0.488281 0.429688 0.488281 0.428711
0 0.535156 0.605469 0.519531 0.621094 0.519531 0.622070 0.522461 0.625000 0.522461 0.625977 0.540039 0.643555 0.541016 0.643555 0.557617 0.626953 0.554688 0.624023 0.554688 0.623047 0.537109 0.605469
1 0.529297 0.633789 0.528320 0.632812 0.527344 0.632812 0.516602 0.643555 0.517578 0.644531 0.518555 0.644531 0.523438 0.639648 0.524414 0.639648 0.529297 0.634766
0 0.398438 0.600586 0.394531 0.600586 0.393555 0.601562 0.391602 0.601562 0.390625 0.602539 0.388672 0.602539 0.387695 0.603516 0.385742 0.603516 0.384766 0.604492 0.384766 0.605469 0.387695 0.608398 0.384766 0.611328 0.382812 0.609375 0.381836 0.609375 0.380859 0.610352 0.380859 0.611328 0.377930 0.614258 0.377930 0.615234 0.375977 0.617188 0.375977 0.618164 0.375000 0.619141 0.388672 0.632812 0.392578 0.632812 0.393555 0.631836 0.396484 0.631836 0.397461 0.630859 0.400391 0.630859 0.402344 0.628906 0.402344 0.627930 0.404297 0.625977 0.404297 0.625000 0.406250 0.623047 0.406250 0.622070 0.408203 0.620117 0.408203 0.619141 0.410156 0.617188 0.410156 0.616211 0.412109 0.614258
1 0.375977 0.599609 0.375000 0.600586 0.384766 0.610352 0.386719 0.608398 0.377930 0.599609
0 0.504883 0.556641 0.504883 0.571289 0.525391 0.571289 0.526367 0.570312 0.529297 0.570312 0.529297 0.551758 0.516602 0.551758 0.515625 0.550781 0.513672 0.550781 0.511719 0.552734 0.510742 0.552734 0.508789 0.554688 0.507812 0.554688 0.506836 0.555664 0.505859 0.555664
1 0.515625 0.540039 0.515625 0.549805 0.516602 0.550781 0.517578 0.550781 0.517578 0.540039
0 0.594727 0.532227 0.593750 0.532227 0.592773 0.533203 0.591797 0.533203 0.590820 0.534180 0.589844 0.534180 0.588867 0.535156 0.586914 0.535156 0.585938 0.536133 0.584961 0.536133 0.583984 0.537109 0.583008 0.537109 0.582031 0.538086 0.581055 0.538086 0.562500 0.556641 0.568359 0.562500 0.568359 0.563477 0.574219 0.569336 0.574219 0.570312 0.580078 0.576172 0.580078 0.577148 0.581055 0.578125 0.583008 0.578125 0.583984 0.577148 0.584961 0.577148 0.585938 0.576172 0.587891 0.576172 0.588867 0.575195 0.590820 0.575195 0.591797 0.574219 0.593750 0.574219 0.613281 0.554688 0.612305 0.553711 0.612305 0.552734 0.606445 0.546875 0.606445 0.545898 0.600586 0.540039 0.600586 0.539062 0.594727 0.533203
1 0.361328 0.626953 0.361328 0.627930 0.360352 0.628906 0.361328 0.629883 0.362305 0.629883 0.363281 0.630859 0.363281 0.631836 0.364258 0.632812 0.365234 0.631836 0.365234 0.629883 0.364258 0.629883 0.363281 0.628906 0.363281 0.627930 0.362305 0.627930
1 0.356445 0.621094 0.357422 0.622070 0.357422 0.623047 0.358398 0.624023 0.358398 0.625000 0.358398 0.622070 0.357422 0.622070
1 0.605469 0.548828 0.603516 0.546875 0.602539 0.547852 0.601562 0.547852 0.600586 0.548828 0.598633 0.548828 0.595703 0.551758 0.594727 0.550781 0.593750 0.551758 0.593750 0.552734 0.594727 0.553711 0.596680 0.553711 0.597656 0.552734 0.598633 0.552734 0.599609 0.551758 0.601562 0.551758 0.603516 0.549805 0.604492 0.549805
0 0.352539 0.590820 0.350586 0.592773 0.349609 0.592773 0.348633 0.593750 0.347656 0.593750 0.345703 0.595703 0.344727 0.595703 0.343750 0.596680 0.342773 0.596680 0.341797 0.597656 0.340820 0.597656 0.338867 0.599609 0.337891 0.599609 0.336914 0.600586 0.335938 0.600586 0.333984 0.602539 0.333008 0.602539 0.333008 0.604492 0.332031 0.605469 0.332031 0.608398 0.331055 0.609375 0.331055 0.611328 0.330078 0.612305 0.330078 0.614258 0.332031 0.616211 0.332031 0.617188 0.334961 0.620117 0.334961 0.621094 0.338867 0.625000 0.338867 0.625977 0.342773 0.629883 0.342773 0.630859 0.343750 0.631836 0.344727 0.630859 0.345703 0.630859 0.347656 0.628906 0.348633 0.628906 0.350586 0.626953 0.351562 0.626953 0.352539 0.625977 0.353516 0.625977 0.355469 0.624023 0.355469 0.623047 0.353516 0.621094 0.355469 0.619141 0.356445 0.619141 0.359375 0.622070 0.360352 0.621094 0.361328 0.621094 0.363281 0.619141 0.363281 0.617188 0.364258 0.616211 0.364258 0.614258 0.365234 0.613281 0.365234 0.612305 0.366211 0.611328 0.366211 0.607422 0.361328 0.602539 0.361328 0.601562 0.357422 0.597656 0.357422 0.596680 0.352539 0.591797
1 0.355469 0.620117 0.354492 0.621094 0.356445 0.623047 0.356445 0.624023 0.361328 0.628906 0.362305 0.628906 0.361328 0.628906 0.360352 0.627930 0.360352 0.626953 0.361328 0.625977 0.362305 0.626953 0.361328 0.625977 0.361328 0.625000 0.359375 0.623047 0.359375 0.625000 0.358398 0.625977 0.357422 0.625000 0.357422 0.624023 0.356445 0.623047 0.356445 0.622070 0.357422 0.621094 0.356445 0.620117
1 0.472656 0.541992 0.472656 0.543945 0.476562 0.543945 0.476562 0.541992
0 0.476562 0.535156 0.477539 0.536133 0.477539 0.541016 0.478516 0.541992 0.478516 0.546875 0.479492 0.547852 0.479492 0.552734 0.480469 0.553711 0.480469 0.557617 0.493164 0.557617 0.494141 0.558594 0.500000 0.558594 0.500977 0.557617 0.501953 0.557617 0.503906 0.555664 0.504883 0.555664 0.505859 0.554688 0.506836 0.554688 0.507812 0.553711 0.508789 0.553711 0.510742 0.551758 0.511719 0.551758 0.512695 0.550781 0.512695 0.547852 0.511719 0.546875 0.511719 0.541992 0.510742 0.541016 0.510742 0.535156 0.509766 0.534180 0.509766 0.529297 0.508789 0.528320 0.490234 0.528320 0.489258 0.529297 0.488281 0.529297 0.487305 0.530273 0.486328 0.530273 0.485352 0.531250 0.484375 0.531250 0.483398 0.532227 0.482422 0.532227 0.481445 0.533203 0.480469 0.533203 0.479492 0.534180 0.478516 0.534180 0.477539 0.535156
0 0.593750 0.531250 0.592773 0.532227 0.591797 0.532227 0.590820 0.533203 0.591797 0.532227 0.592773 0.532227
0 0.600586 0.530273 0.600586 0.531250 0.601562 0.532227 0.601562 0.533203 0.600586 0.534180 0.600586 0.536133 0.599609 0.537109 0.602539 0.540039 0.603516 0.540039 0.603516 0.535156 0.602539 0.534180 0.602539 0.530273 0.601562 0.531250
0 0.588867 0.528320 0.588867 0.529297 0.589844 0.529297
0 0.601562 0.522461 0.600586 0.523438 0.599609 0.522461 0.597656 0.524414 0.598633 0.524414 0.599609 0.525391 0.599609 0.524414 0.600586 0.523438 0.601562 0.524414
0 0.591797 0.517578 0.590820 0.518555 0.590820 0.520508 0.591797 0.520508 0.592773 0.521484 0.594727 0.519531 0.593750 0.518555 0.592773 0.518555
0 0.447266 0.500977 0.443359 0.500977 0.442383 0.501953 0.430664 0.501953 0.429688 0.502930 0.421875 0.502930 0.421875 0.517578 0.422852 0.517578 0.423828 0.516602 0.424805 0.516602 0.426758 0.518555 0.426758 0.520508 0.425781 0.521484 0.421875 0.521484 0.421875 0.528320 0.422852 0.529297 0.423828 0.529297 0.429688 0.535156 0.436523 0.535156 0.437500 0.534180 0.447266 0.534180 0.448242 0.533203 0.455078 0.533203 0.455078 0.511719 0.456055 0.510742 0.456055 0.507812 0.454102 0.505859 0.453125 0.505859 0.450195 0.502930 0.449219 0.502930
1 0.595703 0.528320 0.594727 0.529297 0.593750 0.529297 0.592773 0.530273 0.591797 0.530273 0.589844 0.532227 0.588867 0.532227 0.587891 0.531250 0.586914 0.532227 0.585938 0.532227 0.584961 0.533203 0.584961 0.534180 0.585938 0.535156 0.586914 0.534180 0.587891 0.534180 0.588867 0.533203 0.589844 0.533203 0.591797 0.531250 0.592773 0.531250 0.593750 0.530273 0.594727 0.530273 0.595703 0.529297
1 0.424805 0.517578 0.423828 0.517578 0.422852 0.518555 0.412109 0.518555 0.411133 0.519531 0.408203 0.519531 0.408203 0.521484 0.416992 0.521484 0.417969 0.520508 0.422852 0.520508 0.423828 0.519531 0.423828 0.518555
0 0.392578 0.529297 0.391602 0.530273 0.392578 0.531250 0.393555 0.530273
0 0.603516 0.506836 0.602539 0.507812 0.601562 0.507812 0.600586 0.508789 0.599609 0.508789 0.597656 0.510742 0.596680 0.510742 0.595703 0.511719 0.594727 0.511719 0.593750 0.512695 0.592773 0.512695 0.591797 0.513672 0.590820 0.513672 0.589844 0.514648 0.588867 0.514648 0.587891 0.515625 0.587891 0.516602 0.588867 0.517578 0.588867 0.527344 0.589844 0.528320 0.591797 0.528320 0.592773 0.527344 0.593750 0.527344 0.594727 0.526367 0.595703 0.526367 0.596680 0.527344 0.596680 0.529297 0.594727 0.531250 0.595703 0.532227 0.595703 0.533203 0.598633 0.536133 0.599609 0.536133 0.599609 0.534180 0.600586 0.533203 0.600586 0.532227 0.599609 0.531250 0.599609 0.530273 0.600586 0.529297 0.601562 0.530273 0.602539 0.529297 0.603516 0.530273 0.603516 0.534180 0.604492 0.535156 0.604492 0.540039 0.605469 0.540039 0.606445 0.539062 0.607422 0.539062 0.609375 0.537109 0.610352 0.537109 0.611328 0.536133 0.612305 0.536133 0.614258 0.534180 0.615234 0.534180 0.616211 0.533203 0.617188 0.533203 0.618164 0.532227 0.619141 0.532227 0.619141 0.529297 0.618164 0.528320 0.618164 0.514648 0.617188 0.513672 0.616211 0.513672 0.615234 0.512695 0.614258 0.512695 0.613281 0.511719 0.612305 0.511719 0.611328 0.510742 0.610352 0.510742 0.609375 0.509766 0.608398 0.509766 0.607422 0.508789 0.606445 0.508789 0.605469 0.507812 0.604492 0.507812
1 0.357422 0.532227 0.356445 0.531250 0.355469 0.532227 0.356445 0.531250
1 0.369141 0.529297 0.368164 0.530273 0.366211 0.530273 0.365234 0.531250 0.359375 0.531250 0.369141 0.531250 0.368164 0.530273
1 0.595703 0.527344 0.594727 0.527344 0.593750 0.528320 0.592773 0.528320 0.591797 0.529297 0.590820 0.529297 0.587891 0.532227 0.588867 0.531250 0.589844 0.531250 0.591797 0.529297 0.592773 0.529297 0.593750 0.528320 0.594727 0.528320
0 0.369141 0.515625 0.369141 0.519531 0.368164 0.520508 0.368164 0.527344 0.367188 0.528320 0.369141 0.528320 0.370117 0.529297 0.370117 0.531250 0.369141 0.532227 0.367188 0.532227 0.367188 0.533203 0.368164 0.534180 0.368164 0.538086 0.369141 0.539062 0.369141 0.542969 0.370117 0.543945 0.370117 0.545898 0.373047 0.545898 0.374023 0.544922 0.391602 0.544922 0.391602 0.540039 0.392578 0.539062 0.392578 0.534180 0.393555 0.533203 0.393555 0.531250 0.392578 0.530273 0.393555 0.529297 0.393555 0.526367 0.392578 0.525391 0.392578 0.522461 0.391602 0.521484 0.391602 0.520508 0.390625 0.519531 0.391602 0.518555 0.390625 0.517578 0.390625 0.514648 0.375000 0.514648 0.374023 0.515625
1 0.354492 0.531250 0.355469 0.531250 0.356445 0.532227 0.357422 0.531250 0.358398 0.531250 0.359375 0.530273 0.365234 0.530273 0.366211 0.529297 0.368164 0.529297 0.369141 0.530273 0.368164 0.529297 0.355469 0.529297 0.354492 0.530273
