0 0.389957 0.628205 0.383547 0.628205 0.382479 0.629274 0.376068 0.629274 0.375000 0.630342 0.368590 0.630342 0.367521 0.631410 0.366453 0.631410 0.365385 0.632479 0.365385 0.635684 0.364316 0.636752 0.364316 0.639957 0.363248 0.641026 0.363248 0.649573 0.364316 0.650641 0.364316 0.652778 0.365385 0.653846 0.365385 0.655983 0.366453 0.657051 0.366453 0.659188 0.367521 0.660256 0.367521 0.662393 0.368590 0.663462 0.368590 0.665598 0.372863 0.665598 0.373932 0.664530 0.380342 0.664530 0.381410 0.663462 0.387821 0.663462 0.388889 0.662393 0.393162 0.662393 0.393162 0.657051 0.394231 0.655983 0.394231 0.651709 0.395299 0.650641 0.395299 0.645299 0.394231 0.644231 0.394231 0.642094 0.393162 0.641026 0.393162 0.637821 0.392094 0.636752 0.392094 0.634615 0.391026 0.633547 0.391026 0.631410 0.389957 0.630342
0 0.512821 0.434829 0.510684 0.436966 0.510684 0.438034 0.509615 0.439103 0.509615 0.440171 0.507479 0.442308 0.507479 0.443376 0.506410 0.444444 0.506410 0.445513 0.504274 0.447650 0.504274 0.448718 0.503205 0.449786 0.503205 0.450855 0.502137 0.451923 0.502137 0.452991 0.503205 0.454060 0.503205 0.455128 0.504274 0.456197 0.504274 0.457265 0.505342 0.458333 0.505342 0.459402 0.506410 0.460470 0.506410 0.461538 0.507479 0.462607 0.507479 0.463675 0.509615 0.463675 0.510684 0.464744 0.512821 0.464744 0.513889 0.465812 0.516026 0.465812 0.517094 0.466880 0.519231 0.466880 0.520299 0.467949 0.521368 0.467949 0.522436 0.469017 0.524573 0.469017 0.525641 0.470085 0.526709 0.469017 0.526709 0.467949 0.528846 0.465812 0.528846 0.464744 0.529915 0.463675 0.529915 0.462607 0.532051 0.460470 0.532051 0.459402 0.534188 0.457265 0.534188 0.456197 0.535256 0.455128 0.535256 0.454060 0.536325 0.452991 0.536325 0.450855 0.535256 0.449786 0.535256 0.448718 0.533120 0.446581 0.533120 0.445513 0.532051 0.444444 0.532051 0.443376 0.530983 0.442308 0.530983 0.441239 0.528846 0.441239 0.527778 0.440171 0.526709 0.440171 0.525641 0.439103 0.523504 0.439103 0.522436 0.438034 0.520299 0.438034 0.519231 0.436966 0.518162 0.436966 0.517094 0.435897 0.514957 0.435897 0.513889 0.434829
1 0.534188 0.458333 0.535256 0.459402 0.537393 0.459402 0.538462 0.460470 0.539530 0.460470 0.540598 0.461538 0.540598 0.459402 0.539530 0.458333 0.537393 0.458333 0.536325 0.457265 0.535256 0.457265
0 0.561966 0.601496 0.559829 0.601496 0.558761 0.602564 0.556624 0.602564 0.555556 0.603632 0.553419 0.603632 0.552350 0.604701 0.549145 0.604701 0.548077 0.605769 0.545940 0.605769 0.544872 0.606838 0.542735 0.606838 0.542735 0.614316 0.543803 0.615385 0.543803 0.622863 0.544872 0.623932 0.544872 0.625000 0.545940 0.626068 0.545940 0.627137 0.548077 0.629274 0.548077 0.630342 0.550214 0.632479 0.550214 0.633547 0.551282 0.634615 0.555556 0.634615 0.556624 0.633547 0.558761 0.633547 0.559829 0.632479 0.561966 0.632479 0.563034 0.631410 0.564103 0.631410 0.561966 0.629274 0.561966 0.628205 0.559829 0.626068 0.559829 0.625000 0.558761 0.623932 0.559829 0.622863 0.561966 0.622863 0.564103 0.625000 0.564103 0.626068 0.567308 0.629274 0.567308 0.630342 0.569444 0.630342 0.570513 0.629274 0.571581 0.629274 0.571581 0.628205 0.570513 0.627137 0.570513 0.617521 0.569444 0.616453 0.569444 0.612179 0.568376 0.611111 0.568376 0.610043 0.565171 0.606838 0.565171 0.605769 0.561966 0.602564
1 0.559829 0.623932 0.560897 0.625000 0.560897 0.626068 0.563034 0.628205 0.563034 0.629274 0.565171 0.631410 0.565171 0.632479 0.567308 0.632479 0.567308 0.631410 0.566239 0.630342 0.566239 0.629274 0.563034 0.626068 0.563034 0.625000 0.561966 0.623932
0 0.392094 0.615385 0.391026 0.615385 0.389957 0.614316 0.388889 0.614316 0.387821 0.613248 0.386752 0.613248 0.385684 0.612179 0.384615 0.612179 0.383547 0.611111 0.382479 0.611111 0.381410 0.610043 0.380342 0.610043 0.379274 0.608974 0.378205 0.608974 0.377137 0.607906 0.376068 0.607906 0.372863 0.611111 0.371795 0.611111 0.368590 0.614316 0.367521 0.614316 0.364316 0.617521 0.364316 0.627137 0.363248 0.628205 0.363248 0.633547 0.366453 0.630342 0.367521 0.630342 0.370726 0.627137 0.372863 0.629274 0.375000 0.629274 0.376068 0.628205 0.382479 0.628205 0.383547 0.627137 0.389957 0.627137 0.391026 0.628205 0.391026 0.630342 0.391026 0.627137 0.392094 0.626068
1 0.364316 0.633547 0.363248 0.634615 0.362179 0.634615 0.362179 0.635684 0.363248 0.636752 0.364316 0.635684
1 0.371795 0.629274 0.370726 0.628205 0.369658 0.629274
1 0.555556 0.321581 0.555556 0.322650 0.556624 0.323718 0.556624 0.321581
0 0.615385 0.589744 0.615385 0.597222 0.615385 0.594017 0.616453 0.592949 0.616453 0.591880 0.615385 0.590812
0 0.539530 0.322650 0.539530 0.324786 0.538462 0.325855 0.538462 0.330128 0.537393 0.331197 0.537393 0.334402 0.536325 0.335470 0.536325 0.339744 0.535256 0.340812 0.535256 0.346154 0.536325 0.347222 0.536325 0.349359 0.537393 0.350427 0.537393 0.352564 0.538462 0.353632 0.538462 0.354701 0.539530 0.355769 0.539530 0.356838 0.545940 0.356838 0.547009 0.357906 0.560897 0.357906 0.561966 0.358974 0.563034 0.358974 0.564103 0.357906 0.564103 0.354701 0.565171 0.353632 0.565171 0.350427 0.566239 0.349359 0.566239 0.346154 0.567308 0.345085 0.567308 0.341880 0.568376 0.340812 0.568376 0.337607 0.569444 0.336538 0.568376 0.335470 0.568376 0.333333 0.567308 0.332265 0.567308 0.331197 0.566239 0.330128 0.566239 0.329060 0.565171 0.327991 0.565171 0.326923 0.564103 0.325855 0.564103 0.323718 0.557692 0.323718 0.557692 0.326923 0.556624 0.327991 0.556624 0.329060 0.555556 0.330128 0.553419 0.330128 0.552350 0.329060 0.552350 0.326923 0.553419 0.325855 0.553419 0.323718 0.552350 0.323718 0.551282 0.322650
1 0.554487 0.322650 0.554487 0.323718 0.555556 0.324786 0.553419 0.326923 0.553419 0.329060 0.555556 0.329060 0.555556 0.327991 0.556624 0.326923 0.556624 0.324786
1 0.558761 0.313034 0.557692 0.313034 0.556624 0.314103 0.557692 0.315171 0.555556 0.317308 0.555556 0.320513 0.556624 0.320513 0.557692 0.321581 0.557692 0.318376 0.558761 0.317308
0 0.616453 0.580128 0.616453 0.582265 0.615385 0.583333 0.615385 0.587607 0.614316 0.588675 0.614316 0.599359 0.615385 0.600427 0.615385 0.610043 0.616453 0.611111 0.637821 0.611111 0.637821 0.608974 0.638889 0.607906 0.638889 0.604701 0.639957 0.603632 0.639957 0.590812 0.638889 0.589744 0.638889 0.581197 0.633547 0.581197 0.632479 0.580128
1 0.625000 0.572650 0.625000 0.579060 0.627137 0.579060 0.627137 0.576923 0.626068 0.575855 0.626068 0.572650
0 0.510684 0.500000 0.509615 0.501068 0.505342 0.501068 0.504274 0.502137 0.500000 0.502137 0.498932 0.503205 0.494658 0.503205 0.493590 0.504274 0.489316 0.504274 0.487179 0.506410 0.487179 0.507479 0.485043 0.509615 0.485043 0.510684 0.486111 0.511752 0.486111 0.514957 0.487179 0.516026 0.487179 0.520299 0.488248 0.521368 0.488248 0.524573 0.489316 0.525641 0.489316 0.528846 0.490385 0.529915 0.490385 0.532051 0.491453 0.532051 0.492521 0.530983 0.497863 0.530983 0.498932 0.529915 0.503205 0.529915 0.504274 0.528846 0.509615 0.528846 0.510684 0.527778 0.512821 0.527778 0.513889 0.526709 0.513889 0.525641 0.516026 0.523504 0.516026 0.519231 0.514957 0.518162 0.514957 0.514957 0.513889 0.513889 0.513889 0.509615 0.512821 0.508547 0.512821 0.505342 0.511752 0.504274 0.511752 0.501068
1 0.504274 0.529915 0.503205 0.530983 0.503205 0.532051 0.504274 0.533120 0.504274 0.536325 0.505342 0.537393 0.505342 0.540598 0.506410 0.541667 0.506410 0.542735 0.507479 0.541667 0.507479 0.538462 0.506410 0.537393 0.506410 0.534188 0.505342 0.533120 0.505342 0.529915
1 0.597222 0.503205 0.598291 0.504274 0.597222 0.505342 0.598291 0.505342 0.599359 0.506410 0.600427 0.505342 0.599359 0.504274 0.598291 0.504274
0 0.574786 0.481838 0.573718 0.482906 0.573718 0.485043 0.572650 0.486111 0.572650 0.487179 0.571581 0.488248 0.571581 0.489316 0.570513 0.490385 0.570513 0.492521 0.569444 0.493590 0.569444 0.494658 0.568376 0.495726 0.568376 0.497863 0.567308 0.498932 0.567308 0.500000 0.566239 0.501068 0.566239 0.502137 0.565171 0.503205 0.565171 0.505342 0.566239 0.506410 0.567308 0.506410 0.568376 0.507479 0.570513 0.507479 0.571581 0.508547 0.572650 0.508547 0.573718 0.509615 0.574786 0.509615 0.575855 0.510684 0.576923 0.510684 0.577991 0.511752 0.580128 0.511752 0.581197 0.512821 0.582265 0.512821 0.583333 0.513889 0.584402 0.513889 0.585470 0.514957 0.586538 0.514957 0.587607 0.516026 0.588675 0.514957 0.590812 0.514957 0.592949 0.512821 0.592949 0.511752 0.594017 0.510684 0.594017 0.509615 0.595085 0.508547 0.595085 0.506410 0.596154 0.505342 0.595085 0.505342 0.594017 0.504274 0.595085 0.503205 0.595085 0.502137 0.596154 0.501068 0.597222 0.502137 0.598291 0.501068 0.598291 0.498932 0.599359 0.497863 0.599359 0.496795 0.600427 0.495726 0.600427 0.494658 0.601496 0.493590 0.601496 0.490385 0.600427 0.490385 0.599359 0.489316 0.597222 0.489316 0.596154 0.488248 0.595085 0.488248 0.594017 0.487179 0.592949 0.487179 0.591880 0.486111 0.589744 0.486111 0.588675 0.485043 0.587607 0.485043 0.586538 0.483974 0.585470 0.483974 0.584402 0.482906 0.582265 0.482906 0.581197 0.481838 0.580128 0.481838 0.579060 0.480769 0.577991 0.481838
1 0.600427 0.504274 0.601496 0.505342 0.600427 0.506410 0.601496 0.507479 0.603632 0.507479 0.604701 0.508547 0.605769 0.508547 0.606838 0.509615 0.607906 0.509615 0.608974 0.510684 0.611111 0.510684 0.611111 0.509615 0.610043 0.508547 0.607906 0.508547 0.605769 0.506410 0.604701 0.506410 0.603632 0.505342 0.601496 0.505342
1 0.598291 0.503205 0.597222 0.504274 0.596154 0.503205 0.596154 0.502137 0.596154 0.503205 0.595085 0.504274 0.597222 0.504274
0 0.345085 0.492521 0.345085 0.496795 0.344017 0.497863 0.344017 0.504274 0.342949 0.505342 0.342949 0.511752 0.341880 0.512821 0.341880 0.513889 0.342949 0.513889 0.344017 0.514957 0.350427 0.514957 0.351496 0.516026 0.358974 0.516026 0.360043 0.517094 0.366453 0.517094 0.366453 0.513889 0.367521 0.512821 0.367521 0.508547 0.366453 0.507479 0.366453 0.506410 0.367521 0.505342 0.368590 0.505342 0.368590 0.498932 0.369658 0.497863 0.369658 0.496795 0.368590 0.495726 0.364316 0.495726 0.363248 0.494658 0.355769 0.494658 0.354701 0.493590 0.348291 0.493590 0.347222 0.492521
1 0.553419 0.668803 0.553419 0.669872 0.554487 0.669872 0.555556 0.670940 0.556624 0.669872 0.557692 0.670940 0.555556 0.668803
1 0.367521 0.506410 0.367521 0.507479 0.370726 0.507479 0.371795 0.508547 0.378205 0.508547 0.379274 0.509615 0.381410 0.509615 0.379274 0.507479 0.372863 0.507479 0.371795 0.506410 0.369658 0.506410 0.368590 0.507479
0 0.530983 0.639957 0.528846 0.642094 0.528846 0.643162 0.527778 0.644231 0.527778 0.645299 0.525641 0.647436 0.525641 0.648504 0.524573 0.649573 0.524573 0.650641 0.522436 0.652778 0.522436 0.653846 0.520299 0.655983 0.520299 0.657051 0.519231 0.658120 0.519231 0.662393 0.520299 0.663462 0.520299 0.664530 0.521368 0.664530 0.522436 0.665598 0.523504 0.665598 0.525641 0.667735 0.526709 0.667735 0.527778 0.668803 0.528846 0.668803 0.530983 0.670940 0.532051 0.670940 0.533120 0.672009 0.534188 0.672009 0.536325 0.674145 0.537393 0.674145 0.538462 0.675214 0.539530 0.675214 0.540598 0.674145 0.540598 0.673077 0.542735 0.670940 0.542735 0.669872 0.543803 0.668803 0.543803 0.667735 0.544872 0.666667 0.544872 0.665598 0.543803 0.664530 0.545940 0.662393 0.547009 0.663462 0.547009 0.662393 0.549145 0.660256 0.549145 0.659188 0.550214 0.658120 0.550214 0.657051 0.551282 0.655983 0.551282 0.654915 0.550214 0.653846 0.550214 0.651709 0.549145 0.650641 0.548077 0.650641 0.547009 0.649573 0.545940 0.649573 0.543803 0.647436 0.542735 0.647436 0.541667 0.646368 0.540598 0.646368 0.538462 0.644231 0.537393 0.644231 0.536325 0.643162 0.535256 0.643162 0.534188 0.642094 0.533120 0.642094
1 0.554487 0.670940 0.555556 0.669872 0.556624 0.670940 0.556624 0.672009 0.558761 0.672009 0.558761 0.670940 0.557692 0.669872 0.556624 0.670940 0.555556 0.669872
1 0.544872 0.664530 0.545940 0.665598 0.547009 0.665598 0.549145 0.667735 0.550214 0.667735 0.551282 0.668803 0.552350 0.668803 0.553419 0.667735 0.552350 0.666667 0.551282 0.666667 0.550214 0.665598 0.549145 0.665598 0.548077 0.664530 0.547009 0.664530 0.545940 0.663462
