0 0.283203 0.577148 0.281250 0.579102 0.280273 0.579102 0.276367 0.583008 0.275391 0.583008 0.271484 0.586914 0.270508 0.586914 0.266602 0.590820 0.265625 0.590820 0.261719 0.594727 0.260742 0.594727 0.257812 0.597656 0.257812 0.598633 0.258789 0.599609 0.258789 0.600586 0.262695 0.604492 0.262695 0.605469 0.267578 0.610352 0.267578 0.611328 0.271484 0.615234 0.271484 0.616211 0.275391 0.620117 0.275391 0.621094 0.278320 0.624023 0.279297 0.624023 0.280273 0.625000 0.281250 0.625000 0.283203 0.626953 0.285156 0.626953 0.287109 0.625000 0.288086 0.625000 0.291992 0.621094 0.292969 0.621094 0.297852 0.616211 0.298828 0.616211 0.303711 0.611328 0.304688 0.611328 0.308594 0.607422 0.309570 0.607422 0.309570 0.606445 0.308594 0.605469 0.308594 0.604492 0.304688 0.600586 0.304688 0.599609 0.299805 0.594727 0.299805 0.593750 0.295898 0.589844 0.295898 0.588867 0.291016 0.583984 0.291016 0.583008 0.289062 0.581055 0.288086 0.581055 0.284180 0.577148
1 0.260742 0.573242 0.259766 0.574219 0.259766 0.575195 0.263672 0.579102 0.263672 0.580078 0.268555 0.584961 0.268555 0.585938 0.269531 0.586914 0.270508 0.585938 0.271484 0.585938 0.271484 0.584961 0.270508 0.583984 0.270508 0.583008 0.266602 0.579102 0.266602 0.578125 0.262695 0.574219 0.262695 0.573242
0 0.712891 0.465820 0.712891 0.467773 0.711914 0.468750 0.711914 0.478516 0.710938 0.479492 0.710938 0.487305 0.712891 0.487305 0.713867 0.488281 0.717773 0.488281 0.718750 0.489258 0.721680 0.489258 0.722656 0.490234 0.725586 0.490234 0.726562 0.491211 0.732422 0.491211 0.733398 0.490234 0.735352 0.490234 0.736328 0.489258 0.738281 0.489258 0.739258 0.488281 0.740234 0.488281 0.741211 0.487305 0.743164 0.487305 0.743164 0.476562 0.744141 0.475586 0.744141 0.464844 0.741211 0.464844 0.740234 0.463867 0.736328 0.463867 0.735352 0.462891 0.732422 0.462891 0.731445 0.461914 0.728516 0.461914 0.727539 0.460938 0.722656 0.460938 0.721680 0.461914 0.720703 0.461914 0.719727 0.462891 0.718750 0.462891 0.717773 0.463867 0.715820 0.463867 0.714844 0.464844 0.713867 0.464844
1 0.729492 0.450195 0.728516 0.451172 0.728516 0.456055 0.727539 0.457031 0.727539 0.459961 0.728516 0.460938 0.729492 0.460938 0.730469 0.459961 0.730469 0.451172
0 0.557617 0.581055 0.557617 0.598633 0.558594 0.599609 0.558594 0.614258 0.591797 0.614258 0.592773 0.613281 0.594727 0.613281 0.595703 0.612305 0.596680 0.612305 0.597656 0.611328 0.597656 0.580078 0.596680 0.579102 0.565430 0.579102 0.564453 0.580078 0.560547 0.580078 0.559570 0.581055
1 0.577148 0.615234 0.577148 0.635742 0.580078 0.635742 0.581055 0.634766 0.581055 0.632812 0.580078 0.631836 0.580078 0.615234
0 0.532227 0.351562 0.531250 0.351562 0.530273 0.352539 0.529297 0.352539 0.527344 0.354492 0.526367 0.354492 0.523438 0.357422 0.522461 0.357422 0.520508 0.359375 0.519531 0.359375 0.517578 0.361328 0.516602 0.361328 0.514648 0.363281 0.514648 0.364258 0.513672 0.365234 0.513672 0.366211 0.512695 0.367188 0.512695 0.369141 0.511719 0.370117 0.511719 0.372070 0.510742 0.373047 0.510742 0.374023 0.509766 0.375000 0.509766 0.376953 0.525391 0.392578 0.526367 0.392578 0.529297 0.389648 0.530273 0.389648 0.532227 0.387695 0.533203 0.387695 0.535156 0.385742 0.536133 0.385742 0.538086 0.383789 0.539062 0.383789 0.541016 0.381836 0.541992 0.381836 0.542969 0.380859 0.542969 0.379883 0.543945 0.378906 0.543945 0.376953 0.544922 0.375977 0.544922 0.374023 0.545898 0.373047 0.545898 0.371094 0.546875 0.370117 0.546875 0.367188 0.540039 0.360352 0.540039 0.359375
1 0.514648 0.382812 0.513672 0.381836 0.511719 0.381836 0.507812 0.385742 0.508789 0.386719 0.509766 0.386719 0.511719 0.384766 0.512695 0.384766
1 0.385742 0.367188 0.386719 0.368164 0.385742 0.369141 0.386719 0.368164 0.387695 0.369141
0 0.395508 0.357422 0.395508 0.359375 0.394531 0.360352 0.394531 0.362305 0.393555 0.363281 0.393555 0.365234 0.392578 0.366211 0.392578 0.368164 0.394531 0.370117 0.394531 0.371094 0.392578 0.373047 0.391602 0.372070 0.390625 0.372070 0.390625 0.374023 0.389648 0.375000 0.389648 0.376953 0.388672 0.377930 0.388672 0.379883 0.387695 0.380859 0.387695 0.382812 0.389648 0.384766 0.390625 0.384766 0.391602 0.385742 0.392578 0.385742 0.393555 0.386719 0.395508 0.386719 0.396484 0.387695 0.398438 0.387695 0.399414 0.388672 0.401367 0.388672 0.402344 0.389648 0.404297 0.389648 0.405273 0.390625 0.407227 0.390625 0.408203 0.391602 0.410156 0.391602 0.411133 0.392578 0.413086 0.392578 0.414062 0.393555 0.416016 0.393555 0.416992 0.394531 0.417969 0.393555 0.417969 0.391602 0.418945 0.390625 0.418945 0.388672 0.419922 0.387695 0.419922 0.385742 0.420898 0.384766 0.420898 0.382812 0.421875 0.381836 0.421875 0.379883 0.422852 0.378906 0.422852 0.376953 0.423828 0.375977 0.423828 0.374023 0.424805 0.373047 0.424805 0.371094 0.425781 0.370117 0.425781 0.368164 0.424805 0.367188 0.423828 0.367188 0.422852 0.366211 0.421875 0.366211 0.420898 0.365234 0.419922 0.365234 0.418945 0.364258 0.416992 0.364258 0.416016 0.363281 0.414062 0.363281 0.413086 0.362305 0.411133 0.362305 0.410156 0.361328 0.408203 0.361328 0.407227 0.360352 0.405273 0.360352 0.404297 0.359375 0.402344 0.359375 0.401367 0.358398 0.399414 0.358398 0.398438 0.357422
1 0.375977 0.364258 0.375977 0.366211 0.376953 0.366211 0.377930 0.367188 0.379883 0.367188 0.380859 0.368164 0.382812 0.368164 0.383789 0.369141 0.384766 0.369141 0.385742 0.368164 0.386719 0.369141 0.386719 0.370117 0.388672 0.370117 0.389648 0.371094 0.391602 0.371094 0.392578 0.372070 0.393555 0.371094 0.393555 0.370117 0.392578 0.369141 0.390625 0.369141 0.389648 0.368164 0.387695 0.368164 0.386719 0.367188 0.385742 0.368164 0.383789 0.366211 0.381836 0.366211 0.380859 0.365234 0.378906 0.365234 0.377930 0.364258
0 0.467773 0.562500 0.463867 0.566406 0.462891 0.566406 0.458984 0.570312 0.458008 0.570312 0.453125 0.575195 0.453125 0.582031 0.454102 0.583008 0.454102 0.594727 0.455078 0.595703 0.455078 0.597656 0.456055 0.597656 0.457031 0.598633 0.458984 0.598633 0.459961 0.599609 0.461914 0.599609 0.462891 0.600586 0.464844 0.600586 0.465820 0.601562 0.467773 0.601562 0.468750 0.602539 0.470703 0.602539 0.471680 0.603516 0.473633 0.603516 0.474609 0.604492 0.477539 0.604492 0.482422 0.599609 0.483398 0.599609 0.491211 0.591797 0.491211 0.578125 0.490234 0.577148 0.490234 0.569336 0.489258 0.569336 0.488281 0.568359 0.486328 0.568359 0.485352 0.567383 0.483398 0.567383 0.482422 0.566406 0.479492 0.566406 0.478516 0.565430 0.476562 0.565430 0.475586 0.564453 0.473633 0.564453 0.472656 0.563477 0.469727 0.563477 0.468750 0.562500
0 0.532227 0.464844 0.531250 0.465820 0.531250 0.466797 0.530273 0.467773 0.530273 0.468750 0.529297 0.469727 0.529297 0.471680 0.528320 0.472656 0.528320 0.473633 0.527344 0.474609 0.527344 0.475586 0.526367 0.476562 0.526367 0.477539 0.525391 0.478516 0.525391 0.480469 0.524414 0.481445 0.524414 0.482422 0.523438 0.483398 0.523438 0.484375 0.522461 0.485352 0.522461 0.486328 0.521484 0.487305 0.521484 0.488281 0.522461 0.489258 0.522461 0.494141 0.523438 0.495117 0.523438 0.500977 0.524414 0.501953 0.524414 0.502930 0.525391 0.503906 0.528320 0.503906 0.529297 0.504883 0.532227 0.504883 0.533203 0.505859 0.536133 0.505859 0.537109 0.506836 0.539062 0.506836 0.540039 0.507812 0.542969 0.507812 0.543945 0.508789 0.546875 0.508789 0.547852 0.509766 0.550781 0.509766 0.550781 0.508789 0.551758 0.507812 0.551758 0.506836 0.552734 0.505859 0.552734 0.504883 0.553711 0.503906 0.553711 0.502930 0.554688 0.501953 0.554688 0.500977 0.555664 0.500000 0.555664 0.499023 0.556641 0.498047 0.556641 0.497070 0.557617 0.496094 0.557617 0.494141 0.558594 0.493164 0.558594 0.492188 0.559570 0.491211 0.559570 0.490234 0.560547 0.489258 0.560547 0.488281 0.561523 0.487305 0.560547 0.486328 0.560547 0.483398 0.559570 0.482422 0.559570 0.478516 0.558594 0.477539 0.558594 0.474609 0.557617 0.473633 0.557617 0.472656 0.556641 0.471680 0.553711 0.471680 0.552734 0.470703 0.550781 0.470703 0.549805 0.469727 0.546875 0.469727 0.545898 0.468750 0.543945 0.468750 0.542969 0.467773 0.540039 0.467773 0.539062 0.466797 0.536133 0.466797 0.535156 0.465820 0.533203 0.465820
0 0.706055 0.786133 0.706055 0.787109 0.701172 0.791992 0.701172 0.792969 0.697266 0.796875 0.697266 0.797852 0.692383 0.802734 0.692383 0.803711 0.691406 0.804688 0.691406 0.807617 0.692383 0.808594 0.692383 0.809570 0.693359 0.810547 0.693359 0.812500 0.694336 0.813477 0.694336 0.814453 0.695312 0.815430 0.695312 0.816406 0.696289 0.817383 0.696289 0.819336 0.697266 0.820312 0.697266 0.821289 0.698242 0.822266 0.698242 0.823242 0.699219 0.824219 0.699219 0.826172 0.700195 0.827148 0.700195 0.828125 0.701172 0.829102 0.701172 0.831055 0.702148 0.832031 0.703125 0.832031 0.704102 0.833008 0.710938 0.833008 0.711914 0.833984 0.717773 0.833984 0.718750 0.834961 0.724609 0.834961 0.725586 0.835938 0.727539 0.835938 0.730469 0.833008 0.730469 0.832031 0.737305 0.825195 0.737305 0.824219 0.743164 0.818359 0.743164 0.817383 0.744141 0.816406 0.744141 0.815430 0.743164 0.814453 0.743164 0.812500 0.742188 0.811523 0.742188 0.810547 0.741211 0.809570 0.741211 0.808594 0.740234 0.807617 0.740234 0.806641 0.739258 0.805664 0.739258 0.804688 0.738281 0.803711 0.738281 0.802734 0.737305 0.801758 0.737305 0.800781 0.736328 0.799805 0.736328 0.798828 0.735352 0.797852 0.735352 0.796875 0.734375 0.795898 0.734375 0.793945 0.733398 0.792969 0.733398 0.791992 0.732422 0.791016 0.732422 0.790039 0.731445 0.790039 0.730469 0.789062 0.725586 0.789062 0.724609 0.788086 0.718750 0.788086 0.717773 0.787109 0.712891 0.787109 0.711914 0.786133
1 0.703125 0.779297 0.702148 0.780273 0.702148 0.782227 0.703125 0.783203 0.703125 0.784180 0.704102 0.785156 0.704102 0.786133 0.705078 0.787109 0.705078 0.786133 0.706055 0.785156 0.708008 0.785156 0.707031 0.784180 0.707031 0.783203 0.706055 0.782227 0.706055 0.780273 0.705078 0.779297
1 0.643555 0.501953 0.642578 0.502930 0.644531 0.504883 0.644531 0.502930
0 0.654297 0.491211 0.654297 0.492188 0.653320 0.493164 0.653320 0.494141 0.652344 0.495117 0.652344 0.497070 0.651367 0.498047 0.651367 0.499023 0.650391 0.500000 0.650391 0.500977 0.649414 0.501953 0.649414 0.502930 0.648438 0.503906 0.648438 0.505859 0.647461 0.506836 0.647461 0.507812 0.646484 0.508789 0.646484 0.510742 0.645508 0.511719 0.645508 0.513672 0.644531 0.514648 0.644531 0.516602 0.643555 0.517578 0.643555 0.520508 0.645508 0.520508 0.646484 0.521484 0.647461 0.521484 0.648438 0.522461 0.650391 0.522461 0.651367 0.523438 0.652344 0.523438 0.653320 0.524414 0.655273 0.524414 0.656250 0.525391 0.657227 0.525391 0.658203 0.526367 0.660156 0.526367 0.661133 0.527344 0.662109 0.527344 0.663086 0.528320 0.664062 0.528320 0.664062 0.527344 0.665039 0.526367 0.665039 0.524414 0.666016 0.523438 0.666016 0.522461 0.666992 0.521484 0.666992 0.519531 0.667969 0.518555 0.667969 0.517578 0.668945 0.516602 0.668945 0.515625 0.669922 0.514648 0.669922 0.513672 0.670898 0.512695 0.670898 0.510742 0.671875 0.509766 0.671875 0.508789 0.672852 0.507812 0.672852 0.505859 0.673828 0.504883 0.673828 0.503906 0.674805 0.502930 0.674805 0.500977 0.675781 0.500000 0.675781 0.499023 0.674805 0.499023 0.673828 0.498047 0.672852 0.498047 0.671875 0.497070 0.669922 0.497070 0.668945 0.496094 0.667969 0.496094 0.666992 0.495117 0.665039 0.495117 0.664062 0.494141 0.663086 0.494141 0.662109 0.493164 0.660156 0.493164 0.659180 0.492188 0.658203 0.492188 0.657227 0.491211
1 0.634766 0.498047 0.634766 0.499023 0.633789 0.500000 0.634766 0.500977 0.635742 0.500977 0.636719 0.501953 0.637695 0.501953 0.638672 0.502930 0.640625 0.502930 0.641602 0.503906 0.642578 0.503906 0.643555 0.504883 0.642578 0.503906 0.644531 0.501953 0.645508 0.502930 0.645508 0.504883 0.646484 0.504883 0.647461 0.505859 0.647461 0.503906 0.646484 0.502930 0.645508 0.502930 0.644531 0.501953 0.643555 0.502930 0.641602 0.500977 0.640625 0.500977 0.639648 0.500000 0.637695 0.500000 0.636719 0.499023 0.635742 0.499023
