0 0.001789 0.763864 0.000000 0.765653 0.000000 0.821109 0.003578 0.824687 0.005367 0.824687 0.010733 0.830054 0.012522 0.830054 0.016100 0.833631 0.017889 0.833631 0.019678 0.835420 0.021467 0.835420 0.025045 0.831843 0.025045 0.830054 0.032200 0.822898 0.032200 0.821109 0.039356 0.813953 0.039356 0.812165 0.046512 0.805009 0.046512 0.803220 0.050089 0.799642 0.050089 0.797853 0.046512 0.794275 0.044723 0.794275 0.039356 0.788909 0.037567 0.788909 0.032200 0.783542 0.030411 0.783542 0.025045 0.778175 0.023256 0.778175 0.017889 0.772809 0.016100 0.772809 0.012522 0.769231 0.010733 0.769231 0.007156 0.765653 0.005367 0.765653 0.003578 0.763864
0 0.483005 0.175313 0.483005 0.184258 0.481216 0.186047 0.481216 0.200358 0.479428 0.202147 0.479428 0.214669 0.477639 0.216458 0.477639 0.225403 0.481216 0.225403 0.483005 0.227191 0.486583 0.227191 0.488372 0.228980 0.493739 0.228980 0.495528 0.230769 0.499106 0.230769 0.500894 0.232558 0.504472 0.232558 0.506261 0.234347 0.509839 0.234347 0.511628 0.236136 0.518784 0.236136 0.520572 0.234347 0.533095 0.234347 0.534884 0.232558 0.545617 0.232558 0.545617 0.223614 0.547406 0.221825 0.547406 0.218247 0.545617 0.216458 0.540250 0.216458 0.538462 0.214669 0.534884 0.214669 0.531306 0.211091 0.531306 0.207513 0.533095 0.205725 0.536673 0.205725 0.538462 0.207513 0.543828 0.207513 0.545617 0.209302 0.549195 0.209302 0.549195 0.196780 0.550984 0.194991 0.550984 0.184258 0.552773 0.182469 0.549195 0.182469 0.547406 0.180680 0.542039 0.180680 0.540250 0.178891 0.534884 0.178891 0.533095 0.177102 0.529517 0.177102 0.527728 0.175313 0.522361 0.175313 0.520572 0.173524 0.495528 0.173524 0.493739 0.175313
1 0.533095 0.207513 0.533095 0.211091 0.534884 0.212880 0.538462 0.212880 0.540250 0.214669 0.545617 0.214669 0.547406 0.216458 0.550984 0.216458 0.552773 0.218247 0.559928 0.218247 0.559928 0.214669 0.558140 0.214669 0.556351 0.212880 0.550984 0.212880 0.549195 0.211091 0.545617 0.211091 0.543828 0.209302 0.538462 0.209302 0.536673 0.207513 0.534884 0.209302
0 0.236136 0.801431 0.234347 0.803220 0.234347 0.805009 0.232558 0.806798 0.232558 0.808587 0.230769 0.810376 0.230769 0.812165 0.228980 0.813953 0.228980 0.815742 0.227191 0.817531 0.227191 0.819320 0.225403 0.821109 0.225403 0.822898 0.223614 0.824687 0.223614 0.826476 0.221825 0.828265 0.221825 0.830054 0.220036 0.831843 0.220036 0.835420 0.218247 0.837209 0.218247 0.838998 0.216458 0.840787 0.216458 0.842576 0.214669 0.844365 0.214669 0.847943 0.218247 0.851521 0.220036 0.851521 0.237925 0.869410 0.239714 0.869410 0.241503 0.871199 0.246869 0.871199 0.248658 0.872987 0.255814 0.872987 0.257603 0.874776 0.266547 0.874776 0.268336 0.876565 0.275492 0.876565 0.277281 0.878354 0.279070 0.878354 0.279070 0.876565 0.280859 0.874776 0.280859 0.872987 0.282648 0.871199 0.282648 0.869410 0.284436 0.867621 0.284436 0.865832 0.286225 0.864043 0.286225 0.862254 0.288014 0.860465 0.288014 0.856887 0.289803 0.855098 0.289803 0.853309 0.291592 0.851521 0.291592 0.849732 0.293381 0.847943 0.293381 0.842576 0.298748 0.837209 0.298748 0.835420 0.300537 0.833631 0.293381 0.826476 0.291592 0.826476 0.282648 0.817531 0.280859 0.817531 0.273703 0.810376 0.270125 0.810376 0.268336 0.808587 0.261181 0.808587 0.259392 0.806798 0.254025 0.806798 0.252236 0.805009 0.246869 0.805009 0.245081 0.803220 0.237925 0.803220
0 0.890877 0.568873 0.869410 0.568873 0.867621 0.570662 0.840787 0.570662 0.837209 0.574240 0.837209 0.576029 0.831843 0.581395 0.831843 0.583184 0.826476 0.588551 0.826476 0.590340 0.822898 0.593918 0.822898 0.595707 0.817531 0.601073 0.817531 0.602862 0.812165 0.608229 0.813953 0.610018 0.813953 0.611807 0.815742 0.613596 0.815742 0.615385 0.817531 0.617174 0.817531 0.618962 0.819320 0.620751 0.819320 0.622540 0.821109 0.624329 0.821109 0.626118 0.822898 0.627907 0.822898 0.631485 0.824687 0.633274 0.824687 0.635063 0.826476 0.636852 0.826476 0.638640 0.828265 0.640429 0.828265 0.642218 0.830054 0.644007 0.830054 0.645796 0.831843 0.647585 0.831843 0.649374 0.833631 0.651163 0.833631 0.652952 0.835420 0.654741 0.835420 0.656530 0.851521 0.656530 0.853309 0.654741 0.874776 0.654741 0.876565 0.652952 0.887299 0.652952 0.887299 0.651163 0.896243 0.642218 0.896243 0.640429 0.905188 0.631485 0.905188 0.629696 0.914132 0.620751 0.914132 0.618962 0.915921 0.617174 0.915921 0.615385 0.914132 0.613596 0.914132 0.611807 0.912343 0.610018 0.912343 0.608229 0.910555 0.606440 0.910555 0.604651 0.908766 0.602862 0.908766 0.601073 0.906977 0.599284 0.906977 0.597496 0.905188 0.595707 0.905188 0.593918 0.901610 0.590340 0.901610 0.588551 0.899821 0.586762 0.899821 0.584973 0.898032 0.583184 0.898032 0.581395 0.896243 0.579606 0.896243 0.577818 0.894454 0.576029 0.894454 0.574240 0.892665 0.572451 0.892665 0.570662
1 0.339893 0.844365 0.339893 0.851521 0.341682 0.849732 0.341682 0.846154
1 0.830054 0.649374 0.828265 0.651163 0.828265 0.654741 0.830054 0.656530 0.833631 0.656530 0.833631 0.654741 0.831843 0.652952 0.831843 0.651163
0 0.354204 0.779964 0.311270 0.822898 0.311270 0.824687 0.304114 0.831843 0.304114 0.833631 0.295170 0.842576 0.295170 0.846154 0.302326 0.853309 0.304114 0.853309 0.341682 0.890877 0.375671 0.856887 0.377460 0.856887 0.384615 0.849732 0.384615 0.847943 0.388193 0.844365 0.388193 0.842576 0.391771 0.838998 0.391771 0.837209 0.395349 0.833631 0.395349 0.831843 0.398927 0.828265 0.398927 0.826476 0.400716 0.824687 0.388193 0.812165 0.386404 0.812165
0 0.856887 0.656530 0.855098 0.656530 0.853309 0.658318 0.855098 0.660107 0.856887 0.658318
0 0.805009 0.651163 0.805009 0.652952 0.806798 0.652952
0 0.819320 0.624329 0.819320 0.626118 0.812165 0.633274 0.812165 0.635063 0.810376 0.636852 0.812165 0.635063 0.815742 0.638640 0.817531 0.636852 0.819320 0.638640 0.821109 0.638640 0.822898 0.640429 0.824687 0.640429 0.826476 0.642218 0.826476 0.640429 0.824687 0.638640 0.824687 0.636852 0.822898 0.635063 0.822898 0.633274 0.821109 0.631485 0.821109 0.627907 0.819320 0.626118
1 0.338104 0.844365 0.334526 0.847943 0.334526 0.849732 0.330948 0.853309 0.330948 0.855098 0.323792 0.862254 0.323792 0.864043 0.327370 0.867621 0.330948 0.864043 0.330948 0.862254 0.336315 0.856887 0.336315 0.855098 0.338104 0.853309
1 0.830054 0.663685 0.828265 0.663685 0.826476 0.661896 0.815742 0.672630 0.815742 0.674419 0.812165 0.677996 0.813953 0.679785 0.817531 0.679785 0.821109 0.676208 0.819320 0.674419
0 0.813953 0.635063 0.808587 0.640429 0.808587 0.644007 0.806798 0.645796 0.806798 0.651163 0.808587 0.652952 0.806798 0.654741 0.805009 0.654741 0.803220 0.656530 0.803220 0.660107 0.801431 0.661896 0.801431 0.665474 0.799642 0.667263 0.799642 0.672630 0.801431 0.672630 0.803220 0.674419 0.805009 0.674419 0.806798 0.676208 0.808587 0.676208 0.810376 0.677996 0.813953 0.674419 0.813953 0.672630 0.817531 0.669052 0.817531 0.667263 0.821109 0.663685 0.822898 0.663685 0.826476 0.660107 0.828265 0.661896 0.830054 0.661896 0.831843 0.663685 0.830054 0.665474 0.830054 0.667263 0.822898 0.674419 0.822898 0.676208 0.817531 0.681574 0.819320 0.681574 0.821109 0.683363 0.822898 0.683363 0.824687 0.685152 0.826476 0.685152 0.828265 0.686941 0.830054 0.686941 0.831843 0.688730 0.833631 0.688730 0.835420 0.690519 0.837209 0.690519 0.838998 0.692308 0.840787 0.692308 0.842576 0.694097 0.849732 0.686941 0.849732 0.685152 0.860465 0.674419 0.860465 0.672630 0.864043 0.669052 0.864043 0.667263 0.865832 0.665474 0.865832 0.661896 0.867621 0.660107 0.867621 0.658318 0.869410 0.656530 0.858676 0.656530 0.858676 0.658318 0.856887 0.660107 0.853309 0.656530 0.851521 0.658318 0.830054 0.658318 0.826476 0.654741 0.826476 0.651163 0.830054 0.647585 0.828265 0.645796 0.828265 0.644007 0.826476 0.644007 0.824687 0.642218 0.822898 0.642218 0.821109 0.640429 0.819320 0.640429
1 0.810376 0.679785 0.810376 0.681574 0.812165 0.683363 0.813953 0.683363 0.815742 0.681574 0.813953 0.681574 0.812165 0.679785
0 0.171735 0.642218 0.171735 0.644007 0.168157 0.647585 0.168157 0.649374 0.166369 0.651163 0.166369 0.652952 0.164580 0.654741 0.164580 0.656530 0.161002 0.660107 0.161002 0.661896 0.159213 0.663685 0.159213 0.665474 0.157424 0.667263 0.157424 0.674419 0.159213 0.676208 0.159213 0.683363 0.161002 0.685152 0.161002 0.692308 0.164580 0.692308 0.166369 0.694097 0.169946 0.694097 0.171735 0.695886 0.177102 0.695886 0.178891 0.697674 0.184258 0.697674 0.186047 0.699463 0.191413 0.699463 0.193202 0.701252 0.196780 0.701252 0.196780 0.699463 0.198569 0.697674 0.198569 0.695886 0.200358 0.694097 0.200358 0.692308 0.202147 0.690519 0.202147 0.688730 0.203936 0.686941 0.203936 0.685152 0.205725 0.683363 0.205725 0.681574 0.209302 0.677996 0.209302 0.676208 0.211091 0.674419 0.209302 0.672630 0.209302 0.663685 0.207513 0.661896 0.207513 0.651163 0.205725 0.649374 0.200358 0.649374 0.198569 0.647585 0.193202 0.647585 0.191413 0.645796 0.186047 0.645796 0.184258 0.644007 0.178891 0.644007 0.177102 0.642218
1 0.286225 0.681574 0.284436 0.683363 0.282648 0.683363 0.282648 0.685152 0.284436 0.683363 0.286225 0.683363
1 0.200358 0.638640 0.198569 0.640429 0.198569 0.642218 0.196780 0.644007 0.196780 0.645796 0.200358 0.645796 0.200358 0.644007 0.202147 0.642218 0.202147 0.640429
0 0.318426 0.624329 0.316637 0.624329 0.313059 0.627907 0.311270 0.627907 0.309481 0.629696 0.307692 0.629696 0.305903 0.631485 0.304114 0.631485 0.302326 0.633274 0.300537 0.633274 0.298748 0.635063 0.296959 0.635063 0.293381 0.638640 0.291592 0.638640 0.289803 0.640429 0.288014 0.640429 0.286225 0.642218 0.284436 0.642218 0.282648 0.644007 0.280859 0.644007 0.279070 0.645796 0.277281 0.645796 0.273703 0.649374 0.273703 0.651163 0.275492 0.652952 0.275492 0.654741 0.277281 0.656530 0.277281 0.658318 0.279070 0.660107 0.279070 0.661896 0.280859 0.663685 0.280859 0.667263 0.282648 0.669052 0.282648 0.670841 0.284436 0.672630 0.284436 0.674419 0.286225 0.676208 0.286225 0.679785 0.288014 0.681574 0.288014 0.683363 0.289803 0.685152 0.289803 0.686941 0.291592 0.688730 0.291592 0.690519 0.293381 0.692308 0.293381 0.694097 0.295170 0.694097 0.296959 0.695886 0.298748 0.695886 0.302326 0.699463 0.304114 0.699463 0.305903 0.701252 0.307692 0.701252 0.309481 0.703041 0.311270 0.703041 0.313059 0.701252 0.314848 0.701252 0.316637 0.699463 0.318426 0.699463 0.320215 0.697674 0.322004 0.697674 0.323792 0.695886 0.325581 0.695886 0.327370 0.694097 0.329159 0.694097 0.330948 0.692308 0.332737 0.692308 0.334526 0.690519 0.336315 0.690519 0.339893 0.686941 0.341682 0.686941 0.343470 0.685152 0.345259 0.685152 0.347048 0.683363 0.348837 0.683363 0.350626 0.681574 0.352415 0.681574 0.354204 0.679785 0.352415 0.677996 0.352415 0.676208 0.350626 0.674419 0.350626 0.670841 0.348837 0.669052 0.348837 0.667263 0.347048 0.665474 0.347048 0.663685 0.345259 0.661896 0.345259 0.660107 0.343470 0.658318 0.343470 0.656530 0.341682 0.654741 0.341682 0.651163 0.339893 0.649374 0.339893 0.647585 0.338104 0.645796 0.338104 0.644007 0.336315 0.642218 0.336315 0.640429 0.334526 0.638640 0.334526 0.636852 0.332737 0.635063 0.330948 0.635063 0.325581 0.629696 0.323792 0.629696
1 0.593918 0.703041 0.595707 0.704830 0.593918 0.706619 0.595707 0.704830
1 0.597496 0.694097 0.597496 0.701252 0.597496 0.697674 0.599284 0.695886
1 0.284436 0.677996 0.282648 0.677996 0.280859 0.679785 0.279070 0.679785 0.277281 0.681574 0.275492 0.681574 0.271914 0.685152 0.270125 0.685152 0.268336 0.686941 0.266547 0.686941 0.264758 0.688730 0.262970 0.688730 0.261181 0.690519 0.261181 0.692308 0.262970 0.694097 0.264758 0.694097 0.266547 0.692308 0.268336 0.692308 0.270125 0.690519 0.271914 0.690519 0.273703 0.688730 0.275492 0.688730 0.277281 0.686941 0.279070 0.686941 0.280859 0.685152 0.280859 0.683363 0.282648 0.681574 0.284436 0.681574
0 0.572451 0.694097 0.570662 0.695886 0.570662 0.697674 0.568873 0.699463 0.568873 0.703041 0.567084 0.704830 0.567084 0.706619 0.565295 0.708408 0.565295 0.710197 0.563506 0.711986 0.563506 0.715564 0.561717 0.717352 0.561717 0.719141 0.559928 0.720930 0.559928 0.726297 0.561717 0.728086 0.561717 0.731664 0.563506 0.733453 0.563506 0.737030 0.565295 0.738819 0.565295 0.740608 0.567084 0.742397 0.567084 0.744186 0.570662 0.744186 0.572451 0.745975 0.579606 0.745975 0.581395 0.747764 0.590340 0.747764 0.592129 0.749553 0.599284 0.749553 0.601073 0.751342 0.601073 0.747764 0.602862 0.745975 0.602862 0.744186 0.604651 0.742397 0.604651 0.740608 0.606440 0.738819 0.606440 0.737030 0.608229 0.735242 0.608229 0.731664 0.610018 0.729875 0.610018 0.728086 0.611807 0.726297 0.611807 0.724508 0.613596 0.722719 0.613596 0.719141 0.611807 0.717352 0.611807 0.715564 0.610018 0.713775 0.610018 0.710197 0.608229 0.708408 0.608229 0.706619 0.606440 0.704830 0.606440 0.703041 0.602862 0.699463 0.599284 0.699463 0.599284 0.701252 0.597496 0.703041 0.597496 0.704830 0.593918 0.708408 0.592129 0.708408 0.590340 0.706619 0.590340 0.703041 0.592129 0.701252 0.592129 0.699463 0.593918 0.697674 0.586762 0.697674 0.584973 0.695886 0.577818 0.695886 0.576029 0.694097
0 0.413238 0.665474 0.407871 0.660107 0.406082 0.661896 0.404293 0.661896 0.398927 0.667263 0.395349 0.667263 0.395349 0.669052 0.389982 0.674419 0.388193 0.674419 0.386404 0.676208 0.386404 0.677996 0.388193 0.679785 0.389982 0.679785 0.391771 0.677996 0.393560 0.679785 0.393560 0.677996 0.395349 0.676208 0.404293 0.676208 0.404293 0.674419 0.406082 0.672630 0.406082 0.670841 0.409660 0.667263 0.411449 0.667263
1 0.395349 0.688730 0.393560 0.690519 0.395349 0.690519 0.397138 0.692308 0.395349 0.690519
1 0.601073 0.685152 0.599284 0.686941 0.599284 0.688730 0.597496 0.690519 0.597496 0.692308 0.595707 0.694097 0.595707 0.697674 0.593918 0.699463 0.593918 0.701252 0.592129 0.703041 0.592129 0.706619 0.595707 0.703041 0.595707 0.694097 0.597496 0.692308 0.599284 0.694097 0.601073 0.692308 0.601073 0.690519 0.602862 0.688730 0.602862 0.686941
0 0.429338 0.635063 0.427549 0.635063 0.422182 0.640429 0.420394 0.640429 0.415027 0.645796 0.413238 0.645796 0.398927 0.660107 0.398927 0.661896 0.389982 0.670841 0.389982 0.672630 0.393560 0.669052 0.393560 0.667263 0.395349 0.665474 0.398927 0.665474 0.404293 0.660107 0.406082 0.660107 0.407871 0.661896 0.409660 0.660107 0.415027 0.665474 0.411449 0.669052 0.409660 0.669052 0.407871 0.670841 0.407871 0.672630 0.406082 0.674419 0.406082 0.676208 0.404293 0.677996 0.395349 0.677996 0.395349 0.679785 0.393560 0.681574 0.391771 0.679785 0.389982 0.681574 0.391771 0.683363 0.393560 0.683363 0.398927 0.688730 0.398927 0.690519 0.415027 0.706619 0.416816 0.704830 0.418605 0.704830 0.423971 0.699463 0.425760 0.699463 0.431127 0.694097 0.432916 0.694097 0.445438 0.681574 0.445438 0.679785 0.450805 0.674419 0.450805 0.672630 0.457961 0.665474 0.457961 0.663685
