0 0.333008 0.444336 0.332031 0.444336 0.331055 0.445312 0.328125 0.445312 0.327148 0.446289 0.324219 0.446289 0.323242 0.447266 0.322266 0.447266 0.321289 0.448242 0.320312 0.448242 0.319336 0.449219 0.318359 0.449219 0.317383 0.450195 0.316406 0.450195 0.315430 0.451172 0.314453 0.451172 0.313477 0.452148 0.312500 0.452148 0.311523 0.453125 0.310547 0.453125 0.309570 0.454102 0.308594 0.454102 0.307617 0.455078 0.307617 0.456055 0.308594 0.457031 0.308594 0.458008 0.309570 0.458984 0.309570 0.459961 0.310547 0.460938 0.310547 0.461914 0.311523 0.462891 0.311523 0.463867 0.312500 0.464844 0.312500 0.466797 0.313477 0.467773 0.313477 0.468750 0.314453 0.469727 0.314453 0.470703 0.315430 0.471680 0.315430 0.472656 0.318359 0.472656 0.319336 0.471680 0.321289 0.471680 0.322266 0.470703 0.324219 0.470703 0.325195 0.469727 0.327148 0.469727 0.328125 0.468750 0.329102 0.468750 0.330078 0.467773 0.331055 0.467773 0.332031 0.466797 0.333008 0.466797 0.334961 0.464844 0.335938 0.464844 0.336914 0.463867 0.337891 0.463867 0.338867 0.462891 0.339844 0.462891 0.340820 0.461914 0.341797 0.461914 0.340820 0.460938 0.340820 0.459961 0.339844 0.458984 0.339844 0.458008 0.338867 0.457031 0.338867 0.456055 0.337891 0.455078 0.337891 0.454102 0.336914 0.453125 0.336914 0.452148 0.335938 0.451172 0.335938 0.450195 0.334961 0.449219 0.334961 0.448242 0.333984 0.447266 0.333984 0.446289 0.333008 0.445312
1 0.311523 0.464844 0.310547 0.464844 0.309570 0.465820 0.308594 0.465820 0.307617 0.466797 0.306641 0.466797 0.306641 0.468750 0.307617 0.467773 0.308594 0.467773 0.309570 0.466797 0.310547 0.466797 0.311523 0.465820
0 0.635742 0.640625 0.631836 0.644531 0.630859 0.644531 0.620117 0.655273 0.620117 0.659180 0.621094 0.660156 0.621094 0.665039 0.627930 0.671875 0.628906 0.671875 0.634766 0.677734 0.635742 0.677734 0.637695 0.679688 0.640625 0.676758 0.641602 0.676758 0.652344 0.666016 0.653320 0.666016 0.653320 0.660156 0.652344 0.659180 0.652344 0.655273 0.646484 0.649414 0.645508 0.649414 0.638672 0.642578 0.637695 0.642578
1 0.625977 0.670898 0.625000 0.669922 0.624023 0.669922 0.617188 0.676758 0.618164 0.677734 0.619141 0.677734 0.624023 0.672852 0.625000 0.672852 0.625977 0.671875
0 0.477539 0.517578 0.477539 0.520508 0.477539 0.519531 0.478516 0.518555 0.479492 0.519531 0.479492 0.518555 0.478516 0.518555
0 0.479492 0.511719 0.478516 0.512695 0.478516 0.514648 0.479492 0.515625 0.480469 0.514648 0.480469 0.513672 0.479492 0.512695
0 0.492188 0.501953 0.491211 0.501953 0.490234 0.502930 0.489258 0.502930 0.488281 0.503906 0.489258 0.504883 0.488281 0.505859 0.488281 0.506836 0.487305 0.507812 0.486328 0.507812 0.485352 0.508789 0.484375 0.507812 0.483398 0.507812 0.482422 0.506836 0.483398 0.505859 0.482422 0.505859 0.481445 0.504883 0.479492 0.506836 0.480469 0.507812 0.479492 0.508789 0.480469 0.507812 0.481445 0.508789 0.482422 0.508789 0.483398 0.509766 0.486328 0.509766 0.488281 0.511719 0.488281 0.513672 0.489258 0.513672 0.489258 0.510742 0.490234 0.509766 0.490234 0.507812 0.489258 0.506836 0.489258 0.504883 0.490234 0.503906 0.491211 0.503906 0.492188 0.502930
0 0.458008 0.473633 0.457031 0.474609 0.455078 0.474609 0.454102 0.475586 0.452148 0.475586 0.451172 0.476562 0.449219 0.476562 0.448242 0.477539 0.446289 0.477539 0.445312 0.478516 0.443359 0.478516 0.442383 0.479492 0.440430 0.479492 0.439453 0.480469 0.437500 0.480469 0.436523 0.481445 0.435547 0.481445 0.434570 0.482422 0.433594 0.482422 0.433594 0.505859 0.437500 0.509766 0.438477 0.509766 0.447266 0.518555 0.448242 0.518555 0.449219 0.519531 0.451172 0.519531 0.452148 0.518555 0.454102 0.518555 0.455078 0.517578 0.457031 0.517578 0.458008 0.516602 0.458984 0.516602 0.459961 0.515625 0.461914 0.515625 0.462891 0.514648 0.464844 0.514648 0.465820 0.513672 0.466797 0.513672 0.467773 0.512695 0.469727 0.512695 0.470703 0.511719 0.472656 0.511719 0.473633 0.510742 0.473633 0.489258 0.474609 0.488281 0.474609 0.487305 0.473633 0.486328 0.472656 0.486328 0.467773 0.481445 0.466797 0.481445 0.461914 0.476562 0.460938 0.476562
1 0.501953 0.492188 0.500977 0.493164 0.500977 0.495117 0.501953 0.496094 0.500000 0.498047 0.500977 0.499023 0.500000 0.500000 0.500977 0.500977 0.500000 0.500000 0.500977 0.499023 0.500000 0.498047 0.501953 0.496094 0.501953 0.494141 0.500977 0.493164
1 0.482422 0.486328 0.481445 0.485352 0.480469 0.485352 0.479492 0.486328 0.477539 0.486328 0.476562 0.487305 0.475586 0.487305 0.475586 0.488281 0.474609 0.489258 0.474609 0.491211 0.475586 0.490234 0.477539 0.490234 0.478516 0.489258 0.480469 0.489258 0.481445 0.488281 0.482422 0.488281
0 0.662109 0.620117 0.663086 0.621094 0.664062 0.621094 0.665039 0.622070 0.666016 0.621094 0.665039 0.622070 0.664062 0.621094 0.663086 0.621094
0 0.488281 0.502930 0.486328 0.502930 0.485352 0.503906 0.481445 0.503906 0.480469 0.504883 0.481445 0.503906 0.482422 0.504883 0.483398 0.504883 0.484375 0.505859 0.483398 0.506836 0.484375 0.506836 0.485352 0.507812 0.486328 0.506836 0.487305 0.506836 0.487305 0.505859 0.488281 0.504883 0.487305 0.503906
0 0.479492 0.507812 0.480469 0.508789 0.479492 0.509766 0.479492 0.510742 0.478516 0.511719 0.479492 0.510742 0.480469 0.511719 0.480469 0.512695 0.481445 0.513672 0.481445 0.514648 0.479492 0.516602 0.478516 0.515625 0.477539 0.516602 0.478516 0.517578 0.479492 0.517578 0.480469 0.518555 0.480469 0.519531 0.479492 0.520508 0.478516 0.519531 0.478516 0.520508 0.477539 0.521484 0.476562 0.521484 0.476562 0.525391 0.475586 0.526367 0.475586 0.530273 0.474609 0.531250 0.475586 0.532227 0.476562 0.532227 0.477539 0.533203 0.479492 0.533203 0.480469 0.534180 0.481445 0.534180 0.482422 0.535156 0.484375 0.535156 0.485352 0.536133 0.486328 0.536133 0.487305 0.537109 0.488281 0.537109 0.489258 0.538086 0.491211 0.538086 0.492188 0.539062 0.493164 0.539062 0.494141 0.540039 0.495117 0.540039 0.496094 0.541016 0.497070 0.541016 0.498047 0.540039 0.503906 0.540039 0.504883 0.539062 0.510742 0.539062 0.511719 0.538086 0.515625 0.538086 0.515625 0.534180 0.516602 0.533203 0.516602 0.529297 0.517578 0.528320 0.517578 0.523438 0.518555 0.522461 0.518555 0.518555 0.519531 0.517578 0.519531 0.512695 0.520508 0.511719 0.520508 0.510742 0.519531 0.509766 0.517578 0.509766 0.516602 0.508789 0.515625 0.508789 0.514648 0.507812 0.513672 0.507812 0.512695 0.506836 0.511719 0.506836 0.510742 0.505859 0.509766 0.505859 0.508789 0.504883 0.506836 0.504883 0.505859 0.503906 0.504883 0.503906 0.503906 0.502930 0.502930 0.502930 0.501953 0.501953 0.500977 0.501953 0.500000 0.500977 0.497070 0.500977 0.496094 0.501953 0.493164 0.501953 0.493164 0.502930 0.492188 0.503906 0.491211 0.502930 0.492188 0.503906 0.491211 0.504883 0.490234 0.504883 0.490234 0.506836 0.491211 0.507812 0.491211 0.509766 0.490234 0.510742 0.490234 0.513672 0.489258 0.514648 0.488281 0.514648 0.487305 0.513672 0.487305 0.511719 0.486328 0.510742 0.483398 0.510742 0.482422 0.509766 0.481445 0.509766
1 0.666016 0.606445 0.666016 0.608398 0.666992 0.608398 0.667969 0.609375 0.668945 0.609375 0.669922 0.608398 0.668945 0.607422 0.667969 0.607422 0.666992 0.606445
1 0.504883 0.489258 0.501953 0.489258 0.501953 0.491211 0.502930 0.492188 0.501953 0.493164 0.502930 0.494141 0.502930 0.496094 0.501953 0.497070 0.500977 0.496094 0.501953 0.497070 0.500000 0.499023 0.502930 0.501953 0.502930 0.500000 0.503906 0.499023 0.503906 0.495117 0.504883 0.494141
0 0.670898 0.597656 0.669922 0.598633 0.669922 0.599609 0.668945 0.600586 0.668945 0.602539 0.667969 0.603516 0.667969 0.604492 0.666992 0.605469 0.667969 0.606445 0.668945 0.606445 0.670898 0.608398 0.668945 0.610352 0.667969 0.610352 0.666992 0.609375 0.665039 0.609375 0.665039 0.611328 0.664062 0.612305 0.664062 0.613281 0.663086 0.614258 0.663086 0.615234 0.662109 0.616211 0.662109 0.617188 0.661133 0.618164 0.661133 0.620117 0.662109 0.619141 0.663086 0.620117 0.664062 0.620117 0.666992 0.623047 0.667969 0.623047 0.668945 0.624023 0.669922 0.624023 0.670898 0.625000 0.671875 0.625000 0.672852 0.625977 0.673828 0.625977 0.674805 0.626953 0.675781 0.626953 0.676758 0.627930 0.677734 0.627930 0.678711 0.628906 0.679688 0.628906 0.680664 0.629883 0.682617 0.629883 0.683594 0.630859 0.691406 0.630859 0.691406 0.629883 0.692383 0.628906 0.692383 0.626953 0.693359 0.625977 0.693359 0.625000 0.694336 0.624023 0.694336 0.623047 0.695312 0.622070 0.695312 0.620117 0.696289 0.619141 0.696289 0.618164 0.697266 0.617188 0.697266 0.616211 0.698242 0.615234 0.698242 0.613281 0.699219 0.612305 0.699219 0.611328 0.700195 0.610352 0.700195 0.608398 0.699219 0.608398 0.698242 0.607422 0.697266 0.607422 0.696289 0.606445 0.695312 0.606445 0.694336 0.605469 0.693359 0.605469 0.692383 0.604492 0.691406 0.604492 0.690430 0.603516 0.689453 0.603516 0.688477 0.602539 0.687500 0.602539 0.686523 0.601562 0.685547 0.601562 0.684570 0.600586 0.683594 0.600586 0.682617 0.599609 0.681641 0.599609 0.680664 0.598633 0.679688 0.598633 0.678711 0.597656
1 0.655273 0.600586 0.655273 0.601562 0.654297 0.602539 0.655273 0.602539 0.656250 0.603516 0.657227 0.603516 0.658203 0.604492 0.659180 0.604492 0.660156 0.605469 0.661133 0.605469 0.662109 0.606445 0.663086 0.606445 0.664062 0.607422 0.665039 0.607422 0.665039 0.605469 0.664062 0.604492 0.663086 0.604492 0.662109 0.603516 0.661133 0.603516 0.660156 0.602539 0.659180 0.602539 0.658203 0.601562 0.657227 0.601562 0.656250 0.600586
1 0.284180 0.385742 0.285156 0.384766 0.287109 0.386719 0.288086 0.385742 0.288086 0.384766 0.287109 0.384766 0.286133 0.385742 0.285156 0.384766
0 0.280273 0.342773 0.279297 0.343750 0.279297 0.345703 0.278320 0.346680 0.278320 0.348633 0.277344 0.349609 0.277344 0.351562 0.276367 0.352539 0.276367 0.354492 0.275391 0.355469 0.275391 0.357422 0.274414 0.358398 0.274414 0.359375 0.273438 0.360352 0.273438 0.362305 0.272461 0.363281 0.272461 0.364258 0.286133 0.377930 0.286133 0.376953 0.287109 0.375977 0.287109 0.374023 0.288086 0.373047 0.288086 0.371094 0.289062 0.370117 0.291016 0.370117 0.292969 0.372070 0.292969 0.374023 0.291992 0.375000 0.291992 0.376953 0.291016 0.377930 0.291016 0.378906 0.299805 0.378906 0.300781 0.377930 0.309570 0.377930 0.309570 0.375977 0.310547 0.375000 0.310547 0.373047 0.311523 0.372070 0.311523 0.369141 0.312500 0.368164 0.312500 0.366211 0.313477 0.365234 0.313477 0.363281 0.314453 0.362305 0.314453 0.360352 0.315430 0.359375 0.315430 0.357422 0.316406 0.356445 0.316406 0.355469 0.301758 0.340820 0.292969 0.340820 0.291992 0.341797 0.283203 0.341797 0.282227 0.342773
1 0.291016 0.371094 0.290039 0.372070 0.289062 0.371094 0.290039 0.372070 0.288086 0.374023 0.288086 0.375977 0.287109 0.376953 0.287109 0.378906 0.286133 0.379883 0.286133 0.382812 0.285156 0.383789 0.286133 0.384766 0.285156 0.385742 0.285156 0.386719 0.286133 0.386719 0.287109 0.385742 0.286133 0.384766 0.287109 0.383789 0.288086 0.383789 0.289062 0.382812 0.289062 0.380859 0.290039 0.379883 0.290039 0.377930 0.291016 0.376953 0.291016 0.375000 0.291992 0.374023 0.291992 0.372070
