0 0.304688 0.711914 0.305664 0.712891 0.305664 0.714844 0.306641 0.715820 0.306641 0.717773 0.307617 0.718750 0.307617 0.720703 0.308594 0.721680 0.314453 0.721680 0.315430 0.720703 0.323242 0.720703 0.324219 0.719727 0.323242 0.719727 0.320312 0.716797 0.319336 0.716797 0.317383 0.714844 0.316406 0.714844 0.314453 0.712891 0.313477 0.712891 0.311523 0.710938 0.310547 0.710938 0.307617 0.708008 0.306641 0.708984 0.306641 0.709961
0 0.325195 0.680664 0.324219 0.681641 0.322266 0.681641 0.321289 0.682617 0.321289 0.683594 0.320312 0.684570 0.320312 0.685547 0.318359 0.687500 0.318359 0.688477 0.317383 0.689453 0.317383 0.690430 0.316406 0.691406 0.316406 0.692383 0.315430 0.693359 0.315430 0.694336 0.313477 0.696289 0.313477 0.697266 0.312500 0.698242 0.312500 0.699219 0.311523 0.700195 0.311523 0.701172 0.310547 0.702148 0.311523 0.703125 0.312500 0.703125 0.314453 0.705078 0.315430 0.705078 0.317383 0.707031 0.318359 0.707031 0.320312 0.708984 0.321289 0.708984 0.324219 0.711914 0.325195 0.711914 0.327148 0.713867 0.328125 0.713867 0.330078 0.715820 0.329102 0.716797 0.329102 0.717773 0.327148 0.719727 0.333008 0.719727 0.333984 0.718750 0.335938 0.718750 0.335938 0.711914 0.336914 0.710938 0.336914 0.701172 0.337891 0.700195 0.337891 0.694336 0.336914 0.693359 0.336914 0.691406 0.335938 0.690430 0.335938 0.689453 0.334961 0.688477 0.334961 0.686523 0.333984 0.685547 0.333984 0.684570 0.333008 0.683594 0.333008 0.681641 0.332031 0.680664
1 0.320312 0.721680 0.317383 0.721680 0.317383 0.729492 0.318359 0.729492 0.319336 0.728516 0.319336 0.723633 0.320312 0.722656
0 0.727539 0.415039 0.726562 0.416016 0.725586 0.416016 0.724609 0.416992 0.723633 0.416992 0.722656 0.417969 0.721680 0.417969 0.719727 0.419922 0.718750 0.419922 0.717773 0.420898 0.716797 0.420898 0.715820 0.421875 0.714844 0.421875 0.713867 0.422852 0.712891 0.422852 0.711914 0.423828 0.710938 0.423828 0.709961 0.424805 0.709961 0.425781 0.710938 0.426758 0.710938 0.430664 0.711914 0.431641 0.711914 0.436523 0.712891 0.437500 0.712891 0.441406 0.713867 0.442383 0.713867 0.447266 0.714844 0.448242 0.714844 0.449219 0.718750 0.449219 0.719727 0.450195 0.725586 0.450195 0.726562 0.451172 0.731445 0.451172 0.732422 0.452148 0.735352 0.452148 0.736328 0.451172 0.737305 0.451172 0.738281 0.450195 0.739258 0.450195 0.741211 0.448242 0.742188 0.448242 0.743164 0.447266 0.744141 0.447266 0.745117 0.446289 0.746094 0.446289 0.747070 0.445312 0.748047 0.445312 0.749023 0.444336 0.750000 0.444336 0.751953 0.442383 0.752930 0.442383 0.752930 0.439453 0.751953 0.438477 0.751953 0.433594 0.750977 0.432617 0.750977 0.427734 0.750000 0.426758 0.750000 0.421875 0.749023 0.420898 0.749023 0.416992 0.742188 0.416992 0.741211 0.416016 0.732422 0.416016 0.731445 0.415039
1 0.597656 0.507812 0.597656 0.508789 0.598633 0.509766 0.598633 0.507812
1 0.736328 0.452148 0.735352 0.453125 0.733398 0.453125 0.733398 0.456055 0.734375 0.457031 0.734375 0.460938 0.735352 0.461914 0.735352 0.462891 0.737305 0.462891 0.738281 0.461914 0.737305 0.460938 0.737305 0.456055 0.736328 0.455078
0 0.610352 0.510742 0.609375 0.511719 0.607422 0.511719 0.606445 0.512695 0.604492 0.512695 0.603516 0.513672 0.602539 0.513672 0.601562 0.514648 0.599609 0.514648 0.598633 0.515625 0.597656 0.515625 0.596680 0.516602 0.594727 0.516602 0.593750 0.517578 0.592773 0.517578 0.591797 0.518555 0.589844 0.518555 0.588867 0.519531 0.586914 0.519531 0.585938 0.520508 0.584961 0.520508 0.583984 0.521484 0.582031 0.521484 0.581055 0.522461 0.580078 0.522461 0.579102 0.523438 0.577148 0.523438 0.576172 0.524414 0.575195 0.524414 0.574219 0.525391 0.573242 0.525391 0.573242 0.526367 0.574219 0.527344 0.574219 0.531250 0.575195 0.532227 0.575195 0.536133 0.576172 0.537109 0.576172 0.541016 0.577148 0.541992 0.577148 0.545898 0.578125 0.546875 0.578125 0.550781 0.579102 0.551758 0.579102 0.554688 0.580078 0.555664 0.580078 0.559570 0.581055 0.560547 0.581055 0.561523 0.584961 0.565430 0.585938 0.565430 0.591797 0.571289 0.592773 0.571289 0.596680 0.575195 0.599609 0.575195 0.600586 0.574219 0.602539 0.574219 0.603516 0.573242 0.605469 0.573242 0.606445 0.572266 0.607422 0.572266 0.608398 0.571289 0.610352 0.571289 0.611328 0.570312 0.613281 0.570312 0.614258 0.569336 0.616211 0.569336 0.617188 0.568359 0.618164 0.568359 0.619141 0.567383 0.621094 0.567383 0.622070 0.566406 0.624023 0.566406 0.625000 0.565430 0.626953 0.565430 0.627930 0.564453 0.629883 0.564453 0.630859 0.563477 0.631836 0.563477 0.632812 0.562500 0.634766 0.562500 0.634766 0.560547 0.633789 0.559570 0.633789 0.556641 0.632812 0.555664 0.632812 0.552734 0.631836 0.551758 0.631836 0.548828 0.630859 0.547852 0.630859 0.544922 0.629883 0.543945 0.629883 0.541016 0.628906 0.540039 0.628906 0.536133 0.627930 0.535156 0.627930 0.532227 0.626953 0.531250 0.626953 0.528320 0.625977 0.527344 0.625977 0.526367 0.615234 0.515625 0.614258 0.515625 0.613281 0.514648 0.613281 0.513672
1 0.594727 0.501953 0.593750 0.502930 0.592773 0.502930 0.592773 0.504883 0.593750 0.505859 0.593750 0.508789 0.594727 0.509766 0.594727 0.513672 0.595703 0.514648 0.595703 0.515625 0.596680 0.515625 0.597656 0.514648 0.598633 0.514648 0.599609 0.513672 0.597656 0.511719 0.598633 0.510742 0.596680 0.508789 0.596680 0.507812 0.597656 0.506836 0.597656 0.503906 0.596680 0.502930 0.596680 0.501953
1 0.639648 0.490234 0.639648 0.491211 0.640625 0.491211 0.640625 0.490234
1 0.628906 0.483398 0.628906 0.484375 0.629883 0.483398 0.630859 0.483398 0.631836 0.484375 0.630859 0.485352 0.633789 0.488281 0.635742 0.486328 0.633789 0.484375 0.632812 0.484375 0.631836 0.483398
0 0.656250 0.466797 0.655273 0.467773 0.655273 0.468750 0.652344 0.471680 0.652344 0.472656 0.649414 0.475586 0.649414 0.476562 0.646484 0.479492 0.646484 0.480469 0.643555 0.483398 0.643555 0.484375 0.641602 0.486328 0.642578 0.486328 0.643555 0.487305 0.643555 0.488281 0.641602 0.490234 0.641602 0.491211 0.640625 0.492188 0.637695 0.492188 0.635742 0.494141 0.635742 0.496094 0.634766 0.497070 0.634766 0.498047 0.633789 0.499023 0.633789 0.500000 0.632812 0.500977 0.632812 0.501953 0.631836 0.502930 0.631836 0.503906 0.630859 0.504883 0.630859 0.505859 0.629883 0.506836 0.629883 0.507812 0.628906 0.508789 0.628906 0.510742 0.627930 0.511719 0.627930 0.512695 0.626953 0.513672 0.628906 0.515625 0.629883 0.515625 0.631836 0.517578 0.632812 0.517578 0.634766 0.519531 0.635742 0.519531 0.637695 0.521484 0.638672 0.521484 0.639648 0.522461 0.640625 0.522461 0.642578 0.524414 0.643555 0.524414 0.645508 0.526367 0.646484 0.526367 0.648438 0.528320 0.649414 0.528320 0.650391 0.529297 0.651367 0.529297 0.653320 0.531250 0.654297 0.531250 0.656250 0.533203 0.657227 0.533203 0.659180 0.535156 0.660156 0.535156 0.661133 0.536133 0.664062 0.533203 0.664062 0.532227 0.667969 0.528320 0.667969 0.527344 0.671875 0.523438 0.671875 0.522461 0.675781 0.518555 0.675781 0.517578 0.679688 0.513672 0.679688 0.512695 0.682617 0.509766 0.682617 0.508789 0.683594 0.507812 0.683594 0.506836 0.684570 0.505859 0.684570 0.503906 0.685547 0.502930 0.685547 0.500977 0.686523 0.500000 0.686523 0.499023 0.687500 0.498047 0.687500 0.496094 0.688477 0.495117 0.688477 0.493164 0.689453 0.492188 0.689453 0.491211 0.690430 0.490234 0.690430 0.487305 0.689453 0.487305 0.688477 0.486328 0.687500 0.486328 0.685547 0.484375 0.684570 0.484375 0.682617 0.482422 0.681641 0.482422 0.680664 0.481445 0.679688 0.481445 0.677734 0.479492 0.676758 0.479492 0.674805 0.477539 0.673828 0.477539 0.671875 0.475586 0.670898 0.475586 0.669922 0.474609 0.668945 0.474609 0.666992 0.472656 0.666016 0.472656 0.664062 0.470703 0.663086 0.470703 0.661133 0.468750 0.660156 0.468750 0.659180 0.467773 0.658203 0.467773 0.657227 0.466797
1 0.629883 0.484375 0.629883 0.485352 0.630859 0.486328 0.629883 0.485352 0.630859 0.484375
1 0.617188 0.476562 0.617188 0.477539 0.618164 0.478516 0.619141 0.478516 0.620117 0.479492 0.621094 0.479492 0.623047 0.481445 0.624023 0.481445 0.625977 0.483398 0.626953 0.483398 0.627930 0.484375 0.627930 0.483398 0.628906 0.482422 0.631836 0.482422 0.632812 0.483398 0.633789 0.483398 0.636719 0.486328 0.634766 0.488281 0.636719 0.490234 0.637695 0.490234 0.638672 0.491211 0.638672 0.490234 0.639648 0.489258 0.641602 0.489258 0.642578 0.488281 0.642578 0.487305 0.641602 0.487305 0.640625 0.486328 0.639648 0.486328 0.637695 0.484375 0.636719 0.484375 0.634766 0.482422 0.633789 0.482422 0.631836 0.480469 0.630859 0.480469 0.629883 0.479492 0.628906 0.479492 0.626953 0.477539 0.625977 0.477539 0.624023 0.475586 0.623047 0.475586 0.621094 0.473633 0.619141 0.473633 0.619141 0.474609
1 0.734375 0.364258 0.733398 0.365234 0.734375 0.366211 0.735352 0.365234
0 0.750977 0.331055 0.750000 0.331055 0.748047 0.333008 0.747070 0.333008 0.744141 0.335938 0.743164 0.335938 0.741211 0.337891 0.740234 0.337891 0.738281 0.339844 0.737305 0.339844 0.735352 0.341797 0.734375 0.341797 0.725586 0.350586 0.724609 0.350586 0.716797 0.358398 0.716797 0.360352 0.722656 0.366211 0.722656 0.367188 0.725586 0.370117 0.732422 0.363281 0.734375 0.363281 0.736328 0.365234 0.728516 0.373047 0.728516 0.374023 0.732422 0.377930 0.732422 0.378906 0.734375 0.380859 0.736328 0.380859 0.738281 0.378906 0.739258 0.378906 0.740234 0.377930 0.741211 0.377930 0.743164 0.375977 0.744141 0.375977 0.745117 0.375000 0.746094 0.375000 0.748047 0.373047 0.749023 0.373047 0.750000 0.372070 0.750977 0.372070 0.762695 0.360352 0.763672 0.360352 0.769531 0.354492 0.769531 0.353516 0.765625 0.349609 0.765625 0.348633 0.760742 0.343750 0.760742 0.342773 0.755859 0.337891 0.755859 0.336914 0.750977 0.332031
1 0.325195 0.716797 0.326172 0.717773 0.325195 0.718750 0.325195 0.719727 0.326172 0.719727 0.326172 0.718750 0.327148 0.717773 0.326172 0.716797
1 0.311523 0.704102 0.311523 0.705078 0.312500 0.706055 0.313477 0.705078 0.312500 0.704102
1 0.306641 0.701172 0.307617 0.702148 0.307617 0.703125 0.308594 0.703125 0.308594 0.702148 0.307617 0.701172
1 0.734375 0.365234 0.733398 0.364258 0.732422 0.364258 0.730469 0.366211 0.731445 0.367188 0.730469 0.368164 0.728516 0.368164 0.720703 0.375977 0.721680 0.376953 0.723633 0.376953 0.731445 0.369141 0.731445 0.368164 0.732422 0.367188 0.733398 0.367188 0.733398 0.366211
0 0.290039 0.656250 0.289062 0.656250 0.288086 0.657227 0.287109 0.657227 0.285156 0.659180 0.284180 0.659180 0.283203 0.660156 0.282227 0.660156 0.280273 0.662109 0.279297 0.662109 0.277344 0.664062 0.276367 0.664062 0.275391 0.665039 0.274414 0.665039 0.272461 0.666992 0.271484 0.666992 0.268555 0.669922 0.268555 0.670898 0.267578 0.671875 0.267578 0.672852 0.266602 0.673828 0.266602 0.674805 0.265625 0.675781 0.265625 0.676758 0.263672 0.678711 0.263672 0.679688 0.262695 0.680664 0.262695 0.681641 0.261719 0.682617 0.261719 0.683594 0.260742 0.684570 0.260742 0.685547 0.259766 0.686523 0.259766 0.687500 0.257812 0.689453 0.257812 0.690430 0.256836 0.691406 0.256836 0.692383 0.255859 0.693359 0.255859 0.694336 0.254883 0.695312 0.254883 0.696289 0.253906 0.697266 0.253906 0.698242 0.252930 0.699219 0.252930 0.700195 0.250977 0.702148 0.252930 0.704102 0.253906 0.704102 0.255859 0.706055 0.256836 0.706055 0.259766 0.708984 0.260742 0.708984 0.262695 0.710938 0.263672 0.710938 0.265625 0.712891 0.266602 0.712891 0.269531 0.715820 0.270508 0.715820 0.272461 0.717773 0.273438 0.717773 0.275391 0.719727 0.276367 0.719727 0.279297 0.722656 0.280273 0.722656 0.282227 0.724609 0.283203 0.724609 0.285156 0.726562 0.287109 0.724609 0.288086 0.724609 0.291992 0.720703 0.292969 0.720703 0.295898 0.717773 0.296875 0.717773 0.300781 0.713867 0.301758 0.713867 0.305664 0.709961 0.305664 0.708984 0.306641 0.708008 0.304688 0.706055 0.303711 0.706055 0.302734 0.705078 0.302734 0.703125 0.306641 0.699219 0.308594 0.701172 0.310547 0.701172 0.310547 0.700195 0.311523 0.699219 0.311523 0.698242 0.312500 0.697266 0.312500 0.696289 0.314453 0.694336 0.314453 0.693359 0.315430 0.692383 0.315430 0.691406 0.316406 0.690430 0.316406 0.689453 0.317383 0.688477 0.317383 0.687500 0.319336 0.685547 0.319336 0.684570 0.320312 0.683594 0.320312 0.682617 0.321289 0.681641 0.321289 0.680664 0.322266 0.679688 0.322266 0.677734 0.321289 0.677734 0.319336 0.675781 0.318359 0.675781 0.316406 0.673828 0.315430 0.673828 0.313477 0.671875 0.312500 0.671875 0.310547 0.669922 0.309570 0.669922 0.307617 0.667969 0.306641 0.667969 0.304688 0.666016 0.303711 0.666016 0.300781 0.663086 0.299805 0.663086 0.297852 0.661133 0.296875 0.661133 0.294922 0.659180 0.293945 0.659180 0.291992 0.657227 0.291016 0.657227
1 0.303711 0.703125 0.303711 0.705078 0.304688 0.705078 0.306641 0.707031 0.307617 0.707031 0.310547 0.709961 0.311523 0.709961 0.313477 0.711914 0.314453 0.711914 0.316406 0.713867 0.317383 0.713867 0.319336 0.715820 0.320312 0.715820 0.323242 0.718750 0.324219 0.718750 0.325195 0.717773 0.324219 0.716797 0.325195 0.715820 0.326172 0.715820 0.328125 0.717773 0.327148 0.718750 0.328125 0.717773 0.328125 0.716797 0.329102 0.715820 0.328125 0.714844 0.327148 0.714844 0.325195 0.712891 0.324219 0.712891 0.321289 0.709961 0.320312 0.709961 0.318359 0.708008 0.317383 0.708008 0.315430 0.706055 0.313477 0.706055 0.312500 0.707031 0.310547 0.705078 0.310547 0.703125 0.309570 0.702148 0.309570 0.703125 0.308594 0.704102 0.307617 0.704102 0.306641 0.703125 0.306641 0.702148 0.305664 0.701172 0.306641 0.700195
