0 0.666016 0.619141 0.666016 0.620117 0.665039 0.621094 0.665039 0.622070 0.664062 0.623047 0.664062 0.624023 0.663086 0.625000 0.663086 0.626953 0.662109 0.627930 0.662109 0.628906 0.661133 0.629883 0.661133 0.630859 0.660156 0.631836 0.660156 0.633789 0.659180 0.634766 0.659180 0.635742 0.658203 0.636719 0.658203 0.637695 0.657227 0.638672 0.657227 0.639648 0.659180 0.641602 0.660156 0.641602 0.662109 0.643555 0.663086 0.643555 0.666016 0.646484 0.666992 0.646484 0.668945 0.648438 0.670898 0.648438 0.671875 0.649414 0.673828 0.649414 0.674805 0.650391 0.676758 0.650391 0.677734 0.651367 0.679688 0.651367 0.680664 0.652344 0.682617 0.652344 0.683594 0.653320 0.685547 0.653320 0.686523 0.654297 0.686523 0.653320 0.687500 0.652344 0.687500 0.651367 0.688477 0.650391 0.688477 0.649414 0.689453 0.648438 0.689453 0.646484 0.690430 0.645508 0.690430 0.644531 0.691406 0.643555 0.691406 0.642578 0.692383 0.641602 0.692383 0.640625 0.693359 0.639648 0.693359 0.637695 0.694336 0.636719 0.694336 0.635742 0.695312 0.634766 0.695312 0.632812 0.694336 0.632812 0.692383 0.630859 0.691406 0.630859 0.690430 0.629883 0.689453 0.629883 0.687500 0.627930 0.686523 0.627930 0.684570 0.625977 0.683594 0.625977 0.682617 0.625000 0.680664 0.625000 0.679688 0.624023 0.677734 0.624023 0.676758 0.623047 0.674805 0.623047 0.673828 0.622070 0.671875 0.622070 0.670898 0.621094 0.669922 0.621094 0.668945 0.620117 0.666992 0.620117
1 0.692383 0.642578 0.693359 0.643555 0.695312 0.643555 0.696289 0.644531 0.697266 0.643555 0.697266 0.642578 0.695312 0.642578 0.694336 0.641602 0.693359 0.641602
0 0.373047 0.454102 0.373047 0.457031 0.372070 0.458008 0.372070 0.463867 0.371094 0.464844 0.371094 0.470703 0.370117 0.471680 0.373047 0.471680 0.374023 0.472656 0.378906 0.472656 0.379883 0.473633 0.385742 0.473633 0.386719 0.474609 0.395508 0.474609 0.396484 0.475586 0.396484 0.470703 0.397461 0.469727 0.397461 0.463867 0.398438 0.462891 0.398438 0.457031 0.395508 0.457031 0.394531 0.456055 0.390625 0.456055 0.389648 0.455078 0.384766 0.455078 0.383789 0.454102
1 0.398438 0.466797 0.398438 0.467773 0.402344 0.467773 0.402344 0.466797
0 0.530273 0.303711 0.529297 0.303711 0.527344 0.305664 0.526367 0.305664 0.525391 0.306641 0.524414 0.306641 0.522461 0.308594 0.521484 0.308594 0.520508 0.309570 0.519531 0.309570 0.517578 0.311523 0.516602 0.311523 0.515625 0.312500 0.514648 0.312500 0.512695 0.314453 0.511719 0.314453 0.510742 0.315430 0.510742 0.321289 0.511719 0.322266 0.511719 0.327148 0.512695 0.328125 0.512695 0.329102 0.513672 0.330078 0.514648 0.329102 0.515625 0.329102 0.516602 0.328125 0.517578 0.329102 0.517578 0.330078 0.518555 0.331055 0.516602 0.333008 0.515625 0.333008 0.518555 0.335938 0.518555 0.336914 0.521484 0.339844 0.521484 0.340820 0.523438 0.342773 0.523438 0.343750 0.524414 0.344727 0.526367 0.342773 0.527344 0.342773 0.528320 0.341797 0.529297 0.341797 0.531250 0.339844 0.532227 0.339844 0.533203 0.338867 0.534180 0.338867 0.536133 0.336914 0.537109 0.336914 0.538086 0.335938 0.539062 0.335938 0.541016 0.333984 0.541992 0.333984 0.542969 0.333008 0.543945 0.333008 0.543945 0.330078 0.542969 0.329102 0.542969 0.320312 0.540039 0.317383 0.540039 0.316406 0.537109 0.313477 0.537109 0.312500 0.534180 0.309570 0.534180 0.308594 0.531250 0.305664 0.531250 0.304688
1 0.516602 0.329102 0.515625 0.330078 0.514648 0.330078 0.513672 0.331055 0.512695 0.331055 0.511719 0.332031 0.510742 0.332031 0.508789 0.333984 0.507812 0.333984 0.506836 0.334961 0.505859 0.334961 0.503906 0.336914 0.502930 0.336914 0.503906 0.337891 0.503906 0.338867 0.504883 0.338867 0.505859 0.337891 0.506836 0.337891 0.507812 0.336914 0.508789 0.336914 0.510742 0.334961 0.511719 0.334961 0.512695 0.333984 0.513672 0.333984 0.515625 0.332031 0.516602 0.332031 0.517578 0.331055 0.516602 0.330078
0 0.497070 0.295898 0.495117 0.297852 0.494141 0.297852 0.490234 0.301758 0.489258 0.301758 0.485352 0.305664 0.484375 0.305664 0.481445 0.308594 0.480469 0.308594 0.480469 0.309570 0.477539 0.312500 0.477539 0.313477 0.474609 0.316406 0.474609 0.317383 0.479492 0.322266 0.479492 0.323242 0.484375 0.328125 0.484375 0.329102 0.489258 0.333984 0.489258 0.334961 0.492188 0.332031 0.493164 0.332031 0.496094 0.329102 0.497070 0.329102 0.500000 0.326172 0.500977 0.326172 0.503906 0.323242 0.504883 0.323242 0.506836 0.321289 0.506836 0.320312 0.508789 0.318359 0.508789 0.317383 0.509766 0.316406 0.509766 0.315430 0.511719 0.313477 0.508789 0.310547 0.508789 0.309570 0.504883 0.305664 0.504883 0.304688 0.500000 0.299805 0.500000 0.298828
1 0.490234 0.319336 0.489258 0.319336 0.487305 0.321289 0.487305 0.322266 0.485352 0.324219 0.485352 0.326172 0.486328 0.326172 0.489258 0.323242 0.489258 0.322266 0.491211 0.320312
0 0.333008 0.409180 0.333008 0.411133 0.333984 0.412109 0.333984 0.415039 0.334961 0.416016 0.334961 0.419922 0.335938 0.420898 0.335938 0.424805 0.336914 0.425781 0.336914 0.427734 0.337891 0.428711 0.352539 0.428711 0.353516 0.427734 0.355469 0.427734 0.356445 0.426758 0.357422 0.426758 0.358398 0.425781 0.359375 0.425781 0.360352 0.424805 0.361328 0.424805 0.362305 0.423828 0.363281 0.423828 0.364258 0.422852 0.364258 0.419922 0.363281 0.418945 0.363281 0.417969 0.356445 0.417969 0.355469 0.416992 0.355469 0.416016 0.356445 0.415039 0.363281 0.415039 0.362305 0.414062 0.362305 0.409180 0.361328 0.408203 0.361328 0.404297 0.343750 0.404297 0.342773 0.405273 0.341797 0.405273 0.340820 0.406250 0.339844 0.406250 0.338867 0.407227 0.336914 0.407227 0.335938 0.408203 0.334961 0.408203 0.333984 0.409180
1 0.356445 0.416016 0.356445 0.416992 0.366211 0.416992 0.367188 0.416016 0.368164 0.416992 0.367188 0.416016
0 0.679688 0.385742 0.679688 0.386719 0.677734 0.388672 0.677734 0.389648 0.675781 0.391602 0.675781 0.392578 0.672852 0.395508 0.672852 0.396484 0.670898 0.398438 0.670898 0.399414 0.668945 0.401367 0.668945 0.402344 0.666992 0.404297 0.666992 0.405273 0.666016 0.406250 0.666016 0.409180 0.665039 0.410156 0.665039 0.414062 0.664062 0.415039 0.664062 0.417969 0.663086 0.418945 0.663086 0.419922 0.664062 0.419922 0.665039 0.420898 0.666016 0.420898 0.666992 0.421875 0.667969 0.421875 0.668945 0.422852 0.669922 0.422852 0.670898 0.423828 0.671875 0.423828 0.672852 0.424805 0.673828 0.424805 0.674805 0.425781 0.675781 0.425781 0.676758 0.426758 0.677734 0.426758 0.678711 0.427734 0.679688 0.427734 0.681641 0.429688 0.682617 0.429688 0.683594 0.430664 0.684570 0.430664 0.685547 0.431641 0.686523 0.431641 0.689453 0.428711 0.689453 0.427734 0.692383 0.424805 0.692383 0.423828 0.695312 0.420898 0.695312 0.419922 0.697266 0.417969 0.697266 0.416992 0.700195 0.414062 0.700195 0.413086 0.701172 0.412109 0.701172 0.408203 0.702148 0.407227 0.702148 0.402344 0.703125 0.401367 0.703125 0.398438 0.702148 0.397461 0.701172 0.397461 0.700195 0.396484 0.699219 0.396484 0.698242 0.395508 0.697266 0.395508 0.696289 0.394531 0.695312 0.394531 0.694336 0.393555 0.693359 0.393555 0.692383 0.392578 0.691406 0.392578 0.690430 0.391602 0.689453 0.391602 0.688477 0.390625 0.687500 0.390625 0.685547 0.388672 0.684570 0.388672 0.683594 0.387695 0.682617 0.387695 0.681641 0.386719 0.680664 0.386719
