0 0.460938 0.262695 0.458984 0.262695 0.458008 0.263672 0.453125 0.263672 0.452148 0.264648 0.448242 0.264648 0.447266 0.265625 0.443359 0.265625 0.442383 0.266602 0.438477 0.266602 0.437500 0.267578 0.433594 0.267578 0.432617 0.268555 0.428711 0.268555 0.427734 0.269531 0.424805 0.269531 0.424805 0.290039 0.423828 0.291016 0.423828 0.294922 0.424805 0.295898 0.424805 0.297852 0.425781 0.298828 0.425781 0.299805 0.426758 0.300781 0.426758 0.302734 0.427734 0.303711 0.427734 0.305664 0.428711 0.306641 0.428711 0.307617 0.429688 0.308594 0.429688 0.310547 0.430664 0.311523 0.430664 0.312500 0.431641 0.313477 0.431641 0.315430 0.432617 0.316406 0.432617 0.318359 0.433594 0.319336 0.433594 0.320312 0.434570 0.321289 0.434570 0.322266 0.438477 0.322266 0.439453 0.321289 0.443359 0.321289 0.444336 0.320312 0.449219 0.320312 0.450195 0.319336 0.454102 0.319336 0.455078 0.318359 0.458984 0.318359 0.459961 0.317383 0.464844 0.317383 0.465820 0.316406 0.469727 0.316406 0.470703 0.315430 0.470703 0.311523 0.469727 0.310547 0.469727 0.289062 0.468750 0.288086 0.468750 0.286133 0.467773 0.285156 0.467773 0.283203 0.466797 0.282227 0.466797 0.280273 0.465820 0.279297 0.465820 0.277344 0.464844 0.276367 0.464844 0.274414 0.463867 0.273438 0.463867 0.271484 0.462891 0.270508 0.462891 0.268555 0.461914 0.267578 0.461914 0.265625 0.460938 0.264648
0 0.542969 0.268555 0.541016 0.268555 0.540039 0.269531 0.537109 0.269531 0.536133 0.270508 0.534180 0.270508 0.533203 0.271484 0.530273 0.271484 0.529297 0.272461 0.527344 0.272461 0.526367 0.273438 0.525391 0.273438 0.525391 0.274414 0.526367 0.275391 0.526367 0.276367 0.524414 0.278320 0.522461 0.278320 0.521484 0.277344 0.521484 0.276367 0.520508 0.275391 0.519531 0.275391 0.514648 0.280273 0.513672 0.280273 0.509766 0.284180 0.508789 0.284180 0.506836 0.286133 0.506836 0.288086 0.507812 0.289062 0.507812 0.291016 0.508789 0.291992 0.508789 0.292969 0.509766 0.293945 0.509766 0.294922 0.510742 0.295898 0.510742 0.296875 0.511719 0.297852 0.511719 0.298828 0.512695 0.299805 0.512695 0.300781 0.513672 0.301758 0.513672 0.302734 0.514648 0.303711 0.514648 0.305664 0.515625 0.306641 0.515625 0.307617 0.516602 0.308594 0.516602 0.309570 0.517578 0.310547 0.517578 0.311523 0.518555 0.312500 0.519531 0.311523 0.522461 0.311523 0.523438 0.310547 0.526367 0.310547 0.527344 0.309570 0.530273 0.309570 0.531250 0.308594 0.535156 0.308594 0.536133 0.307617 0.539062 0.307617 0.543945 0.302734 0.544922 0.302734 0.551758 0.295898 0.552734 0.295898 0.553711 0.294922 0.553711 0.292969 0.552734 0.291992 0.552734 0.291016 0.551758 0.290039 0.551758 0.288086 0.550781 0.287109 0.550781 0.286133 0.549805 0.285156 0.549805 0.284180 0.548828 0.283203 0.548828 0.281250 0.547852 0.280273 0.547852 0.279297 0.546875 0.278320 0.546875 0.277344 0.545898 0.276367 0.545898 0.275391 0.544922 0.274414 0.544922 0.272461 0.543945 0.271484 0.543945 0.270508 0.542969 0.269531
1 0.516602 0.258789 0.514648 0.260742 0.515625 0.261719 0.515625 0.262695 0.516602 0.263672 0.516602 0.264648 0.517578 0.265625 0.517578 0.266602 0.518555 0.267578 0.518555 0.269531 0.519531 0.270508 0.519531 0.271484 0.520508 0.272461 0.520508 0.273438 0.521484 0.274414 0.521484 0.275391 0.522461 0.276367 0.522461 0.277344 0.524414 0.277344 0.525391 0.276367 0.525391 0.275391 0.524414 0.274414 0.524414 0.272461 0.523438 0.271484 0.523438 0.270508 0.522461 0.269531 0.522461 0.268555 0.521484 0.267578 0.521484 0.266602 0.520508 0.265625 0.520508 0.264648 0.519531 0.263672 0.519531 0.261719 0.518555 0.260742 0.518555 0.259766 0.517578 0.258789
0 0.388672 0.528320 0.387695 0.528320 0.386719 0.529297 0.372070 0.529297 0.371094 0.530273 0.359375 0.530273 0.359375 0.536133 0.360352 0.537109 0.360352 0.555664 0.361328 0.556641 0.361328 0.564453 0.362305 0.565430 0.362305 0.566406 0.364258 0.566406 0.365234 0.565430 0.378906 0.565430 0.379883 0.564453 0.390625 0.564453 0.390625 0.546875 0.389648 0.545898 0.389648 0.531250 0.388672 0.530273
1 0.372070 0.514648 0.373047 0.515625 0.373047 0.528320 0.375000 0.528320 0.375000 0.514648
0 0.604492 0.297852 0.604492 0.301758 0.605469 0.300781 0.605469 0.298828
0 0.602539 0.291992 0.601562 0.291992 0.600586 0.291016 0.598633 0.291016 0.597656 0.290039 0.597656 0.289062 0.596680 0.288086 0.593750 0.291016 0.589844 0.291016 0.588867 0.291992 0.588867 0.292969 0.587891 0.293945 0.586914 0.293945 0.585938 0.294922 0.584961 0.294922 0.583984 0.293945 0.584961 0.294922 0.585938 0.294922 0.586914 0.295898 0.587891 0.294922 0.588867 0.295898 0.588867 0.296875 0.588867 0.295898 0.589844 0.294922 0.592773 0.294922 0.592773 0.293945 0.594727 0.291992 0.597656 0.291992 0.600586 0.294922 0.602539 0.294922
0 0.614258 0.287109 0.612305 0.287109 0.612305 0.288086 0.611328 0.289062 0.612305 0.290039 0.611328 0.291016 0.612305 0.290039 0.612305 0.289062
0 0.583008 0.285156 0.583008 0.286133 0.582031 0.287109 0.583008 0.286133
0 0.605469 0.278320 0.605469 0.279297 0.604492 0.280273 0.604492 0.281250 0.605469 0.282227 0.607422 0.282227 0.608398 0.283203 0.609375 0.283203 0.609375 0.282227 0.610352 0.281250 0.610352 0.280273 0.609375 0.280273 0.608398 0.279297 0.607422 0.279297 0.606445 0.278320
0 0.587891 0.275391 0.586914 0.276367 0.586914 0.278320 0.587891 0.279297 0.587891 0.280273 0.586914 0.281250 0.586914 0.282227 0.585938 0.283203 0.585938 0.284180 0.586914 0.285156 0.586914 0.286133 0.587891 0.286133 0.588867 0.287109 0.589844 0.287109 0.592773 0.284180 0.592773 0.283203 0.593750 0.282227 0.593750 0.281250 0.592773 0.280273 0.591797 0.280273 0.590820 0.279297 0.589844 0.279297 0.588867 0.278320 0.588867 0.275391
0 0.593750 0.273438 0.594727 0.274414 0.595703 0.274414 0.596680 0.275391 0.597656 0.275391 0.598633 0.274414 0.597656 0.274414 0.596680 0.273438 0.595703 0.274414 0.594727 0.274414
0 0.658203 0.264648 0.657227 0.265625 0.656250 0.265625 0.654297 0.267578 0.653320 0.267578 0.652344 0.268555 0.651367 0.268555 0.650391 0.269531 0.649414 0.269531 0.648438 0.270508 0.647461 0.270508 0.646484 0.271484 0.645508 0.271484 0.644531 0.272461 0.643555 0.272461 0.642578 0.273438 0.641602 0.273438 0.639648 0.275391 0.638672 0.275391 0.637695 0.276367 0.636719 0.276367 0.635742 0.277344 0.634766 0.277344 0.633789 0.278320 0.632812 0.278320 0.631836 0.279297 0.630859 0.279297 0.630859 0.283203 0.631836 0.284180 0.631836 0.285156 0.632812 0.286133 0.632812 0.287109 0.633789 0.288086 0.633789 0.289062 0.634766 0.290039 0.634766 0.291016 0.635742 0.291992 0.635742 0.292969 0.636719 0.293945 0.636719 0.294922 0.637695 0.295898 0.637695 0.296875 0.638672 0.297852 0.638672 0.298828 0.639648 0.299805 0.639648 0.300781 0.640625 0.301758 0.640625 0.302734 0.641602 0.303711 0.641602 0.304688 0.642578 0.305664 0.642578 0.306641 0.643555 0.307617 0.643555 0.308594 0.644531 0.309570 0.644531 0.310547 0.645508 0.310547 0.646484 0.309570 0.647461 0.309570 0.648438 0.308594 0.649414 0.308594 0.650391 0.307617 0.651367 0.307617 0.652344 0.306641 0.653320 0.306641 0.655273 0.304688 0.656250 0.304688 0.657227 0.303711 0.658203 0.303711 0.659180 0.302734 0.660156 0.302734 0.661133 0.301758 0.662109 0.301758 0.663086 0.300781 0.664062 0.300781 0.665039 0.299805 0.666016 0.299805 0.666992 0.298828 0.667969 0.298828 0.668945 0.297852 0.669922 0.297852 0.670898 0.296875 0.671875 0.296875 0.672852 0.295898 0.671875 0.294922 0.671875 0.292969 0.670898 0.291992 0.670898 0.291016 0.669922 0.290039 0.669922 0.289062 0.668945 0.288086 0.668945 0.287109 0.667969 0.286133 0.667969 0.285156 0.666992 0.284180 0.666992 0.283203 0.666016 0.282227 0.666016 0.281250 0.665039 0.280273 0.665039 0.279297 0.664062 0.278320 0.664062 0.276367 0.663086 0.275391 0.663086 0.274414 0.662109 0.273438 0.662109 0.272461 0.661133 0.271484 0.661133 0.270508 0.660156 0.269531 0.660156 0.268555 0.659180 0.267578 0.659180 0.266602 0.658203 0.265625
0 0.596680 0.260742 0.595703 0.261719 0.595703 0.262695 0.594727 0.263672 0.594727 0.264648 0.592773 0.266602 0.592773 0.267578 0.591797 0.268555 0.591797 0.269531 0.589844 0.271484 0.589844 0.272461 0.588867 0.273438 0.588867 0.274414 0.589844 0.275391 0.589844 0.278320 0.590820 0.278320 0.591797 0.279297 0.592773 0.279297 0.594727 0.281250 0.594727 0.282227 0.593750 0.283203 0.593750 0.284180 0.589844 0.288086 0.588867 0.288086 0.587891 0.287109 0.586914 0.287109 0.585938 0.286133 0.585938 0.285156 0.584961 0.284180 0.584961 0.283203 0.585938 0.282227 0.585938 0.281250 0.586914 0.280273 0.586914 0.279297 0.585938 0.278320 0.585938 0.279297 0.583984 0.281250 0.583984 0.283203 0.583008 0.284180 0.583984 0.285156 0.583984 0.286133 0.582031 0.288086 0.582031 0.290039 0.581055 0.291016 0.581055 0.291992 0.582031 0.292969 0.583984 0.292969 0.584961 0.293945 0.585938 0.293945 0.586914 0.292969 0.587891 0.292969 0.587891 0.291992 0.589844 0.290039 0.593750 0.290039 0.596680 0.287109 0.598633 0.289062 0.598633 0.290039 0.600586 0.290039 0.601562 0.291016 0.602539 0.291016 0.603516 0.291992 0.603516 0.294922 0.602539 0.295898 0.600586 0.295898 0.597656 0.292969 0.594727 0.292969 0.593750 0.293945 0.593750 0.294922 0.592773 0.295898 0.589844 0.295898 0.589844 0.296875 0.590820 0.297852 0.591797 0.297852 0.593750 0.299805 0.594727 0.299805 0.595703 0.300781 0.596680 0.300781 0.597656 0.301758 0.598633 0.301758 0.600586 0.303711 0.601562 0.303711 0.602539 0.304688 0.604492 0.302734 0.603516 0.301758 0.603516 0.297852 0.604492 0.296875 0.606445 0.298828 0.607422 0.297852 0.607422 0.296875 0.609375 0.294922 0.609375 0.293945 0.611328 0.291992 0.610352 0.291016 0.611328 0.290039 0.610352 0.289062 0.611328 0.288086 0.611328 0.287109 0.612305 0.286133 0.614258 0.286133 0.616211 0.284180 0.616211 0.282227 0.617188 0.281250 0.617188 0.278320 0.618164 0.277344 0.618164 0.274414 0.619141 0.273438 0.618164 0.272461 0.617188 0.272461 0.616211 0.271484 0.615234 0.271484 0.613281 0.269531 0.612305 0.269531 0.611328 0.268555 0.610352 0.268555 0.609375 0.267578 0.608398 0.267578 0.606445 0.265625 0.605469 0.265625 0.604492 0.264648 0.603516 0.264648 0.602539 0.263672 0.601562 0.263672 0.599609 0.261719 0.598633 0.261719 0.597656 0.260742
0 0.680664 0.301758 0.680664 0.306641 0.679688 0.307617 0.679688 0.314453 0.678711 0.315430 0.678711 0.322266 0.677734 0.323242 0.677734 0.331055 0.676758 0.332031 0.676758 0.338867 0.675781 0.339844 0.675781 0.341797 0.676758 0.341797 0.677734 0.342773 0.683594 0.342773 0.684570 0.343750 0.689453 0.343750 0.690430 0.344727 0.696289 0.344727 0.697266 0.345703 0.702148 0.345703 0.703125 0.346680 0.734375 0.346680 0.734375 0.340820 0.735352 0.339844 0.735352 0.333008 0.736328 0.332031 0.736328 0.326172 0.737305 0.325195 0.737305 0.318359 0.738281 0.317383 0.738281 0.310547 0.739258 0.309570 0.739258 0.305664 0.737305 0.305664 0.736328 0.304688 0.732422 0.304688 0.731445 0.303711 0.727539 0.303711 0.726562 0.302734 0.722656 0.302734 0.721680 0.301758 0.717773 0.301758 0.716797 0.300781 0.711914 0.300781 0.710938 0.299805 0.703125 0.299805 0.702148 0.300781 0.687500 0.300781 0.686523 0.301758
