0 0.660156 0.424805 0.659180 0.424805 0.658203 0.425781 0.656250 0.425781 0.655273 0.426758 0.652344 0.426758 0.651367 0.427734 0.648438 0.427734 0.647461 0.428711 0.644531 0.428711 0.643555 0.429688 0.641602 0.429688 0.640625 0.430664 0.638672 0.430664 0.638672 0.440430 0.639648 0.441406 0.639648 0.445312 0.640625 0.445312 0.641602 0.444336 0.642578 0.444336 0.643555 0.445312 0.643555 0.446289 0.644531 0.447266 0.642578 0.449219 0.640625 0.449219 0.639648 0.450195 0.639648 0.451172 0.643555 0.455078 0.643555 0.456055 0.646484 0.458984 0.646484 0.459961 0.648438 0.461914 0.650391 0.461914 0.651367 0.460938 0.654297 0.460938 0.655273 0.459961 0.657227 0.459961 0.658203 0.458984 0.661133 0.458984 0.662109 0.458008 0.665039 0.458008 0.666016 0.457031 0.667969 0.457031 0.668945 0.456055 0.670898 0.456055 0.670898 0.448242 0.669922 0.447266 0.669922 0.435547 0.666016 0.431641 0.666016 0.430664
1 0.643555 0.447266 0.642578 0.446289 0.642578 0.445312 0.641602 0.445312 0.640625 0.446289 0.637695 0.446289 0.636719 0.447266 0.634766 0.447266 0.633789 0.448242 0.630859 0.448242 0.629883 0.449219 0.627930 0.449219 0.627930 0.451172 0.628906 0.452148 0.629883 0.451172 0.631836 0.451172 0.632812 0.450195 0.635742 0.450195 0.636719 0.449219 0.639648 0.449219 0.640625 0.448242 0.642578 0.448242
0 0.278320 0.323242 0.275391 0.323242 0.274414 0.324219 0.263672 0.324219 0.262695 0.325195 0.253906 0.325195 0.246094 0.333008 0.246094 0.333984 0.243164 0.336914 0.243164 0.339844 0.244141 0.340820 0.244141 0.341797 0.245117 0.342773 0.245117 0.344727 0.246094 0.345703 0.246094 0.347656 0.247070 0.348633 0.247070 0.350586 0.248047 0.351562 0.248047 0.353516 0.249023 0.354492 0.249023 0.356445 0.250000 0.357422 0.250000 0.359375 0.250977 0.360352 0.250977 0.362305 0.263672 0.362305 0.264648 0.361328 0.275391 0.361328 0.276367 0.360352 0.277344 0.360352 0.280273 0.357422 0.280273 0.356445 0.284180 0.352539 0.284180 0.351562 0.287109 0.348633 0.286133 0.347656 0.286133 0.345703 0.285156 0.344727 0.285156 0.343750 0.280273 0.343750 0.279297 0.344727 0.278320 0.344727 0.277344 0.343750 0.277344 0.340820 0.278320 0.339844 0.280273 0.339844 0.281250 0.338867 0.283203 0.338867 0.283203 0.336914 0.282227 0.335938 0.282227 0.333008 0.281250 0.332031 0.281250 0.330078 0.280273 0.329102 0.280273 0.327148 0.279297 0.326172 0.279297 0.324219
1 0.295898 0.338867 0.292969 0.338867 0.291992 0.339844 0.281250 0.339844 0.280273 0.340820 0.278320 0.340820 0.278320 0.343750 0.279297 0.343750 0.280273 0.342773 0.291016 0.342773 0.291992 0.341797 0.295898 0.341797
0 0.540039 0.352539 0.539062 0.352539 0.515625 0.375977 0.514648 0.375977 0.514648 0.376953 0.522461 0.384766 0.523438 0.384766 0.526367 0.381836 0.528320 0.383789 0.528320 0.384766 0.525391 0.387695 0.533203 0.395508 0.535156 0.393555 0.536133 0.393555 0.557617 0.372070 0.557617 0.371094 0.552734 0.366211 0.552734 0.365234
1 0.526367 0.382812 0.517578 0.391602 0.516602 0.391602 0.513672 0.394531 0.513672 0.395508 0.514648 0.396484 0.515625 0.396484 0.527344 0.384766 0.527344 0.383789
0 0.245117 0.481445 0.245117 0.483398 0.246094 0.484375 0.246094 0.488281 0.247070 0.489258 0.247070 0.494141 0.248047 0.495117 0.248047 0.500000 0.249023 0.500977 0.249023 0.505859 0.250000 0.506836 0.250000 0.507812 0.253906 0.507812 0.254883 0.508789 0.261719 0.508789 0.262695 0.509766 0.269531 0.509766 0.270508 0.508789 0.271484 0.508789 0.272461 0.507812 0.274414 0.507812 0.275391 0.506836 0.277344 0.506836 0.278320 0.505859 0.280273 0.505859 0.281250 0.504883 0.283203 0.504883 0.284180 0.503906 0.286133 0.503906 0.287109 0.502930 0.288086 0.502930 0.288086 0.498047 0.287109 0.497070 0.287109 0.491211 0.286133 0.490234 0.286133 0.485352 0.285156 0.484375 0.285156 0.478516 0.284180 0.477539 0.284180 0.476562 0.275391 0.476562 0.274414 0.475586 0.264648 0.475586 0.263672 0.476562 0.260742 0.476562 0.259766 0.477539 0.257812 0.477539 0.256836 0.478516 0.254883 0.478516 0.253906 0.479492 0.251953 0.479492 0.250977 0.480469 0.248047 0.480469 0.247070 0.481445
1 0.270508 0.509766 0.269531 0.510742 0.268555 0.510742 0.268555 0.513672 0.269531 0.514648 0.269531 0.519531 0.270508 0.520508 0.270508 0.522461 0.271484 0.523438 0.272461 0.522461 0.273438 0.522461 0.273438 0.519531 0.272461 0.518555 0.272461 0.513672 0.271484 0.512695 0.271484 0.509766
0 0.659180 0.500000 0.659180 0.501953 0.661133 0.501953 0.661133 0.500977 0.660156 0.500977
0 0.657227 0.493164 0.655273 0.493164 0.655273 0.496094 0.655273 0.495117 0.656250 0.494141 0.657227 0.494141
0 0.388672 0.464844 0.386719 0.466797 0.385742 0.466797 0.382812 0.469727 0.381836 0.469727 0.378906 0.472656 0.377930 0.472656 0.375000 0.475586 0.374023 0.475586 0.371094 0.478516 0.370117 0.478516 0.371094 0.479492 0.371094 0.480469 0.372070 0.481445 0.372070 0.483398 0.373047 0.484375 0.373047 0.486328 0.374023 0.487305 0.374023 0.488281 0.375000 0.489258 0.375000 0.491211 0.375977 0.492188 0.375977 0.493164 0.376953 0.494141 0.376953 0.496094 0.377930 0.497070 0.377930 0.498047 0.378906 0.499023 0.379883 0.499023 0.380859 0.500000 0.381836 0.500000 0.382812 0.500977 0.383789 0.500977 0.384766 0.501953 0.385742 0.501953 0.386719 0.502930 0.387695 0.502930 0.388672 0.503906 0.390625 0.503906 0.391602 0.504883 0.392578 0.504883 0.393555 0.505859 0.394531 0.505859 0.395508 0.504883 0.396484 0.504883 0.399414 0.501953 0.400391 0.501953 0.404297 0.498047 0.405273 0.498047 0.408203 0.495117 0.409180 0.495117 0.413086 0.491211 0.412109 0.490234 0.412109 0.489258 0.411133 0.488281 0.411133 0.486328 0.410156 0.485352 0.410156 0.483398 0.409180 0.482422 0.409180 0.480469 0.408203 0.479492 0.408203 0.477539 0.407227 0.476562 0.407227 0.474609 0.406250 0.473633 0.406250 0.471680 0.405273 0.471680 0.404297 0.470703 0.403320 0.470703 0.402344 0.469727 0.400391 0.469727 0.399414 0.468750 0.398438 0.468750 0.397461 0.467773 0.396484 0.467773 0.395508 0.466797 0.393555 0.466797 0.392578 0.465820 0.391602 0.465820 0.390625 0.464844
0 0.648438 0.492188 0.648438 0.496094 0.647461 0.497070 0.647461 0.501953 0.646484 0.502930 0.646484 0.507812 0.645508 0.508789 0.645508 0.512695 0.646484 0.513672 0.646484 0.519531 0.647461 0.519531 0.648438 0.520508 0.657227 0.520508 0.658203 0.521484 0.666992 0.521484 0.666992 0.520508 0.667969 0.519531 0.667969 0.513672 0.668945 0.512695 0.668945 0.506836 0.669922 0.505859 0.669922 0.498047 0.668945 0.497070 0.668945 0.494141 0.663086 0.494141 0.662109 0.493164 0.658203 0.493164 0.658203 0.495117 0.659180 0.496094 0.659180 0.499023 0.660156 0.500000 0.661133 0.500000 0.662109 0.500977 0.662109 0.501953 0.661133 0.502930 0.659180 0.502930 0.658203 0.503906 0.656250 0.503906 0.655273 0.502930 0.655273 0.497070 0.654297 0.496094 0.654297 0.493164 0.652344 0.493164 0.651367 0.492188
1 0.658203 0.496094 0.656250 0.498047 0.656250 0.502930 0.658203 0.502930
