0 0.359633 0.264220 0.357798 0.264220 0.355963 0.266055 0.354128 0.266055 0.350459 0.269725 0.348624 0.269725 0.344954 0.273394 0.343119 0.273394 0.339450 0.277064 0.337615 0.277064 0.333945 0.280734 0.332110 0.280734 0.330275 0.282569 0.330275 0.284404 0.328440 0.286239 0.328440 0.288073 0.326606 0.289908 0.326606 0.291743 0.324771 0.293578 0.324771 0.295413 0.322936 0.297248 0.328440 0.302752 0.328440 0.304587 0.335780 0.311927 0.335780 0.313761 0.343119 0.321101 0.343119 0.322936 0.344954 0.324771 0.346789 0.324771 0.348624 0.322936 0.350459 0.322936 0.354128 0.319266 0.355963 0.319266 0.359633 0.315596 0.361468 0.315596 0.365138 0.311927 0.366972 0.311927 0.368807 0.310092 0.370642 0.310092 0.374312 0.306422 0.374312 0.304587 0.376147 0.302752 0.376147 0.300917 0.377982 0.299083 0.377982 0.297248 0.379817 0.295413 0.379817 0.293578 0.381651 0.291743 0.379817 0.289908 0.379817 0.288073 0.372477 0.280734 0.372477 0.278899 0.365138 0.271560 0.365138 0.269725
1 0.348624 0.300917 0.344954 0.304587 0.344954 0.306422 0.343119 0.308257 0.343119 0.310092 0.341284 0.311927 0.341284 0.313761 0.343119 0.315596 0.344954 0.313761 0.344954 0.311927 0.346789 0.310092 0.346789 0.308257 0.348624 0.306422 0.348624 0.304587 0.350459 0.302752
0 0.190826 0.165138 0.190826 0.170642 0.188991 0.172477 0.188991 0.177982 0.187156 0.179817 0.187156 0.185321 0.185321 0.187156 0.185321 0.192661 0.183486 0.194495 0.183486 0.201835 0.181651 0.203670 0.181651 0.205505 0.183486 0.207339 0.183486 0.209174 0.185321 0.211009 0.185321 0.212844 0.188991 0.216514 0.188991 0.218349 0.190826 0.220183 0.190826 0.222018 0.198165 0.222018 0.200000 0.223853 0.212844 0.223853 0.214679 0.225688 0.225688 0.225688 0.227523 0.227523 0.231193 0.227523 0.231193 0.223853 0.233028 0.222018 0.233028 0.216514 0.234862 0.214679 0.234862 0.209174 0.236697 0.207339 0.236697 0.203670 0.238532 0.201835 0.238532 0.196330 0.240367 0.194495 0.240367 0.185321 0.236697 0.181651 0.236697 0.179817 0.233028 0.176147 0.233028 0.174312 0.229358 0.170642 0.218349 0.170642 0.216514 0.168807 0.205505 0.168807 0.203670 0.166972 0.192661 0.166972
1 0.216514 0.203670 0.214679 0.205505 0.214679 0.207339 0.216514 0.209174 0.216514 0.211009 0.220183 0.214679 0.220183 0.216514 0.222018 0.218349 0.223853 0.218349 0.225688 0.216514 0.225688 0.214679 0.222018 0.211009 0.222018 0.209174 0.220183 0.207339 0.220183 0.205505 0.218349 0.203670
0 0.108257 0.460550 0.106422 0.462385 0.106422 0.464220 0.099083 0.471560 0.099083 0.473394 0.091743 0.480734 0.091743 0.482569 0.082569 0.491743 0.082569 0.493578 0.075229 0.500917 0.075229 0.504587 0.077064 0.506422 0.077064 0.508257 0.082569 0.513761 0.084404 0.513761 0.091743 0.521101 0.093578 0.521101 0.100917 0.528440 0.102752 0.528440 0.108257 0.533945 0.110092 0.533945 0.117431 0.541284 0.121101 0.537615 0.121101 0.535780 0.128440 0.528440 0.128440 0.526606 0.133945 0.521101 0.132110 0.519266 0.135780 0.515596 0.137615 0.515596 0.144954 0.508257 0.144954 0.506422 0.150459 0.500917 0.150459 0.495413 0.152294 0.493578 0.150459 0.491743 0.148624 0.491743 0.141284 0.484404 0.139450 0.484404 0.132110 0.477064 0.130275 0.477064 0.124771 0.471560 0.122936 0.471560 0.115596 0.464220 0.113761 0.464220 0.110092 0.460550
1 0.133945 0.519266 0.141284 0.526606 0.143119 0.526606 0.150459 0.533945 0.152294 0.533945 0.157798 0.539450 0.159633 0.539450 0.161468 0.541284 0.163303 0.539450 0.163303 0.537615 0.159633 0.533945 0.157798 0.533945 0.150459 0.526606 0.148624 0.526606 0.141284 0.519266 0.139450 0.519266 0.137615 0.517431 0.135780 0.517431
1 0.187156 0.464220 0.187156 0.467890 0.185321 0.469725 0.183486 0.467890 0.174312 0.477064 0.172477 0.477064 0.168807 0.480734 0.170642 0.482569 0.172477 0.482569 0.183486 0.471560 0.185321 0.471560 0.187156 0.469725
0 0.209174 0.407339 0.196330 0.420183 0.194495 0.420183 0.181651 0.433028 0.179817 0.433028 0.176147 0.436697 0.176147 0.440367 0.181651 0.445872 0.181651 0.447706 0.190826 0.456881 0.190826 0.458716 0.205505 0.473394 0.205505 0.475229 0.212844 0.482569 0.214679 0.480734 0.216514 0.480734 0.229358 0.467890 0.231193 0.467890 0.244037 0.455046 0.245872 0.455046 0.247706 0.453211 0.247706 0.451376 0.242202 0.445872 0.242202 0.444037 0.229358 0.431193 0.229358 0.429358 0.218349 0.418349 0.218349 0.416514
1 0.192661 0.462385 0.190826 0.460550 0.188991 0.460550 0.176147 0.473394 0.174312 0.473394 0.168807 0.478899 0.172477 0.475229 0.174312 0.475229 0.183486 0.466055 0.185321 0.467890 0.185321 0.464220 0.187156 0.462385 0.188991 0.464220 0.188991 0.467890 0.188991 0.466055 0.190826 0.464220 0.192661 0.464220
0 0.396330 0.436697 0.398165 0.438532 0.398165 0.442202 0.400000 0.444037 0.400000 0.447706 0.401835 0.449541 0.398165 0.453211 0.392661 0.447706 0.392661 0.444037 0.390826 0.442202 0.390826 0.440367 0.390826 0.442202 0.376147 0.456881 0.376147 0.462385 0.377982 0.464220 0.377982 0.466055 0.379817 0.467890 0.379817 0.471560 0.381651 0.473394 0.381651 0.477064 0.383486 0.478899 0.383486 0.482569 0.387156 0.482569 0.388991 0.484404 0.392661 0.484404 0.394495 0.486239 0.398165 0.486239 0.400000 0.488073 0.403670 0.488073 0.405505 0.489908 0.409174 0.489908 0.429358 0.469725 0.429358 0.467890 0.427523 0.466055 0.427523 0.462385 0.425688 0.460550 0.425688 0.456881 0.423853 0.455046 0.423853 0.451376 0.422018 0.449541 0.422018 0.445872 0.420183 0.444037 0.418349 0.444037 0.416514 0.442202 0.411009 0.442202 0.409174 0.440367 0.405505 0.440367 0.403670 0.438532 0.398165 0.438532
1 0.390826 0.433028 0.390826 0.436697 0.394495 0.440367 0.392661 0.442202 0.394495 0.444037 0.394495 0.447706 0.398165 0.451376 0.400000 0.449541 0.398165 0.447706 0.398165 0.444037 0.396330 0.442202 0.396330 0.438532 0.392661 0.434862 0.394495 0.433028
