0 0.282230 0.743902 0.280488 0.745645 0.280488 0.747387 0.277003 0.750871 0.277003 0.752613 0.271777 0.757840 0.271777 0.759582 0.270035 0.761324 0.270035 0.773519 0.271777 0.775261 0.271777 0.796167 0.278746 0.796167 0.280488 0.797909 0.292683 0.797909 0.294425 0.799652 0.304878 0.799652 0.306620 0.801394 0.310105 0.801394 0.310105 0.799652 0.311847 0.797909 0.311847 0.796167 0.315331 0.792683 0.315331 0.790941 0.318815 0.787456 0.318815 0.785714 0.322300 0.782230 0.322300 0.780488 0.320557 0.778746 0.320557 0.747387 0.311847 0.747387 0.310105 0.745645 0.296167 0.745645 0.294425 0.743902
1 0.252613 0.764808 0.252613 0.768293 0.257840 0.768293 0.259582 0.770035 0.268293 0.770035 0.268293 0.766551 0.263066 0.766551 0.261324 0.764808
0 0.337979 0.357143 0.329268 0.365854 0.327526 0.365854 0.322300 0.371080 0.327526 0.376307 0.327526 0.379791 0.325784 0.381533 0.324042 0.381533 0.317073 0.374564 0.311847 0.379791 0.311847 0.402439 0.313589 0.404181 0.315331 0.404181 0.327526 0.416376 0.329268 0.416376 0.337979 0.425087 0.341463 0.425087 0.348432 0.418118 0.350174 0.418118 0.355401 0.412892 0.357143 0.412892 0.364111 0.405923 0.365854 0.405923 0.369338 0.402439 0.369338 0.400697 0.367596 0.398955 0.367596 0.383275 0.365854 0.381533 0.365854 0.379791 0.355401 0.369338 0.353659 0.369338 0.341463 0.357143
1 0.308362 0.360627 0.306620 0.362369 0.306620 0.364111 0.315331 0.372822 0.317073 0.372822 0.324042 0.379791 0.325784 0.379791 0.325784 0.376307 0.313589 0.364111 0.311847 0.364111
0 0.599303 0.668990 0.597561 0.670732 0.594077 0.670732 0.592334 0.672474 0.590592 0.672474 0.588850 0.674216 0.585366 0.674216 0.583624 0.675958 0.580139 0.675958 0.578397 0.677700 0.576655 0.677700 0.574913 0.679443 0.571429 0.679443 0.569686 0.681185 0.567944 0.681185 0.566202 0.682927 0.562718 0.682927 0.560976 0.684669 0.559233 0.684669 0.557491 0.686411 0.555749 0.686411 0.555749 0.688153 0.554007 0.689895 0.554007 0.693380 0.552265 0.695122 0.552265 0.696864 0.550523 0.698606 0.550523 0.702091 0.548780 0.703833 0.548780 0.709059 0.550523 0.710801 0.550523 0.712544 0.552265 0.714286 0.552265 0.716028 0.555749 0.719512 0.555749 0.721254 0.557491 0.722997 0.557491 0.724739 0.559233 0.726481 0.559233 0.728223 0.560976 0.729965 0.560976 0.731707 0.562718 0.733449 0.562718 0.735192 0.566202 0.738676 0.566202 0.740418 0.567944 0.742160 0.567944 0.743902 0.569686 0.745645 0.569686 0.747387 0.571429 0.747387 0.573171 0.745645 0.576655 0.745645 0.578397 0.743902 0.580139 0.743902 0.581882 0.742160 0.585366 0.742160 0.587108 0.740418 0.588850 0.740418 0.590592 0.738676 0.594077 0.738676 0.595819 0.736934 0.597561 0.736934 0.599303 0.735192 0.602787 0.735192 0.604530 0.733449 0.606272 0.733449 0.608014 0.731707 0.611498 0.731707 0.614983 0.728223 0.614983 0.726481 0.616725 0.724739 0.616725 0.722997 0.618467 0.721254 0.618467 0.719512 0.620209 0.717770 0.620209 0.716028 0.621951 0.714286 0.621951 0.712544 0.623693 0.710801 0.623693 0.709059 0.620209 0.705575 0.620209 0.703833 0.618467 0.702091 0.618467 0.700348 0.616725 0.698606 0.616725 0.696864 0.613240 0.693380 0.613240 0.691638 0.611498 0.689895 0.611498 0.688153 0.609756 0.686411 0.609756 0.684669 0.606272 0.681185 0.606272 0.679443 0.604530 0.677700 0.604530 0.675958 0.602787 0.674216 0.602787 0.672474
0 0.233449 0.289199 0.231707 0.289199 0.229965 0.290941 0.228223 0.290941 0.209059 0.310105 0.209059 0.311847 0.198606 0.322300 0.224739 0.348432 0.228223 0.344948 0.229965 0.344948 0.233449 0.341463 0.235192 0.341463 0.242160 0.334495 0.242160 0.332753 0.254355 0.320557 0.254355 0.318815 0.257840 0.315331 0.257840 0.313589
1 0.592334 0.451220 0.594077 0.452962 0.594077 0.451220
1 0.254355 0.287456 0.245645 0.296167 0.245645 0.299652 0.247387 0.299652 0.250871 0.296167 0.250871 0.294425 0.256098 0.289199
0 0.644599 0.407666 0.641115 0.407666 0.639373 0.409408 0.634146 0.409408 0.632404 0.411150 0.627178 0.411150 0.625436 0.412892 0.620209 0.412892 0.618467 0.414634 0.613240 0.414634 0.611498 0.416376 0.608014 0.416376 0.606272 0.418118 0.602787 0.418118 0.602787 0.428571 0.604530 0.430314 0.604530 0.444251 0.606272 0.445993 0.606272 0.449477 0.608014 0.451220 0.608014 0.454704 0.609756 0.456446 0.609756 0.459930 0.611498 0.461672 0.611498 0.465157 0.613240 0.466899 0.613240 0.472125 0.614983 0.473868 0.614983 0.475610 0.620209 0.475610 0.621951 0.473868 0.627178 0.473868 0.628920 0.472125 0.634146 0.472125 0.635889 0.470383 0.641115 0.470383 0.642857 0.468641 0.648084 0.468641 0.649826 0.466899 0.655052 0.466899 0.656794 0.465157 0.656794 0.456446 0.655052 0.454704 0.655052 0.442509 0.653310 0.440767 0.653310 0.435540 0.651568 0.433798 0.651568 0.430314 0.649826 0.428571 0.649826 0.423345 0.648084 0.421603 0.648084 0.418118 0.646341 0.416376 0.646341 0.412892 0.644599 0.411150
1 0.604530 0.445993 0.602787 0.445993 0.601045 0.447735 0.595819 0.447735 0.594077 0.449477 0.588850 0.449477 0.587108 0.451220 0.581882 0.451220 0.580139 0.452962 0.580139 0.456446 0.585366 0.456446 0.587108 0.454704 0.588850 0.454704 0.590592 0.452962 0.592334 0.452962 0.590592 0.451220 0.592334 0.449477 0.594077 0.449477 0.595819 0.451220 0.595819 0.452962 0.597561 0.452962 0.599303 0.451220 0.604530 0.451220
0 0.087108 0.716028 0.060976 0.742160 0.060976 0.743902 0.067944 0.750871 0.067944 0.752613 0.074913 0.759582 0.074913 0.761324 0.081882 0.768293 0.081882 0.770035 0.087108 0.770035 0.088850 0.771777 0.094077 0.771777 0.095819 0.773519 0.099303 0.773519 0.101045 0.775261 0.118467 0.757840 0.118467 0.756098 0.125436 0.749129 0.125436 0.747387 0.123693 0.745645 0.123693 0.743902 0.116725 0.736934 0.116725 0.735192 0.108014 0.726481 0.108014 0.724739 0.106272 0.722997 0.104530 0.722997 0.102787 0.721254 0.099303 0.721254 0.097561 0.719512 0.094077 0.719512 0.092334 0.717770 0.088850 0.717770
1 0.069686 0.714286 0.067944 0.716028 0.071429 0.719512 0.071429 0.721254 0.074913 0.724739 0.076655 0.724739 0.078397 0.722997
0 0.343206 0.790941 0.344948 0.792683 0.344948 0.794425 0.346690 0.794425 0.346690 0.790941 0.344948 0.792683
0 0.343206 0.780488 0.343206 0.782230 0.346690 0.782230 0.346690 0.780488
0 0.350174 0.754355 0.348432 0.756098 0.348432 0.757840 0.339721 0.766551 0.341463 0.768293 0.341463 0.770035 0.343206 0.768293 0.344948 0.768293 0.346690 0.766551 0.346690 0.764808 0.348432 0.763066 0.350174 0.763066 0.350174 0.761324 0.353659 0.757840
0 0.282230 0.421603 0.280488 0.423345 0.278746 0.423345 0.277003 0.425087 0.273519 0.425087 0.271777 0.426829 0.270035 0.426829 0.266551 0.430314 0.266551 0.432056 0.264808 0.433798 0.264808 0.435540 0.263066 0.437282 0.263066 0.439024 0.261324 0.440767 0.261324 0.442509 0.257840 0.445993 0.257840 0.447735 0.256098 0.449477 0.256098 0.451220 0.254355 0.452962 0.254355 0.454704 0.252613 0.456446 0.252613 0.458188 0.250871 0.459930 0.250871 0.461672 0.249129 0.463415 0.249129 0.465157 0.250871 0.466899 0.252613 0.466899 0.256098 0.470383 0.257840 0.470383 0.261324 0.473868 0.263066 0.473868 0.266551 0.477352 0.268293 0.477352 0.271777 0.480836 0.273519 0.480836 0.277003 0.484321 0.278746 0.484321 0.282230 0.487805 0.285714 0.487805 0.287456 0.486063 0.289199 0.486063 0.290941 0.484321 0.292683 0.484321 0.296167 0.480836 0.297909 0.480836 0.299652 0.479094 0.299652 0.477352 0.301394 0.475610 0.301394 0.473868 0.304878 0.470383 0.304878 0.468641 0.306620 0.466899 0.306620 0.465157 0.308362 0.463415 0.308362 0.461672 0.310105 0.459930 0.310105 0.458188 0.313589 0.454704 0.313589 0.452962 0.315331 0.451220 0.315331 0.449477 0.317073 0.447735 0.317073 0.445993 0.318815 0.444251 0.317073 0.444251 0.313589 0.440767 0.311847 0.440767 0.310105 0.439024 0.308362 0.439024 0.304878 0.435540 0.303136 0.435540 0.299652 0.432056 0.297909 0.432056 0.294425 0.428571 0.292683 0.428571 0.289199 0.425087 0.287456 0.425087 0.283972 0.421603
0 0.367596 0.750871 0.365854 0.750871 0.364111 0.752613 0.355401 0.752613 0.353659 0.754355 0.351916 0.754355 0.355401 0.757840 0.351916 0.761324 0.351916 0.763066 0.350174 0.764808 0.348432 0.764808 0.348432 0.766551 0.344948 0.770035 0.343206 0.770035 0.341463 0.771777 0.339721 0.770035 0.339721 0.768293 0.334495 0.773519 0.334495 0.775261 0.331010 0.778746 0.341463 0.789199 0.343206 0.789199 0.344948 0.790941 0.346690 0.789199 0.348432 0.790941 0.348432 0.794425 0.346690 0.796167 0.351916 0.801394 0.360627 0.801394 0.362369 0.799652 0.367596 0.799652 0.369338 0.797909 0.371080 0.797909 0.374564 0.794425 0.374564 0.792683 0.383275 0.783972 0.383275 0.782230 0.390244 0.775261 0.379791 0.764808 0.379791 0.763066
