0 0.637695 0.363281 0.636719 0.363281 0.627930 0.372070 0.627930 0.373047 0.620117 0.380859 0.620117 0.381836 0.616211 0.385742 0.618164 0.387695 0.619141 0.387695 0.626953 0.395508 0.627930 0.395508 0.631836 0.399414 0.632812 0.399414 0.638672 0.393555 0.639648 0.393555 0.640625 0.392578 0.640625 0.391602 0.646484 0.385742 0.646484 0.384766 0.651367 0.379883 0.651367 0.378906 0.652344 0.377930 0.652344 0.376953 0.646484 0.371094 0.645508 0.371094
1 0.616211 0.363281 0.614258 0.365234 0.618164 0.369141 0.619141 0.369141 0.625000 0.375000 0.626953 0.373047 0.625000 0.371094 0.624023 0.371094
0 0.225586 0.371094 0.223633 0.373047 0.223633 0.374023 0.217773 0.379883 0.217773 0.380859 0.212891 0.385742 0.212891 0.386719 0.208984 0.390625 0.208984 0.393555 0.209961 0.394531 0.209961 0.396484 0.212891 0.399414 0.213867 0.399414 0.216797 0.402344 0.217773 0.402344 0.220703 0.405273 0.221680 0.405273 0.224609 0.408203 0.225586 0.408203 0.228516 0.411133 0.229492 0.411133 0.232422 0.414062 0.235352 0.411133 0.235352 0.410156 0.241211 0.404297 0.241211 0.403320 0.247070 0.397461 0.247070 0.396484 0.250000 0.393555 0.250000 0.392578 0.249023 0.391602 0.249023 0.389648 0.248047 0.388672 0.248047 0.387695 0.246094 0.385742 0.245117 0.385742 0.242188 0.382812 0.241211 0.382812 0.237305 0.378906 0.236328 0.378906 0.233398 0.375977 0.232422 0.375977 0.229492 0.373047 0.228516 0.373047 0.226562 0.371094
1 0.242188 0.403320 0.243164 0.404297 0.244141 0.404297 0.247070 0.407227 0.248047 0.407227 0.250977 0.410156 0.251953 0.410156 0.253906 0.412109 0.254883 0.412109 0.255859 0.411133 0.252930 0.408203 0.251953 0.408203 0.249023 0.405273 0.248047 0.405273 0.244141 0.401367
0 0.502930 0.318359 0.502930 0.325195 0.501953 0.326172 0.501953 0.333984 0.500977 0.334961 0.500977 0.343750 0.505859 0.343750 0.506836 0.344727 0.512695 0.344727 0.513672 0.345703 0.520508 0.345703 0.521484 0.346680 0.525391 0.346680 0.526367 0.345703 0.528320 0.345703 0.529297 0.344727 0.530273 0.344727 0.530273 0.341797 0.531250 0.340820 0.531250 0.333008 0.532227 0.332031 0.532227 0.324219 0.533203 0.323242 0.533203 0.319336 0.531250 0.319336 0.530273 0.318359 0.524414 0.318359 0.523438 0.317383 0.517578 0.317383 0.516602 0.316406 0.510742 0.316406 0.509766 0.315430 0.508789 0.315430 0.507812 0.316406 0.506836 0.316406 0.505859 0.317383 0.504883 0.317383 0.503906 0.318359
1 0.520508 0.301758 0.518555 0.301758 0.518555 0.307617 0.517578 0.308594 0.517578 0.316406 0.519531 0.316406 0.519531 0.310547 0.520508 0.309570
0 0.390625 0.361328 0.388672 0.363281 0.387695 0.363281 0.382812 0.368164 0.381836 0.368164 0.377930 0.372070 0.376953 0.372070 0.374023 0.375000 0.374023 0.375977 0.375977 0.377930 0.375977 0.378906 0.378906 0.381836 0.378906 0.382812 0.381836 0.385742 0.381836 0.386719 0.386719 0.391602 0.386719 0.392578 0.391602 0.397461 0.391602 0.398438 0.393555 0.400391 0.396484 0.397461 0.397461 0.397461 0.401367 0.393555 0.402344 0.393555 0.406250 0.389648 0.407227 0.389648 0.411133 0.385742 0.409180 0.383789 0.409180 0.382812 0.407227 0.380859 0.407227 0.379883 0.405273 0.377930 0.405273 0.376953 0.401367 0.373047 0.401367 0.372070 0.395508 0.366211 0.395508 0.365234 0.391602 0.361328
1 0.377930 0.362305 0.376953 0.363281 0.376953 0.364258 0.380859 0.368164 0.381836 0.367188 0.379883 0.365234 0.379883 0.364258
0 0.371094 0.623047 0.370117 0.624023 0.369141 0.624023 0.368164 0.625000 0.367188 0.625000 0.366211 0.625977 0.365234 0.625977 0.363281 0.627930 0.362305 0.627930 0.361328 0.628906 0.360352 0.628906 0.359375 0.629883 0.358398 0.629883 0.357422 0.630859 0.356445 0.630859 0.354492 0.632812 0.355469 0.633789 0.355469 0.635742 0.356445 0.636719 0.356445 0.638672 0.357422 0.639648 0.357422 0.641602 0.358398 0.642578 0.358398 0.645508 0.359375 0.646484 0.359375 0.647461 0.367188 0.655273 0.369141 0.655273 0.370117 0.654297 0.371094 0.654297 0.372070 0.653320 0.373047 0.653320 0.375000 0.651367 0.375977 0.651367 0.376953 0.650391 0.377930 0.650391 0.378906 0.649414 0.379883 0.649414 0.381836 0.647461 0.382812 0.647461 0.383789 0.646484 0.384766 0.646484 0.383789 0.645508 0.383789 0.642578 0.382812 0.641602 0.382812 0.639648 0.381836 0.638672 0.381836 0.636719 0.380859 0.635742 0.380859 0.632812 0.379883 0.631836 0.379883 0.630859 0.378906 0.630859
1 0.389648 0.628906 0.388672 0.627930 0.387695 0.627930 0.386719 0.628906 0.385742 0.628906 0.383789 0.630859 0.381836 0.630859 0.380859 0.631836 0.381836 0.632812 0.381836 0.633789 0.382812 0.632812 0.383789 0.632812 0.385742 0.630859 0.386719 0.630859 0.387695 0.629883 0.388672 0.629883
