0 0.270508 0.346680 0.269531 0.347656 0.267578 0.347656 0.266602 0.348633 0.266602 0.349609 0.264648 0.351562 0.264648 0.352539 0.263672 0.353516 0.263672 0.354492 0.262695 0.355469 0.262695 0.356445 0.261719 0.357422 0.261719 0.358398 0.260742 0.359375 0.260742 0.360352 0.259766 0.361328 0.259766 0.362305 0.258789 0.363281 0.258789 0.364258 0.257812 0.365234 0.257812 0.366211 0.256836 0.367188 0.256836 0.368164 0.257812 0.368164 0.259766 0.370117 0.260742 0.370117 0.261719 0.371094 0.262695 0.371094 0.264648 0.373047 0.265625 0.373047 0.266602 0.374023 0.267578 0.374023 0.269531 0.375977 0.270508 0.375977 0.271484 0.376953 0.272461 0.376953 0.274414 0.378906 0.275391 0.378906 0.276367 0.379883 0.278320 0.379883 0.279297 0.378906 0.281250 0.378906 0.282227 0.377930 0.284180 0.377930 0.284180 0.376953 0.285156 0.375977 0.285156 0.375000 0.286133 0.374023 0.286133 0.373047 0.287109 0.372070 0.287109 0.371094 0.288086 0.370117 0.288086 0.369141 0.289062 0.368164 0.289062 0.367188 0.290039 0.366211 0.290039 0.365234 0.291992 0.363281 0.291992 0.362305 0.292969 0.361328 0.292969 0.360352 0.293945 0.359375 0.293945 0.358398 0.292969 0.357422 0.291992 0.357422 0.290039 0.355469 0.289062 0.355469 0.287109 0.353516 0.286133 0.353516 0.285156 0.352539 0.284180 0.352539 0.282227 0.350586 0.281250 0.350586 0.280273 0.349609 0.279297 0.349609 0.277344 0.347656 0.276367 0.347656 0.275391 0.346680
1 0.272461 0.363281 0.271484 0.362305 0.270508 0.363281 0.267578 0.363281 0.265625 0.365234 0.266602 0.366211 0.269531 0.366211 0.270508 0.365234 0.272461 0.365234
0 0.358398 0.514648 0.358398 0.515625 0.357422 0.516602 0.357422 0.518555 0.356445 0.519531 0.356445 0.521484 0.355469 0.522461 0.355469 0.524414 0.354492 0.525391 0.354492 0.527344 0.353516 0.528320 0.353516 0.531250 0.352539 0.532227 0.352539 0.535156 0.351562 0.536133 0.351562 0.540039 0.350586 0.541016 0.350586 0.543945 0.352539 0.543945 0.353516 0.544922 0.355469 0.544922 0.356445 0.545898 0.359375 0.545898 0.360352 0.546875 0.363281 0.546875 0.364258 0.547852 0.367188 0.547852 0.368164 0.548828 0.371094 0.548828 0.371094 0.547852 0.372070 0.546875 0.372070 0.544922 0.373047 0.543945 0.373047 0.541992 0.374023 0.541016 0.374023 0.539062 0.375000 0.538086 0.375000 0.537109 0.375977 0.536133 0.375977 0.532227 0.376953 0.531250 0.376953 0.527344 0.377930 0.526367 0.377930 0.523438 0.378906 0.522461 0.378906 0.519531 0.375977 0.519531 0.375000 0.518555 0.372070 0.518555 0.371094 0.517578 0.368164 0.517578 0.367188 0.516602 0.365234 0.516602 0.364258 0.515625 0.361328 0.515625 0.360352 0.514648
1 0.370117 0.512695 0.368164 0.512695 0.368164 0.514648 0.367188 0.515625 0.368164 0.516602 0.369141 0.516602 0.369141 0.513672
0 0.388672 0.611328 0.387695 0.611328 0.386719 0.612305 0.381836 0.612305 0.380859 0.613281 0.375000 0.613281 0.374023 0.614258 0.372070 0.614258 0.372070 0.616211 0.371094 0.617188 0.371094 0.619141 0.370117 0.620117 0.370117 0.621094 0.369141 0.622070 0.369141 0.624023 0.368164 0.625000 0.368164 0.626953 0.367188 0.627930 0.367188 0.630859 0.368164 0.631836 0.368164 0.632812 0.375977 0.640625 0.375977 0.641602 0.376953 0.642578 0.379883 0.642578 0.380859 0.641602 0.385742 0.641602 0.386719 0.640625 0.390625 0.640625 0.391602 0.639648 0.392578 0.639648 0.387695 0.634766 0.387695 0.632812 0.388672 0.631836 0.389648 0.631836 0.394531 0.636719 0.395508 0.635742 0.395508 0.633789 0.396484 0.632812 0.396484 0.630859 0.397461 0.629883 0.397461 0.628906 0.398438 0.627930 0.398438 0.625977 0.399414 0.625000 0.399414 0.623047 0.392578 0.616211 0.392578 0.615234
1 0.388672 0.632812 0.388672 0.634766 0.393555 0.639648 0.393555 0.640625 0.395508 0.642578 0.397461 0.640625 0.389648 0.632812
0 0.564453 0.364258 0.562500 0.364258 0.560547 0.366211 0.559570 0.366211 0.558594 0.367188 0.557617 0.367188 0.556641 0.368164 0.555664 0.368164 0.554688 0.369141 0.553711 0.369141 0.552734 0.370117 0.551758 0.370117 0.550781 0.371094 0.549805 0.371094 0.548828 0.372070 0.547852 0.372070 0.541992 0.377930 0.541992 0.378906 0.542969 0.379883 0.542969 0.380859 0.543945 0.381836 0.543945 0.382812 0.545898 0.384766 0.547852 0.382812 0.549805 0.382812 0.550781 0.383789 0.550781 0.384766 0.548828 0.386719 0.547852 0.386719 0.546875 0.387695 0.548828 0.389648 0.548828 0.390625 0.549805 0.391602 0.549805 0.392578 0.550781 0.393555 0.550781 0.394531 0.551758 0.395508 0.552734 0.394531 0.553711 0.394531 0.554688 0.393555 0.555664 0.393555 0.556641 0.392578 0.557617 0.392578 0.559570 0.390625 0.560547 0.390625 0.561523 0.389648 0.562500 0.389648 0.563477 0.388672 0.564453 0.388672 0.565430 0.387695 0.566406 0.387695 0.570312 0.383789 0.571289 0.383789 0.574219 0.380859 0.573242 0.379883 0.573242 0.378906 0.572266 0.377930 0.572266 0.376953 0.570312 0.375000 0.570312 0.374023 0.569336 0.373047 0.569336 0.372070 0.567383 0.370117 0.567383 0.369141 0.566406 0.368164 0.566406 0.367188 0.564453 0.365234
1 0.549805 0.383789 0.547852 0.383789 0.545898 0.385742 0.544922 0.385742 0.543945 0.386719 0.542969 0.386719 0.541992 0.387695 0.541016 0.387695 0.540039 0.388672 0.539062 0.388672 0.539062 0.390625 0.540039 0.389648 0.541016 0.389648 0.541992 0.388672 0.542969 0.388672 0.544922 0.386719 0.546875 0.386719 0.547852 0.385742 0.548828 0.385742 0.549805 0.384766
1 0.339844 0.377930 0.338867 0.376953 0.335938 0.376953 0.334961 0.377930 0.332031 0.377930 0.333008 0.377930 0.333984 0.378906 0.333008 0.379883 0.332031 0.379883 0.331055 0.380859 0.330078 0.379883 0.331055 0.380859 0.332031 0.379883 0.336914 0.379883 0.337891 0.378906 0.338867 0.379883 0.339844 0.378906
0 0.385742 0.580078 0.384766 0.581055 0.384766 0.583984 0.385742 0.583008
0 0.385742 0.550781 0.383789 0.552734 0.382812 0.552734 0.381836 0.553711 0.380859 0.553711 0.378906 0.555664 0.377930 0.555664 0.375977 0.557617 0.375000 0.557617 0.374023 0.558594 0.373047 0.558594 0.372070 0.559570 0.373047 0.560547 0.372070 0.561523 0.373047 0.560547 0.379883 0.567383 0.380859 0.567383 0.383789 0.570312 0.384766 0.570312 0.385742 0.569336 0.386719 0.569336 0.387695 0.568359 0.387695 0.566406 0.386719 0.565430 0.387695 0.564453 0.387695 0.562500 0.390625 0.559570 0.391602 0.560547 0.391602 0.561523 0.393555 0.563477 0.395508 0.563477 0.397461 0.561523 0.398438 0.561523 0.398438 0.560547 0.394531 0.556641 0.393555 0.556641 0.389648 0.552734 0.388672 0.552734 0.387695 0.551758 0.386719 0.551758
0 0.369141 0.348633 0.368164 0.348633 0.367188 0.349609 0.364258 0.349609 0.363281 0.350586 0.359375 0.350586 0.358398 0.351562 0.354492 0.351562 0.353516 0.352539 0.350586 0.352539 0.349609 0.353516 0.345703 0.353516 0.344727 0.354492 0.340820 0.354492 0.339844 0.355469 0.336914 0.355469 0.336914 0.356445 0.335938 0.357422 0.335938 0.360352 0.334961 0.361328 0.334961 0.364258 0.333984 0.365234 0.333984 0.368164 0.333008 0.369141 0.333984 0.370117 0.333984 0.373047 0.334961 0.374023 0.334961 0.375977 0.338867 0.375977 0.340820 0.377930 0.340820 0.379883 0.339844 0.380859 0.338867 0.380859 0.337891 0.381836 0.336914 0.381836 0.337891 0.382812 0.337891 0.384766 0.338867 0.385742 0.338867 0.387695 0.339844 0.388672 0.339844 0.390625 0.340820 0.391602 0.340820 0.393555 0.341797 0.394531 0.341797 0.396484 0.342773 0.397461 0.342773 0.399414 0.346680 0.399414 0.347656 0.398438 0.350586 0.398438 0.351562 0.397461 0.354492 0.397461 0.355469 0.396484 0.359375 0.396484 0.360352 0.395508 0.363281 0.395508 0.364258 0.394531 0.367188 0.394531 0.368164 0.393555 0.372070 0.393555 0.373047 0.392578 0.375000 0.392578 0.375000 0.391602 0.375977 0.390625 0.375977 0.389648 0.376953 0.388672 0.376953 0.386719 0.377930 0.385742 0.377930 0.384766 0.378906 0.383789 0.378906 0.381836 0.379883 0.380859 0.379883 0.377930 0.378906 0.376953 0.378906 0.375000 0.377930 0.374023 0.377930 0.372070 0.376953 0.371094 0.376953 0.370117 0.375977 0.369141 0.375977 0.367188 0.375000 0.366211 0.375000 0.364258 0.374023 0.363281 0.374023 0.361328 0.373047 0.360352 0.373047 0.358398 0.372070 0.357422 0.372070 0.355469 0.371094 0.354492 0.371094 0.352539 0.370117 0.351562 0.370117 0.349609
1 0.371094 0.554688 0.374023 0.557617 0.375000 0.556641 0.375977 0.556641 0.374023 0.554688 0.373047 0.554688 0.372070 0.553711
1 0.337891 0.379883 0.336914 0.380859 0.332031 0.380859 0.331055 0.379883 0.332031 0.378906 0.333008 0.378906 0.332031 0.378906 0.331055 0.377930 0.330078 0.378906 0.326172 0.378906 0.325195 0.379883 0.322266 0.379883 0.321289 0.380859 0.318359 0.380859 0.317383 0.381836 0.317383 0.384766 0.318359 0.384766 0.319336 0.383789 0.320312 0.384766 0.321289 0.383789 0.324219 0.383789 0.325195 0.382812 0.329102 0.382812 0.330078 0.381836 0.333008 0.381836 0.333984 0.380859 0.337891 0.380859
1 0.334961 0.376953 0.335938 0.377930 0.334961 0.378906 0.335938 0.377930 0.336914 0.377930 0.335938 0.377930
0 0.372070 0.560547 0.373047 0.561523 0.372070 0.562500 0.372070 0.571289 0.373047 0.572266 0.373047 0.573242 0.375977 0.576172 0.376953 0.576172 0.383789 0.583008 0.383789 0.581055 0.385742 0.579102 0.386719 0.580078 0.386719 0.582031 0.387695 0.582031 0.389648 0.580078 0.390625 0.580078 0.392578 0.578125 0.393555 0.578125 0.395508 0.576172 0.396484 0.576172 0.398438 0.574219 0.399414 0.574219 0.399414 0.561523 0.398438 0.562500 0.397461 0.562500 0.395508 0.564453 0.393555 0.564453 0.390625 0.561523 0.390625 0.560547 0.388672 0.562500 0.388672 0.564453 0.387695 0.565430 0.388672 0.566406 0.388672 0.568359 0.386719 0.570312 0.385742 0.570312 0.384766 0.571289 0.383789 0.571289 0.380859 0.568359 0.379883 0.568359
0 0.386719 0.550781 0.387695 0.550781 0.388672 0.551758 0.387695 0.550781
0 0.681641 0.428711 0.679688 0.428711 0.678711 0.429688 0.673828 0.429688 0.672852 0.430664 0.666992 0.430664 0.666016 0.431641 0.661133 0.431641 0.660156 0.432617 0.659180 0.432617 0.658203 0.433594 0.658203 0.434570 0.655273 0.437500 0.655273 0.438477 0.653320 0.440430 0.653320 0.441406 0.654297 0.442383 0.654297 0.445312 0.655273 0.446289 0.655273 0.448242 0.656250 0.449219 0.656250 0.452148 0.657227 0.453125 0.657227 0.456055 0.658203 0.457031 0.658203 0.458984 0.659180 0.459961 0.659180 0.461914 0.661133 0.461914 0.662109 0.460938 0.667969 0.460938 0.668945 0.459961 0.674805 0.459961 0.675781 0.458984 0.681641 0.458984 0.681641 0.458008 0.683594 0.456055 0.683594 0.455078 0.685547 0.453125 0.685547 0.452148 0.687500 0.450195 0.686523 0.449219 0.686523 0.446289 0.685547 0.445312 0.681641 0.445312 0.680664 0.444336 0.680664 0.442383 0.681641 0.441406 0.684570 0.441406 0.684570 0.438477 0.683594 0.437500 0.683594 0.434570 0.682617 0.433594 0.682617 0.430664 0.681641 0.429688
1 0.697266 0.440430 0.692383 0.440430 0.691406 0.441406 0.686523 0.441406 0.685547 0.442383 0.681641 0.442383 0.682617 0.443359 0.681641 0.444336 0.682617 0.443359 0.683594 0.444336 0.686523 0.444336 0.687500 0.443359 0.693359 0.443359 0.694336 0.442383 0.697266 0.442383
0 0.727539 0.524414 0.725586 0.524414 0.724609 0.523438 0.722656 0.523438 0.721680 0.522461 0.719727 0.522461 0.718750 0.521484 0.714844 0.521484 0.713867 0.522461 0.711914 0.522461 0.710938 0.523438 0.708984 0.523438 0.708008 0.524414 0.706055 0.524414 0.705078 0.525391 0.704102 0.525391 0.703125 0.526367 0.701172 0.526367 0.700195 0.527344 0.698242 0.527344 0.697266 0.528320 0.695312 0.528320 0.694336 0.529297 0.694336 0.532227 0.695312 0.533203 0.695312 0.536133 0.696289 0.537109 0.696289 0.540039 0.697266 0.541016 0.697266 0.543945 0.698242 0.544922 0.698242 0.547852 0.699219 0.548828 0.699219 0.551758 0.701172 0.553711 0.702148 0.553711 0.703125 0.554688 0.705078 0.554688 0.706055 0.555664 0.707031 0.555664 0.708008 0.556641 0.708984 0.556641 0.709961 0.557617 0.712891 0.557617 0.713867 0.556641 0.715820 0.556641 0.716797 0.555664 0.718750 0.555664 0.719727 0.554688 0.720703 0.554688 0.721680 0.553711 0.723633 0.553711 0.724609 0.552734 0.726562 0.552734 0.727539 0.551758 0.728516 0.551758 0.729492 0.550781 0.731445 0.550781 0.732422 0.549805 0.734375 0.549805 0.734375 0.546875 0.733398 0.545898 0.733398 0.542969 0.732422 0.541992 0.732422 0.539062 0.731445 0.538086 0.731445 0.535156 0.730469 0.534180 0.730469 0.531250 0.729492 0.530273 0.729492 0.527344 0.728516 0.526367 0.728516 0.525391
0 0.321289 0.329102 0.321289 0.333984 0.322266 0.334961 0.322266 0.335938 0.323242 0.336914 0.323242 0.335938 0.324219 0.334961 0.324219 0.332031
1 0.356445 0.326172 0.355469 0.325195 0.355469 0.324219 0.354492 0.324219 0.352539 0.326172 0.351562 0.326172 0.352539 0.326172 0.353516 0.327148 0.354492 0.326172
0 0.341797 0.315430 0.340820 0.316406 0.339844 0.316406 0.338867 0.317383 0.337891 0.317383 0.336914 0.318359 0.335938 0.318359 0.334961 0.319336 0.333984 0.319336 0.333008 0.320312 0.332031 0.320312 0.331055 0.321289 0.330078 0.321289 0.328125 0.323242 0.327148 0.323242 0.326172 0.324219 0.325195 0.324219 0.324219 0.325195 0.323242 0.325195 0.322266 0.326172 0.321289 0.326172 0.321289 0.328125 0.325195 0.332031 0.325195 0.334961 0.324219 0.335938 0.324219 0.338867 0.325195 0.339844 0.325195 0.340820 0.327148 0.342773 0.327148 0.343750 0.328125 0.344727 0.328125 0.345703 0.330078 0.347656 0.330078 0.348633 0.331055 0.349609 0.331055 0.350586 0.333008 0.352539 0.333008 0.353516 0.333984 0.352539 0.334961 0.352539 0.335938 0.351562 0.336914 0.351562 0.337891 0.350586 0.338867 0.350586 0.339844 0.349609 0.340820 0.349609 0.341797 0.348633 0.342773 0.348633 0.343750 0.347656 0.344727 0.347656 0.345703 0.346680 0.346680 0.346680 0.347656 0.345703 0.348633 0.345703 0.349609 0.344727 0.350586 0.344727 0.352539 0.342773 0.353516 0.342773 0.353516 0.334961 0.352539 0.333984 0.352539 0.333008 0.350586 0.331055 0.350586 0.330078 0.349609 0.329102 0.349609 0.328125 0.347656 0.326172 0.347656 0.325195 0.346680 0.324219 0.346680 0.323242 0.344727 0.321289 0.344727 0.320312 0.342773 0.318359 0.342773 0.317383 0.341797 0.316406
1 0.349609 0.327148 0.350586 0.328125 0.350586 0.329102 0.351562 0.329102 0.352539 0.328125 0.352539 0.327148
1 0.361328 0.322266 0.360352 0.321289 0.359375 0.322266 0.358398 0.322266 0.357422 0.323242 0.356445 0.323242 0.356445 0.325195 0.358398 0.325195 0.359375 0.324219 0.360352 0.324219 0.360352 0.323242
0 0.712891 0.636719 0.711914 0.637695 0.708984 0.637695 0.708008 0.638672 0.705078 0.638672 0.704102 0.639648 0.701172 0.639648 0.700195 0.640625 0.697266 0.640625 0.696289 0.641602 0.694336 0.641602 0.693359 0.642578 0.690430 0.642578 0.689453 0.643555 0.686523 0.643555 0.687500 0.644531 0.687500 0.647461 0.688477 0.648438 0.688477 0.650391 0.689453 0.651367 0.689453 0.653320 0.690430 0.654297 0.690430 0.657227 0.691406 0.658203 0.691406 0.660156 0.692383 0.661133 0.692383 0.663086 0.693359 0.664062 0.693359 0.666992 0.694336 0.667969 0.694336 0.669922 0.695312 0.670898 0.695312 0.672852 0.696289 0.671875 0.698242 0.671875 0.699219 0.670898 0.702148 0.670898 0.703125 0.669922 0.706055 0.669922 0.707031 0.668945 0.709961 0.668945 0.710938 0.667969 0.713867 0.667969 0.714844 0.666992 0.717773 0.666992 0.718750 0.666016 0.720703 0.666016 0.721680 0.665039 0.721680 0.663086 0.720703 0.662109 0.720703 0.660156 0.719727 0.659180 0.719727 0.657227 0.718750 0.656250 0.718750 0.654297 0.717773 0.653320 0.717773 0.651367 0.716797 0.650391 0.716797 0.647461 0.715820 0.646484 0.715820 0.644531 0.714844 0.643555 0.714844 0.641602 0.713867 0.640625 0.713867 0.638672 0.712891 0.637695
1 0.690430 0.658203 0.689453 0.657227 0.688477 0.658203 0.685547 0.658203 0.684570 0.659180 0.681641 0.659180 0.680664 0.660156 0.677734 0.660156 0.676758 0.661133 0.674805 0.661133 0.673828 0.662109 0.672852 0.662109 0.673828 0.663086 0.676758 0.663086 0.677734 0.662109 0.681641 0.662109 0.682617 0.661133 0.685547 0.661133 0.686523 0.660156 0.688477 0.660156 0.689453 0.659180 0.690430 0.659180
