0 0.639515 0.998267 0.703640 0.998267 0.696707 0.991334 0.694974 0.991334 0.693241 0.989601 0.691508 0.989601 0.689775 0.987868 0.688042 0.987868 0.686308 0.986135 0.682842 0.986135 0.681109 0.984402 0.679376 0.984402 0.677643 0.982669 0.675910 0.982669 0.674177 0.980936 0.672444 0.980936 0.670711 0.979203 0.667244 0.979203 0.665511 0.977470 0.663778 0.977470 0.662045 0.975737 0.660312 0.975737 0.658579 0.974003 0.656846 0.974003 0.655113 0.972270 0.653380 0.972270 0.653380 0.974003 0.651646 0.975737 0.651646 0.977470 0.649913 0.979203 0.649913 0.980936 0.646447 0.984402 0.646447 0.986135 0.644714 0.987868 0.644714 0.989601 0.642981 0.991334 0.642981 0.993068 0.641248 0.994801 0.641248 0.996534
1 0.701906 0.960139 0.698440 0.960139 0.696707 0.961872 0.696707 0.963605 0.693241 0.967071 0.693241 0.968804 0.691508 0.970537 0.691508 0.972270 0.689775 0.974003 0.689775 0.975737 0.688042 0.977470 0.688042 0.979203 0.686308 0.980936 0.686308 0.982669 0.684575 0.984402 0.686308 0.984402 0.688042 0.986135 0.689775 0.986135 0.691508 0.984402 0.691508 0.982669 0.693241 0.980936 0.693241 0.979203 0.696707 0.975737 0.696707 0.974003 0.698440 0.972270 0.698440 0.970537 0.700173 0.968804 0.700173 0.967071 0.701906 0.965338 0.701906 0.963605 0.703640 0.961872
0 0.459272 0.998267 0.509532 0.998267 0.509532 0.991334 0.507799 0.991334 0.506066 0.989601 0.502600 0.989601 0.500867 0.987868 0.497400 0.987868 0.495667 0.986135 0.492201 0.986135 0.490468 0.984402 0.487002 0.984402 0.485269 0.982669 0.481802 0.982669 0.480069 0.980936 0.476603 0.980936 0.474870 0.979203 0.471404 0.979203 0.471404 0.980936 0.467938 0.984402 0.467938 0.986135 0.464471 0.989601 0.464471 0.991334 0.462738 0.993068 0.462738 0.994801
0 0.000000 0.974003 0.000000 0.998267 0.010399 0.998267 0.010399 0.986135 0.008666 0.984402 0.008666 0.979203 0.006932 0.977470 0.006932 0.975737 0.005199 0.975737 0.003466 0.974003
0 0.651646 0.360485 0.651646 0.369151 0.649913 0.370884 0.649913 0.379549 0.648180 0.381282 0.648180 0.391681 0.646447 0.393414 0.646447 0.402080 0.644714 0.403813 0.644714 0.409012 0.656846 0.409012 0.658579 0.410745 0.670711 0.410745 0.672444 0.412478 0.686308 0.412478 0.688042 0.414211 0.703640 0.414211 0.703640 0.410745 0.705373 0.409012 0.705373 0.400347 0.707106 0.398614 0.707106 0.389948 0.708839 0.388215 0.708839 0.379549 0.710572 0.377816 0.710572 0.369151 0.712305 0.367418 0.712305 0.365685 0.703640 0.365685 0.701906 0.363951 0.689775 0.363951 0.688042 0.362218 0.674177 0.362218 0.672444 0.360485
1 0.708839 0.389948 0.708839 0.393414 0.719237 0.393414 0.720971 0.395147 0.733102 0.395147 0.733102 0.391681 0.720971 0.391681 0.719237 0.389948
0 0.005199 0.629116 0.003466 0.630849 0.001733 0.630849 0.000000 0.632582 0.000000 0.689775 0.001733 0.689775 0.003466 0.688042 0.005199 0.688042 0.006932 0.686308 0.008666 0.686308 0.012132 0.682842 0.013865 0.682842 0.015598 0.681109 0.017331 0.681109 0.020797 0.677643 0.022530 0.677643 0.024263 0.675910 0.025997 0.675910 0.027730 0.674177 0.027730 0.668977 0.029463 0.667244 0.029463 0.663778 0.025997 0.660312 0.025997 0.658579 0.022530 0.655113 0.022530 0.653380 0.019064 0.649913 0.019064 0.648180 0.015598 0.644714 0.015598 0.642981 0.012132 0.639515 0.012132 0.637782 0.008666 0.634315 0.008666 0.632582
1 0.076256 0.577123 0.074523 0.575390 0.072790 0.577123 0.074523 0.575390
1 0.081456 0.552860 0.079723 0.552860 0.077990 0.554593 0.077990 0.556326 0.081456 0.556326
0 0.071057 0.506066 0.071057 0.511265 0.069324 0.512998 0.069324 0.518198 0.067591 0.519931 0.067591 0.523397 0.065858 0.525130 0.065858 0.530329 0.064125 0.532062 0.064125 0.537262 0.062392 0.538995 0.062392 0.551127 0.064125 0.552860 0.069324 0.552860 0.071057 0.554593 0.074523 0.554593 0.076256 0.556326 0.076256 0.554593 0.079723 0.551127 0.081456 0.551127 0.083189 0.552860 0.083189 0.558059 0.088388 0.558059 0.090121 0.559792 0.093588 0.559792 0.095321 0.561525 0.098787 0.561525 0.098787 0.559792 0.100520 0.558059 0.100520 0.552860 0.102253 0.551127 0.102253 0.547660 0.103986 0.545927 0.103986 0.540728 0.105719 0.538995 0.105719 0.533795 0.107452 0.532062 0.105719 0.530329 0.105719 0.528596 0.109185 0.525130 0.109185 0.516464 0.105719 0.516464 0.103986 0.514731 0.100520 0.514731 0.098787 0.512998 0.093588 0.512998 0.091854 0.511265 0.086655 0.511265 0.084922 0.509532 0.081456 0.509532 0.079723 0.507799 0.074523 0.507799 0.072790 0.506066
1 0.079723 0.558059 0.077990 0.558059 0.077990 0.559792 0.076256 0.561525 0.076256 0.566724 0.074523 0.568458 0.074523 0.573657 0.072790 0.575390 0.074523 0.577123 0.076256 0.575390 0.076256 0.571924 0.077990 0.570191 0.077990 0.564991 0.079723 0.563258
0 0.516464 0.918544 0.516464 0.923744 0.514731 0.925477 0.514731 0.930676 0.512998 0.932409 0.512998 0.937608 0.511265 0.939341 0.511265 0.944541 0.509532 0.946274 0.518198 0.946274 0.519931 0.948007 0.521664 0.948007 0.523397 0.949740 0.523397 0.953206 0.519931 0.956672 0.518198 0.954939 0.507799 0.954939 0.507799 0.956672 0.506066 0.958406 0.506066 0.963605 0.504333 0.965338 0.504333 0.968804 0.506066 0.970537 0.507799 0.970537 0.514731 0.977470 0.516464 0.977470 0.525130 0.986135 0.533795 0.986135 0.535529 0.987868 0.545927 0.987868 0.547660 0.989601 0.558059 0.989601 0.559792 0.991334 0.571924 0.991334 0.573657 0.993068 0.573657 0.989601 0.575390 0.987868 0.575390 0.982669 0.577123 0.980936 0.577123 0.975737 0.578856 0.974003 0.578856 0.968804 0.580589 0.967071 0.580589 0.963605 0.582322 0.961872 0.582322 0.956672 0.584055 0.954939 0.584055 0.949740 0.585789 0.948007 0.585789 0.944541 0.587522 0.942808 0.584055 0.939341 0.582322 0.939341 0.578856 0.935875 0.577123 0.935875 0.571924 0.930676 0.570191 0.930676 0.566724 0.927210 0.564991 0.927210 0.563258 0.925477 0.558059 0.925477 0.556326 0.923744 0.545927 0.923744 0.544194 0.922010 0.533795 0.922010 0.532062 0.920277 0.523397 0.920277 0.521664 0.918544
0 0.155979 0.526863 0.154246 0.528596 0.155979 0.530329
1 0.488735 0.944541 0.488735 0.949740 0.495667 0.949740 0.497400 0.951473 0.506066 0.951473 0.507799 0.953206 0.518198 0.953206 0.519931 0.954939 0.521664 0.953206 0.521664 0.949740 0.519931 0.949740 0.518198 0.948007 0.516464 0.949740 0.511265 0.949740 0.509532 0.948007 0.497400 0.948007 0.493934 0.944541 0.492201 0.946274 0.490468 0.944541
1 0.194107 0.545927 0.197574 0.549393 0.197574 0.552860 0.199307 0.552860 0.204506 0.558059 0.207972 0.558059 0.204506 0.554593 0.202773 0.554593
0 0.171577 0.506066 0.164645 0.512998 0.164645 0.514731 0.161179 0.518198 0.161179 0.519931 0.157712 0.523397 0.157712 0.530329 0.155979 0.532062 0.154246 0.530329 0.150780 0.533795 0.150780 0.535529 0.149047 0.537262 0.149047 0.538995 0.147314 0.540728 0.147314 0.542461 0.149047 0.544194 0.150780 0.544194 0.155979 0.549393 0.157712 0.549393 0.161179 0.552860 0.162912 0.552860 0.166378 0.556326 0.168111 0.556326 0.171577 0.559792 0.173310 0.559792 0.175043 0.561525 0.183709 0.552860 0.183709 0.551127 0.187175 0.547660 0.187175 0.542461 0.188908 0.540728 0.190641 0.542461 0.188908 0.540728 0.190641 0.538995 0.192374 0.538995 0.192374 0.537262 0.195841 0.533795 0.195841 0.532062 0.199307 0.528596 0.199307 0.526863 0.194107 0.521664 0.192374 0.521664 0.188908 0.518198 0.187175 0.518198 0.183709 0.514731 0.181976 0.514731 0.176776 0.509532 0.175043 0.509532
1 0.188908 0.544194 0.188908 0.547660 0.190641 0.547660 0.194107 0.551127 0.195841 0.551127 0.195841 0.549393 0.190641 0.544194
