0 0.244784 0.000000 0.247566 0.000000 0.248957 0.001391 0.251739 0.001391 0.253129 0.002782 0.255911 0.002782 0.257302 0.004172 0.260083 0.004172 0.261474 0.005563 0.261474 0.004172 0.262865 0.002782 0.267038 0.002782 0.268428 0.004172 0.268428 0.006954 0.283727 0.006954 0.285118 0.008345 0.292072 0.008345 0.292072 0.001391 0.293463 0.000000
1 0.614743 0.655076 0.614743 0.657858 0.616134 0.657858 0.617524 0.659249 0.617524 0.660640 0.618915 0.659249 0.618915 0.656467 0.617524 0.655076
1 0.267038 0.004172 0.262865 0.004172 0.262865 0.011127 0.261474 0.012517 0.261474 0.020862 0.260083 0.022253 0.260083 0.027816 0.261474 0.029207 0.264256 0.029207 0.264256 0.022253 0.265647 0.020862 0.265647 0.012517 0.267038 0.011127
0 0.581363 0.019471 0.579972 0.020862 0.578581 0.020862 0.577191 0.022253 0.575800 0.022253 0.574409 0.023644 0.573018 0.023644 0.571627 0.025035 0.570236 0.025035 0.568846 0.026426 0.567455 0.026426 0.566064 0.027816 0.564673 0.027816 0.563282 0.029207 0.561892 0.029207 0.560501 0.030598 0.559110 0.030598 0.557719 0.031989 0.556328 0.031989 0.553547 0.034771 0.552156 0.034771 0.550765 0.036161 0.549374 0.036161 0.549374 0.038943 0.550765 0.040334 0.550765 0.041725 0.552156 0.043115 0.552156 0.044506 0.553547 0.045897 0.553547 0.047288 0.554937 0.048679 0.554937 0.051460 0.556328 0.052851 0.556328 0.054242 0.557719 0.055633 0.557719 0.057024 0.559110 0.058414 0.559110 0.059805 0.560501 0.061196 0.560501 0.062587 0.561892 0.063978 0.561892 0.065369 0.563282 0.066759 0.563282 0.068150 0.564673 0.069541 0.564673 0.070932 0.566064 0.072323 0.566064 0.073713 0.568846 0.076495 0.568846 0.077886 0.570236 0.076495 0.571627 0.076495 0.573018 0.075104 0.574409 0.075104 0.575800 0.073713 0.577191 0.073713 0.578581 0.072323 0.579972 0.072323 0.581363 0.070932 0.582754 0.070932 0.584145 0.069541 0.585535 0.069541 0.586926 0.068150 0.588317 0.068150 0.591099 0.065369 0.592490 0.065369 0.593880 0.063978 0.595271 0.063978 0.596662 0.062587 0.598053 0.062587 0.599444 0.061196 0.600834 0.061196 0.600834 0.059805 0.599444 0.058414 0.599444 0.057024 0.598053 0.055633 0.598053 0.052851 0.596662 0.051460 0.596662 0.050070 0.595271 0.048679 0.595271 0.047288 0.593880 0.045897 0.593880 0.044506 0.592490 0.043115 0.592490 0.041725 0.591099 0.040334 0.591099 0.038943 0.589708 0.037552 0.589708 0.036161 0.588317 0.034771 0.588317 0.033380 0.586926 0.031989 0.586926 0.030598 0.585535 0.029207 0.585535 0.026426 0.584145 0.025035 0.584145 0.023644 0.582754 0.022253 0.582754 0.020862
1 0.695410 0.152990 0.694019 0.152990 0.694019 0.154381 0.692629 0.155772 0.695410 0.155772 0.694019 0.154381
1 0.613352 0.026426 0.611961 0.027816 0.610570 0.027816 0.607789 0.030598 0.606398 0.030598 0.605007 0.031989 0.603616 0.031989 0.602225 0.033380 0.600834 0.033380 0.599444 0.034771 0.598053 0.034771 0.596662 0.036161 0.595271 0.036161 0.593880 0.037552 0.592490 0.037552 0.592490 0.040334 0.593880 0.040334 0.595271 0.038943 0.596662 0.040334 0.600834 0.036161 0.603616 0.036161 0.605007 0.034771 0.606398 0.034771 0.610570 0.030598 0.611961 0.030598 0.613352 0.029207 0.614743 0.030598 0.614743 0.029207 0.613352 0.027816
0 0.707928 0.136300 0.707928 0.137691 0.706537 0.139082 0.706537 0.140473 0.705146 0.141864 0.705146 0.144645 0.703755 0.146036 0.703755 0.147427 0.702364 0.148818 0.702364 0.150209 0.700974 0.151599 0.700974 0.154381 0.699583 0.155772 0.699583 0.157163 0.698192 0.158554 0.698192 0.159944 0.696801 0.161335 0.696801 0.164117 0.695410 0.165508 0.695410 0.166898 0.694019 0.168289 0.694019 0.169680 0.695410 0.171071 0.695410 0.172462 0.696801 0.173853 0.696801 0.175243 0.698192 0.176634 0.698192 0.178025 0.700974 0.178025 0.702364 0.179416 0.705146 0.179416 0.706537 0.180807 0.709318 0.180807 0.710709 0.182197 0.713491 0.182197 0.714882 0.183588 0.717663 0.183588 0.719054 0.184979 0.720445 0.184979 0.721836 0.186370 0.724618 0.186370 0.726008 0.187761 0.728790 0.187761 0.730181 0.189152 0.730181 0.187761 0.731572 0.186370 0.731572 0.183588 0.732962 0.182197 0.732962 0.180807 0.734353 0.179416 0.734353 0.178025 0.735744 0.176634 0.735744 0.173853 0.737135 0.172462 0.737135 0.171071 0.738526 0.169680 0.738526 0.168289 0.739917 0.166898 0.739917 0.164117 0.741307 0.162726 0.741307 0.161335 0.742698 0.159944 0.742698 0.158554 0.744089 0.157163 0.742698 0.155772 0.742698 0.152990 0.741307 0.151599 0.741307 0.148818 0.739917 0.147427 0.737135 0.147427 0.735744 0.146036 0.732962 0.146036 0.731572 0.144645 0.728790 0.144645 0.727399 0.143255 0.724618 0.143255 0.723227 0.141864 0.720445 0.141864 0.719054 0.140473 0.716273 0.140473 0.714882 0.139082 0.713491 0.139082 0.712100 0.137691 0.709318 0.137691
1 0.133519 0.322670 0.133519 0.326843 0.134910 0.328234 0.134910 0.325452 0.133519 0.324061
1 0.695410 0.154381 0.696801 0.155772 0.696801 0.157163 0.698192 0.157163 0.698192 0.155772 0.699583 0.154381
1 0.680111 0.150209 0.681502 0.151599 0.682893 0.151599 0.684284 0.152990 0.688456 0.152990 0.689847 0.154381 0.692629 0.154381 0.692629 0.151599 0.689847 0.151599 0.688456 0.150209 0.685675 0.150209 0.684284 0.148818 0.681502 0.148818
0 0.744089 0.246175 0.735744 0.254520 0.735744 0.255911 0.723227 0.268428 0.723227 0.271210 0.735744 0.283727 0.737135 0.283727 0.739917 0.286509 0.741307 0.286509 0.752434 0.297636 0.753825 0.297636 0.756606 0.300417 0.756606 0.299026 0.771905 0.283727 0.771905 0.282337 0.777469 0.276773 0.777469 0.275382 0.763561 0.261474 0.762170 0.261474 0.756606 0.255911 0.755216 0.255911 0.751043 0.251739 0.749652 0.251739
