0 0.409180 0.466797 0.405273 0.470703 0.405273 0.471680 0.401367 0.475586 0.401367 0.476562 0.397461 0.480469 0.397461 0.481445 0.395508 0.483398 0.395508 0.484375 0.397461 0.486328 0.398438 0.486328 0.404297 0.492188 0.405273 0.492188 0.411133 0.498047 0.412109 0.498047 0.413086 0.499023 0.415039 0.499023 0.416992 0.500977 0.417969 0.500977 0.418945 0.501953 0.421875 0.499023 0.421875 0.498047 0.425781 0.494141 0.425781 0.493164 0.429688 0.489258 0.429688 0.488281 0.433594 0.484375 0.433594 0.483398 0.431641 0.481445 0.430664 0.481445 0.423828 0.474609 0.422852 0.474609 0.416992 0.468750 0.415039 0.468750 0.414062 0.467773 0.413086 0.467773 0.412109 0.466797
1 0.430664 0.461914 0.427734 0.464844 0.427734 0.465820 0.423828 0.469727 0.423828 0.470703 0.421875 0.472656 0.422852 0.473633 0.423828 0.473633 0.426758 0.470703 0.426758 0.469727 0.430664 0.465820 0.430664 0.464844 0.431641 0.463867 0.431641 0.462891
0 0.406250 0.668945 0.395508 0.679688 0.394531 0.679688 0.391602 0.682617 0.398438 0.689453 0.398438 0.690430 0.405273 0.697266 0.405273 0.698242 0.408203 0.698242 0.419922 0.686523 0.420898 0.686523 0.422852 0.684570 0.420898 0.682617 0.420898 0.681641 0.413086 0.673828 0.413086 0.672852 0.409180 0.668945
1 0.391602 0.665039 0.390625 0.666016 0.398438 0.673828 0.398438 0.674805 0.399414 0.674805 0.400391 0.673828 0.393555 0.666992 0.393555 0.666016 0.392578 0.665039
0 0.674805 0.533203 0.674805 0.537109 0.673828 0.538086 0.673828 0.546875 0.672852 0.547852 0.672852 0.551758 0.673828 0.552734 0.676758 0.552734 0.677734 0.553711 0.679688 0.553711 0.680664 0.554688 0.682617 0.554688 0.683594 0.555664 0.700195 0.555664 0.700195 0.553711 0.701172 0.552734 0.701172 0.543945 0.702148 0.542969 0.702148 0.536133 0.700195 0.536133 0.699219 0.535156 0.697266 0.535156 0.696289 0.534180 0.693359 0.534180 0.692383 0.533203 0.690430 0.533203 0.689453 0.532227 0.688477 0.532227 0.687500 0.533203
1 0.689453 0.521484 0.688477 0.522461 0.688477 0.530273 0.687500 0.531250 0.687500 0.532227 0.688477 0.531250 0.689453 0.531250 0.689453 0.530273 0.690430 0.529297 0.690430 0.522461
0 0.435547 0.630859 0.433594 0.632812 0.432617 0.632812 0.430664 0.634766 0.429688 0.634766 0.427734 0.636719 0.426758 0.636719 0.425781 0.637695 0.424805 0.637695 0.422852 0.639648 0.421875 0.639648 0.419922 0.641602 0.419922 0.643555 0.420898 0.644531 0.420898 0.645508 0.421875 0.646484 0.421875 0.647461 0.422852 0.648438 0.422852 0.649414 0.423828 0.650391 0.423828 0.651367 0.425781 0.653320 0.425781 0.654297 0.427734 0.656250 0.427734 0.657227 0.429688 0.659180 0.429688 0.660156 0.432617 0.663086 0.432617 0.665039 0.434570 0.663086 0.435547 0.663086 0.437500 0.661133 0.438477 0.661133 0.440430 0.659180 0.438477 0.657227 0.438477 0.655273 0.439453 0.654297 0.440430 0.654297 0.441406 0.655273 0.441406 0.656250 0.443359 0.658203 0.445312 0.656250 0.446289 0.656250 0.448242 0.654297 0.449219 0.654297 0.449219 0.653320 0.448242 0.652344 0.448242 0.650391 0.447266 0.649414 0.447266 0.648438 0.446289 0.647461 0.446289 0.645508 0.444336 0.643555 0.444336 0.642578 0.441406 0.639648 0.441406 0.638672 0.439453 0.636719 0.439453 0.635742 0.437500 0.633789 0.437500 0.632812
0 0.510742 0.548828 0.509766 0.549805 0.510742 0.550781 0.509766 0.549805
1 0.439453 0.655273 0.439453 0.657227 0.441406 0.659180 0.441406 0.660156 0.443359 0.662109 0.443359 0.663086 0.445312 0.665039 0.445312 0.666016 0.446289 0.666016 0.446289 0.664062 0.445312 0.663086 0.445312 0.662109 0.442383 0.659180 0.442383 0.658203 0.440430 0.656250 0.440430 0.655273
1 0.493164 0.545898 0.492188 0.545898 0.490234 0.547852 0.490234 0.548828 0.491211 0.549805 0.491211 0.548828 0.490234 0.547852 0.491211 0.546875 0.492188 0.546875
1 0.500000 0.540039 0.499023 0.540039 0.497070 0.541992 0.498047 0.541992
0 0.505859 0.515625 0.502930 0.518555 0.501953 0.518555 0.496094 0.524414 0.495117 0.524414 0.491211 0.528320 0.491211 0.530273 0.492188 0.531250 0.492188 0.532227 0.493164 0.533203 0.493164 0.534180 0.494141 0.535156 0.494141 0.536133 0.495117 0.537109 0.495117 0.538086 0.496094 0.539062 0.496094 0.540039 0.497070 0.541016 0.500000 0.538086 0.502930 0.541016 0.499023 0.544922 0.499023 0.545898 0.500000 0.545898 0.500977 0.546875 0.502930 0.546875 0.503906 0.547852 0.504883 0.547852 0.505859 0.548828 0.507812 0.548828 0.508789 0.549805 0.509766 0.548828 0.511719 0.550781 0.512695 0.550781 0.514648 0.548828 0.515625 0.548828 0.522461 0.541992 0.523438 0.541992 0.527344 0.538086 0.527344 0.536133 0.526367 0.535156 0.526367 0.533203 0.525391 0.532227 0.525391 0.531250 0.524414 0.530273 0.524414 0.529297 0.523438 0.528320 0.523438 0.527344 0.522461 0.526367 0.522461 0.525391 0.521484 0.524414 0.521484 0.523438 0.520508 0.522461 0.520508 0.521484 0.518555 0.519531 0.516602 0.519531 0.515625 0.518555 0.513672 0.518555 0.512695 0.517578 0.510742 0.517578 0.509766 0.516602 0.508789 0.516602 0.507812 0.515625
0 0.407227 0.495117 0.406250 0.496094 0.407227 0.497070 0.405273 0.499023 0.404297 0.499023 0.403320 0.498047 0.402344 0.499023 0.400391 0.499023 0.399414 0.500000 0.399414 0.501953 0.398438 0.502930 0.396484 0.502930 0.395508 0.503906 0.395508 0.504883 0.392578 0.507812 0.392578 0.511719 0.393555 0.512695 0.393555 0.516602 0.395508 0.518555 0.395508 0.519531 0.395508 0.517578 0.397461 0.515625 0.397461 0.514648 0.395508 0.512695 0.394531 0.512695 0.393555 0.511719 0.397461 0.507812 0.398438 0.507812 0.400391 0.505859 0.401367 0.505859 0.402344 0.506836 0.402344 0.507812 0.401367 0.508789 0.401367 0.510742 0.403320 0.508789 0.404297 0.508789 0.405273 0.507812 0.406250 0.507812 0.406250 0.506836 0.407227 0.505859 0.409180 0.507812 0.409180 0.508789 0.413086 0.508789 0.414062 0.507812 0.415039 0.508789 0.416016 0.507812 0.418945 0.510742 0.418945 0.511719 0.416016 0.514648 0.415039 0.514648 0.414062 0.515625 0.409180 0.515625 0.409180 0.516602 0.410156 0.517578 0.410156 0.521484 0.409180 0.522461 0.408203 0.522461 0.407227 0.521484 0.406250 0.521484 0.405273 0.520508 0.405273 0.519531 0.404297 0.520508 0.403320 0.519531 0.402344 0.519531 0.401367 0.518555 0.399414 0.518555 0.399414 0.521484 0.400391 0.522461 0.399414 0.523438 0.399414 0.524414 0.400391 0.525391 0.400391 0.526367 0.402344 0.528320 0.404297 0.526367 0.405273 0.527344 0.407227 0.527344 0.408203 0.528320 0.409180 0.527344 0.410156 0.527344 0.412109 0.525391 0.413086 0.525391 0.415039 0.523438 0.416016 0.523438 0.417969 0.521484 0.418945 0.521484 0.420898 0.519531 0.421875 0.519531 0.422852 0.518555 0.422852 0.517578 0.420898 0.515625 0.421875 0.514648 0.420898 0.513672 0.420898 0.510742 0.417969 0.507812 0.417969 0.506836 0.416016 0.504883 0.416016 0.503906 0.413086 0.500977 0.413086 0.500000 0.412109 0.500000 0.412109 0.501953 0.411133 0.502930 0.406250 0.498047 0.408203 0.496094
1 0.500000 0.539062 0.500977 0.540039 0.498047 0.542969 0.496094 0.542969 0.494141 0.544922 0.493164 0.544922 0.494141 0.545898 0.492188 0.547852 0.491211 0.547852 0.492188 0.548828 0.492188 0.549805 0.498047 0.543945 0.499023 0.543945 0.501953 0.541016
1 0.407227 0.514648 0.406250 0.515625 0.406250 0.517578 0.407227 0.518555 0.407227 0.520508 0.408203 0.521484 0.409180 0.521484 0.409180 0.517578 0.408203 0.516602 0.408203 0.515625
0 0.407227 0.528320 0.405273 0.528320 0.404297 0.527344 0.403320 0.528320 0.403320 0.530273 0.405273 0.530273
0 0.394531 0.511719 0.395508 0.511719 0.398438 0.514648 0.398438 0.515625 0.396484 0.517578 0.396484 0.520508 0.398438 0.522461 0.398438 0.523438 0.399414 0.522461 0.398438 0.521484 0.398438 0.518555 0.399414 0.517578 0.401367 0.517578 0.402344 0.518555 0.403320 0.518555 0.404297 0.519531 0.405273 0.518555 0.406250 0.519531 0.406250 0.520508 0.406250 0.518555 0.405273 0.518555 0.404297 0.517578 0.405273 0.516602 0.405273 0.515625 0.407227 0.513672 0.408203 0.514648 0.414062 0.514648 0.415039 0.513672 0.416016 0.513672 0.417969 0.511719 0.417969 0.510742 0.416016 0.508789 0.415039 0.509766 0.414062 0.508789 0.413086 0.509766 0.409180 0.509766 0.408203 0.508789 0.408203 0.507812 0.407227 0.506836 0.407227 0.507812 0.406250 0.508789 0.405273 0.508789 0.404297 0.509766 0.403320 0.509766 0.401367 0.511719 0.400391 0.510742 0.400391 0.508789 0.401367 0.507812 0.401367 0.506836 0.400391 0.506836 0.398438 0.508789 0.397461 0.508789
0 0.398438 0.500977 0.397461 0.500977 0.395508 0.502930 0.394531 0.502930 0.392578 0.504883 0.391602 0.504883 0.390625 0.505859 0.390625 0.506836 0.391602 0.507812 0.390625 0.508789 0.390625 0.511719 0.391602 0.512695 0.391602 0.513672 0.392578 0.514648 0.392578 0.512695 0.391602 0.511719 0.391602 0.507812 0.394531 0.504883 0.394531 0.503906 0.396484 0.501953 0.398438 0.501953
0 0.402344 0.498047 0.403320 0.497070 0.404297 0.498047 0.405273 0.498047 0.406250 0.497070 0.409180 0.500000 0.408203 0.500977 0.409180 0.500000 0.411133 0.501953 0.411133 0.500000 0.412109 0.499023 0.411133 0.499023 0.409180 0.497070 0.408203 0.497070 0.406250 0.495117 0.404297 0.497070 0.403320 0.497070
0 0.583008 0.377930 0.582031 0.378906 0.582031 0.379883 0.581055 0.380859 0.581055 0.382812 0.580078 0.383789 0.580078 0.384766 0.579102 0.385742 0.579102 0.386719 0.578125 0.387695 0.578125 0.389648 0.577148 0.390625 0.577148 0.391602 0.576172 0.392578 0.576172 0.394531 0.575195 0.395508 0.575195 0.396484 0.574219 0.397461 0.574219 0.398438 0.573242 0.399414 0.573242 0.401367 0.572266 0.402344 0.572266 0.403320 0.573242 0.403320 0.574219 0.404297 0.575195 0.404297 0.576172 0.405273 0.577148 0.405273 0.579102 0.407227 0.580078 0.407227 0.581055 0.408203 0.582031 0.408203 0.583008 0.409180 0.583984 0.409180 0.585938 0.411133 0.586914 0.411133 0.587891 0.412109 0.589844 0.412109 0.590820 0.413086 0.593750 0.413086 0.594727 0.414062 0.596680 0.414062 0.597656 0.415039 0.599609 0.415039 0.600586 0.416016 0.603516 0.416016 0.604492 0.416992 0.606445 0.416992 0.607422 0.417969 0.608398 0.416992 0.608398 0.416016 0.609375 0.415039 0.609375 0.414062 0.610352 0.413086 0.610352 0.411133 0.611328 0.410156 0.611328 0.409180 0.612305 0.408203 0.612305 0.407227 0.613281 0.406250 0.613281 0.404297 0.614258 0.403320 0.614258 0.402344 0.615234 0.401367 0.615234 0.399414 0.616211 0.398438 0.616211 0.397461 0.617188 0.396484 0.617188 0.395508 0.618164 0.394531 0.618164 0.392578 0.616211 0.390625 0.615234 0.390625 0.614258 0.389648 0.613281 0.389648 0.611328 0.387695 0.610352 0.387695 0.608398 0.385742 0.607422 0.385742 0.606445 0.384766 0.605469 0.384766 0.603516 0.382812 0.601562 0.382812 0.600586 0.381836 0.597656 0.381836 0.596680 0.380859 0.593750 0.380859 0.592773 0.379883 0.589844 0.379883 0.588867 0.378906 0.585938 0.378906 0.584961 0.377930
1 0.411133 0.556641 0.411133 0.557617 0.412109 0.558594 0.411133 0.557617
1 0.571289 0.391602 0.572266 0.392578 0.574219 0.392578 0.575195 0.393555 0.575195 0.392578 0.576172 0.391602 0.575195 0.390625 0.572266 0.390625
0 0.429688 0.546875 0.428711 0.547852 0.427734 0.547852 0.426758 0.548828 0.425781 0.548828 0.424805 0.549805 0.423828 0.549805 0.422852 0.550781 0.420898 0.550781 0.419922 0.551758 0.418945 0.551758 0.417969 0.552734 0.416992 0.552734 0.416016 0.553711 0.415039 0.553711 0.415039 0.555664 0.416016 0.555664 0.416992 0.556641 0.417969 0.556641 0.418945 0.557617 0.419922 0.557617 0.420898 0.558594 0.422852 0.558594 0.423828 0.559570 0.423828 0.561523 0.422852 0.562500 0.418945 0.562500 0.417969 0.561523 0.416992 0.561523 0.416016 0.560547 0.415039 0.560547 0.415039 0.562500 0.414062 0.563477 0.414062 0.576172 0.415039 0.576172 0.416016 0.577148 0.417969 0.577148 0.418945 0.578125 0.419922 0.578125 0.420898 0.579102 0.422852 0.579102 0.423828 0.580078 0.424805 0.580078 0.425781 0.581055 0.427734 0.581055 0.428711 0.582031 0.429688 0.582031 0.430664 0.583008 0.432617 0.583008 0.433594 0.582031 0.435547 0.582031 0.436523 0.581055 0.437500 0.581055 0.438477 0.580078 0.440430 0.580078 0.441406 0.579102 0.442383 0.579102 0.443359 0.578125 0.444336 0.578125 0.445312 0.577148 0.447266 0.577148 0.448242 0.576172 0.448242 0.569336 0.449219 0.568359 0.449219 0.554688 0.448242 0.553711 0.447266 0.553711 0.446289 0.552734 0.445312 0.552734 0.444336 0.551758 0.443359 0.551758 0.442383 0.550781 0.440430 0.550781 0.439453 0.549805 0.438477 0.549805 0.437500 0.548828 0.436523 0.548828 0.435547 0.547852 0.433594 0.547852 0.432617 0.546875
1 0.409180 0.555664 0.409180 0.556641 0.410156 0.557617 0.410156 0.556641 0.411133 0.555664 0.412109 0.556641 0.412109 0.557617 0.413086 0.558594 0.414062 0.558594 0.415039 0.559570 0.416016 0.559570 0.416992 0.560547 0.417969 0.560547 0.418945 0.561523 0.422852 0.561523 0.422852 0.559570 0.420898 0.559570 0.419922 0.558594 0.418945 0.558594 0.417969 0.557617 0.416992 0.557617 0.416016 0.556641 0.414062 0.556641 0.413086 0.555664 0.412109 0.555664 0.411133 0.554688 0.410156 0.554688
