0 0.392578 0.450195 0.391602 0.450195 0.386719 0.455078 0.385742 0.455078 0.380859 0.459961 0.379883 0.459961 0.375000 0.464844 0.374023 0.464844 0.369141 0.469727 0.368164 0.469727 0.362305 0.475586 0.361328 0.475586 0.357422 0.479492 0.357422 0.480469 0.356445 0.481445 0.356445 0.483398 0.355469 0.484375 0.355469 0.485352 0.354492 0.486328 0.354492 0.488281 0.353516 0.489258 0.353516 0.490234 0.352539 0.491211 0.352539 0.492188 0.351562 0.493164 0.351562 0.495117 0.350586 0.496094 0.350586 0.497070 0.349609 0.498047 0.349609 0.500000 0.348633 0.500977 0.348633 0.502930 0.354492 0.508789 0.355469 0.508789 0.367188 0.520508 0.368164 0.520508 0.379883 0.532227 0.385742 0.526367 0.386719 0.526367 0.392578 0.520508 0.393555 0.520508 0.396484 0.517578 0.397461 0.517578 0.400391 0.520508 0.400391 0.521484 0.401367 0.522461 0.402344 0.522461 0.404297 0.520508 0.405273 0.520508 0.409180 0.516602 0.410156 0.516602 0.413086 0.513672 0.414062 0.513672 0.417969 0.509766 0.418945 0.509766 0.420898 0.507812 0.420898 0.506836 0.421875 0.505859 0.421875 0.502930 0.422852 0.501953 0.422852 0.499023 0.423828 0.498047 0.423828 0.495117 0.424805 0.494141 0.424805 0.491211 0.425781 0.490234 0.425781 0.487305 0.426758 0.486328 0.426758 0.483398 0.398438 0.455078 0.397461 0.455078
0 0.712891 0.659180 0.708984 0.663086 0.708008 0.663086 0.700195 0.670898 0.699219 0.670898 0.691406 0.678711 0.690430 0.678711 0.692383 0.680664 0.692383 0.681641 0.699219 0.688477 0.699219 0.689453 0.706055 0.696289 0.706055 0.697266 0.719727 0.710938 0.720703 0.710938 0.721680 0.709961 0.722656 0.709961 0.730469 0.702148 0.731445 0.702148 0.739258 0.694336 0.740234 0.694336 0.743164 0.691406 0.742188 0.690430 0.742188 0.689453 0.735352 0.682617 0.735352 0.681641 0.723633 0.669922 0.723633 0.668945 0.713867 0.659180
1 0.695312 0.659180 0.693359 0.661133 0.700195 0.667969 0.700195 0.668945 0.701172 0.668945 0.702148 0.667969 0.702148 0.666992 0.697266 0.662109 0.697266 0.661133
0 0.452148 0.999023 0.512695 0.999023 0.512695 0.997070 0.511719 0.996094 0.511719 0.985352 0.510742 0.984375 0.508789 0.984375 0.507812 0.983398 0.503906 0.983398 0.502930 0.982422 0.499023 0.982422 0.498047 0.981445 0.494141 0.981445 0.493164 0.980469 0.489258 0.980469 0.488281 0.979492 0.484375 0.979492 0.483398 0.978516 0.479492 0.978516 0.478516 0.977539 0.475586 0.977539 0.474609 0.976562 0.470703 0.976562 0.469727 0.975586 0.465820 0.975586 0.464844 0.974609 0.463867 0.974609 0.463867 0.975586 0.462891 0.976562 0.462891 0.977539 0.461914 0.978516 0.461914 0.979492 0.460938 0.980469 0.460938 0.981445 0.459961 0.982422 0.459961 0.983398 0.458984 0.984375 0.458984 0.985352 0.458008 0.986328 0.458008 0.988281 0.457031 0.989258 0.457031 0.990234 0.456055 0.991211 0.456055 0.992188 0.455078 0.993164 0.455078 0.994141 0.454102 0.995117 0.454102 0.996094 0.453125 0.997070 0.453125 0.998047
0 0.564453 0.621094 0.565430 0.621094 0.566406 0.622070 0.567383 0.621094 0.566406 0.622070 0.565430 0.621094
0 0.584961 0.612305 0.583984 0.612305 0.583008 0.613281 0.582031 0.612305 0.580078 0.612305 0.577148 0.615234 0.576172 0.615234 0.576172 0.617188 0.577148 0.616211 0.578125 0.616211 0.579102 0.615234 0.580078 0.615234 0.581055 0.614258 0.582031 0.614258 0.583008 0.613281 0.583984 0.613281
0 0.565430 0.610352 0.565430 0.611328 0.566406 0.612305 0.566406 0.613281 0.567383 0.614258 0.567383 0.615234 0.568359 0.616211 0.569336 0.616211 0.570312 0.615234 0.570312 0.612305 0.569336 0.611328 0.567383 0.611328 0.566406 0.610352
0 0.544922 0.588867 0.544922 0.593750 0.541992 0.596680 0.541992 0.597656 0.543945 0.599609 0.543945 0.600586 0.544922 0.601562 0.544922 0.602539 0.545898 0.603516 0.545898 0.604492 0.547852 0.606445 0.547852 0.607422 0.548828 0.608398 0.548828 0.609375 0.550781 0.611328 0.550781 0.612305 0.551758 0.613281 0.552734 0.612305 0.553711 0.613281 0.554688 0.612305 0.555664 0.612305 0.556641 0.611328 0.557617 0.611328 0.558594 0.612305 0.559570 0.612305 0.560547 0.611328 0.560547 0.608398 0.561523 0.607422 0.561523 0.606445 0.562500 0.605469 0.562500 0.600586 0.563477 0.599609 0.563477 0.595703 0.564453 0.594727 0.562500 0.592773 0.561523 0.592773 0.558594 0.595703 0.557617 0.594727 0.556641 0.594727 0.555664 0.593750 0.554688 0.593750 0.553711 0.592773 0.552734 0.592773 0.551758 0.591797 0.550781 0.591797 0.549805 0.590820 0.548828 0.590820 0.547852 0.589844 0.546875 0.589844 0.545898 0.588867
0 0.538086 0.584961 0.537109 0.585938 0.537109 0.586914 0.538086 0.587891 0.537109 0.588867 0.538086 0.589844 0.537109 0.588867 0.539062 0.586914 0.540039 0.587891 0.541016 0.587891 0.541016 0.586914 0.540039 0.585938 0.539062 0.585938
0 0.583984 0.582031 0.583984 0.584961 0.584961 0.585938 0.584961 0.586914 0.585938 0.586914 0.586914 0.587891 0.587891 0.587891 0.587891 0.585938 0.586914 0.584961 0.586914 0.583984 0.584961 0.582031
0 0.579102 0.570312 0.578125 0.571289 0.578125 0.572266 0.574219 0.576172 0.574219 0.577148 0.570312 0.581055 0.571289 0.582031 0.569336 0.583984 0.568359 0.583984 0.566406 0.585938 0.566406 0.586914 0.564453 0.588867 0.564453 0.590820 0.565430 0.589844 0.566406 0.590820 0.569336 0.590820 0.570312 0.591797 0.571289 0.591797 0.572266 0.592773 0.573242 0.592773 0.574219 0.593750 0.574219 0.594727 0.572266 0.596680 0.573242 0.597656 0.573242 0.602539 0.574219 0.603516 0.575195 0.603516 0.576172 0.602539 0.576172 0.600586 0.577148 0.599609 0.581055 0.599609 0.583984 0.602539 0.583984 0.603516 0.582031 0.605469 0.581055 0.605469 0.580078 0.606445 0.580078 0.609375 0.581055 0.610352 0.583984 0.607422 0.585938 0.607422 0.586914 0.606445 0.588867 0.606445 0.590820 0.608398 0.590820 0.609375 0.591797 0.609375 0.592773 0.608398 0.593750 0.608398 0.594727 0.607422 0.595703 0.607422 0.596680 0.606445 0.597656 0.606445 0.598633 0.605469 0.595703 0.602539 0.596680 0.601562 0.595703 0.600586 0.594727 0.601562 0.593750 0.600586 0.593750 0.599609 0.591797 0.597656 0.591797 0.596680 0.592773 0.595703 0.592773 0.594727 0.591797 0.593750 0.591797 0.592773 0.590820 0.591797 0.589844 0.592773 0.588867 0.592773 0.588867 0.595703 0.587891 0.596680 0.585938 0.594727 0.585938 0.593750 0.584961 0.592773 0.583008 0.592773 0.582031 0.593750 0.580078 0.593750 0.577148 0.590820 0.577148 0.589844 0.576172 0.588867 0.576172 0.586914 0.578125 0.584961 0.578125 0.582031 0.579102 0.581055 0.579102 0.580078 0.580078 0.579102 0.581055 0.579102 0.583008 0.577148 0.580078 0.574219 0.580078 0.572266 0.579102 0.571289
0 0.551758 0.599609 0.550781 0.600586 0.550781 0.601562 0.552734 0.603516 0.553711 0.603516 0.554688 0.604492 0.554688 0.606445 0.555664 0.607422 0.555664 0.608398 0.556641 0.609375 0.556641 0.610352 0.557617 0.610352 0.557617 0.607422 0.558594 0.606445 0.554688 0.602539 0.554688 0.600586 0.553711 0.599609
0 0.563477 0.589844 0.562500 0.590820 0.562500 0.591797 0.565430 0.594727 0.567383 0.592773 0.568359 0.592773 0.569336 0.593750 0.569336 0.594727 0.570312 0.595703 0.570312 0.596680 0.571289 0.597656 0.571289 0.598633 0.570312 0.599609 0.570312 0.605469 0.567383 0.608398 0.566406 0.608398 0.565430 0.609375 0.563477 0.607422 0.563477 0.606445 0.562500 0.606445 0.562500 0.607422 0.561523 0.608398 0.561523 0.611328 0.559570 0.613281 0.558594 0.613281 0.557617 0.612305 0.556641 0.612305 0.555664 0.613281 0.554688 0.613281 0.553711 0.614258 0.552734 0.613281 0.551758 0.614258 0.552734 0.615234 0.552734 0.616211 0.554688 0.618164 0.554688 0.619141 0.557617 0.622070 0.556641 0.623047 0.558594 0.625000 0.558594 0.625977 0.559570 0.625000 0.560547 0.625000 0.561523 0.624023 0.562500 0.624023 0.564453 0.622070 0.565430 0.622070 0.567383 0.620117 0.568359 0.621094 0.570312 0.619141 0.572266 0.619141 0.573242 0.618164 0.574219 0.618164 0.575195 0.617188 0.575195 0.615234 0.576172 0.614258 0.577148 0.614258 0.580078 0.611328 0.582031 0.611328 0.583008 0.612305 0.582031 0.613281 0.583984 0.611328 0.584961 0.611328 0.585938 0.612305 0.586914 0.611328 0.587891 0.611328 0.588867 0.610352 0.589844 0.610352 0.589844 0.608398 0.588867 0.607422 0.586914 0.607422 0.585938 0.608398 0.583984 0.608398 0.581055 0.611328 0.579102 0.609375 0.579102 0.606445 0.581055 0.604492 0.582031 0.604492 0.583008 0.603516 0.583008 0.602539 0.581055 0.600586 0.577148 0.600586 0.577148 0.602539 0.575195 0.604492 0.574219 0.604492 0.572266 0.602539 0.572266 0.597656 0.571289 0.596680 0.573242 0.594727 0.573242 0.593750 0.572266 0.593750 0.571289 0.592773 0.570312 0.592773 0.569336 0.591797 0.566406 0.591797 0.565430 0.590820 0.564453 0.591797 0.563477 0.590820
0 0.537109 0.584961 0.536133 0.585938 0.536133 0.586914 0.539062 0.589844 0.538086 0.590820 0.540039 0.592773 0.540039 0.593750 0.541016 0.594727 0.541016 0.595703 0.541992 0.595703 0.543945 0.593750 0.543945 0.587891 0.542969 0.588867 0.541992 0.587891 0.541992 0.586914 0.541992 0.587891 0.541016 0.588867 0.540039 0.588867 0.538086 0.586914 0.537109 0.587891 0.536133 0.586914 0.536133 0.585938
0 0.583008 0.565430 0.582031 0.566406 0.582031 0.567383 0.580078 0.569336 0.580078 0.571289 0.581055 0.572266 0.581055 0.574219 0.583008 0.576172 0.582031 0.577148 0.583008 0.578125 0.581055 0.580078 0.580078 0.580078 0.580078 0.581055 0.579102 0.582031 0.579102 0.584961 0.577148 0.586914 0.577148 0.588867 0.578125 0.589844 0.578125 0.590820 0.580078 0.592773 0.582031 0.592773 0.583008 0.591797 0.584961 0.591797 0.586914 0.593750 0.586914 0.594727 0.587891 0.595703 0.587891 0.592773 0.588867 0.591797 0.589844 0.591797 0.590820 0.590820 0.592773 0.592773 0.592773 0.593750 0.593750 0.594727 0.593750 0.595703 0.592773 0.596680 0.592773 0.597656 0.594727 0.599609 0.594727 0.600586 0.595703 0.599609 0.597656 0.601562 0.595703 0.603516 0.594727 0.602539 0.593750 0.603516 0.593750 0.606445 0.594727 0.605469 0.595703 0.606445 0.595703 0.605469 0.596680 0.604492 0.597656 0.605469 0.598633 0.604492 0.598633 0.595703 0.599609 0.594727 0.599609 0.592773 0.598633 0.591797 0.598633 0.590820 0.597656 0.589844 0.597656 0.588867 0.595703 0.586914 0.595703 0.585938 0.594727 0.584961 0.594727 0.583984 0.593750 0.583008 0.593750 0.582031 0.591797 0.580078 0.591797 0.579102 0.590820 0.578125 0.590820 0.577148 0.589844 0.576172 0.589844 0.575195 0.587891 0.573242 0.587891 0.572266 0.586914 0.571289 0.586914 0.570312 0.585938 0.569336 0.585938 0.568359 0.583984 0.566406 0.583984 0.565430
0 0.398438 0.519531 0.397461 0.520508 0.398438 0.525391 0.397461 0.526367 0.394531 0.526367 0.393555 0.527344 0.393555 0.531250 0.395508 0.534180 0.395508 0.537109 0.394531 0.538086 0.393555 0.538086 0.392578 0.539062 0.387695 0.539062 0.386719 0.540039 0.386719 0.541992 0.384766 0.543945 0.383789 0.543945 0.382812 0.544922 0.380859 0.544922 0.379883 0.545898 0.375977 0.542969 0.374023 0.542969 0.373047 0.543945 0.371094 0.541992 0.376953 0.536133 0.378906 0.536133 0.377930 0.535156 0.380859 0.532227 0.381836 0.532227 0.383789 0.534180 0.384766 0.534180 0.386719 0.531250 0.385742 0.530273 0.385742 0.528320 0.390625 0.523438 0.385742 0.528320 0.384766 0.528320 0.382812 0.531250 0.381836 0.531250 0.378906 0.534180 0.377930 0.534180 0.376953 0.535156 0.376953 0.536133 0.374023 0.539062 0.373047 0.539062 0.371094 0.541016 0.370117 0.541016 0.362305 0.548828 0.362305 0.549805 0.360352 0.551758 0.363281 0.547852 0.364258 0.547852 0.366211 0.545898 0.367188 0.545898 0.370117 0.542969 0.375977 0.548828 0.377930 0.546875 0.379883 0.548828 0.379883 0.551758 0.378906 0.552734 0.381836 0.555664 0.382812 0.555664 0.383789 0.556641 0.384766 0.555664 0.385742 0.556641 0.386719 0.556641 0.387695 0.555664 0.388672 0.555664 0.388672 0.554688 0.391602 0.552734 0.393555 0.554688 0.393555 0.558594 0.392578 0.559570 0.388672 0.559570 0.387695 0.560547 0.387695 0.562500 0.398438 0.573242 0.401367 0.572266 0.402344 0.573242 0.402344 0.574219 0.401367 0.575195 0.401367 0.577148 0.403320 0.579102 0.407227 0.579102 0.408203 0.580078 0.408203 0.581055 0.407227 0.582031 0.406250 0.581055 0.407227 0.582031 0.408203 0.582031 0.411133 0.579102 0.411133 0.578125 0.410156 0.577148 0.410156 0.576172 0.409180 0.577148 0.406250 0.577148 0.405273 0.576172 0.405273 0.575195 0.408203 0.572266 0.409180 0.572266 0.413086 0.576172 0.414062 0.575195 0.415039 0.575195 0.415039 0.573242 0.414062 0.572266 0.414062 0.569336 0.415039 0.568359 0.415039 0.565430 0.416992 0.562500 0.416992 0.559570 0.417969 0.558594 0.418945 0.558594 0.420898 0.560547 0.420898 0.561523 0.419922 0.562500 0.419922 0.567383 0.418945 0.568359 0.417969 0.568359 0.418945 0.568359 0.419922 0.569336 0.418945 0.570312 0.431641 0.556641 0.431641 0.555664 0.417969 0.541016 0.410156 0.547852 0.409180 0.547852 0.404297 0.552734 0.403320 0.552734 0.402344 0.553711 0.401367 0.552734 0.400391 0.552734 0.399414 0.553711 0.397461 0.553711 0.395508 0.551758 0.395508 0.549805 0.396484 0.548828 0.397461 0.549805 0.401367 0.545898 0.400391 0.542969 0.398438 0.541016 0.400391 0.539062 0.402344 0.539062 0.403320 0.538086 0.403320 0.536133 0.402344 0.535156 0.402344 0.532227 0.404297 0.530273 0.407227 0.531250 0.409180 0.533203 0.409180 0.534180 0.411133 0.537109 0.412109 0.537109 0.413086 0.536133 0.411133 0.534180 0.411133 0.533203 0.399414 0.521484 0.399414 0.520508
1 0.568359 0.595703 0.569336 0.596680 0.568359 0.597656 0.568359 0.598633 0.567383 0.599609 0.567383 0.602539 0.568359 0.603516 0.568359 0.604492 0.566406 0.606445 0.564453 0.606445 0.564453 0.607422 0.565430 0.608398 0.566406 0.607422 0.567383 0.607422 0.569336 0.605469 0.569336 0.599609 0.570312 0.598633 0.570312 0.597656
1 0.401367 0.551758 0.402344 0.552734 0.403320 0.551758 0.402344 0.552734
1 0.401367 0.546875 0.399414 0.548828 0.400391 0.547852 0.401367 0.547852
1 0.421875 0.530273 0.419922 0.532227 0.422852 0.535156 0.424805 0.533203
0 0.406250 0.575195 0.406250 0.576172 0.409180 0.576172 0.410156 0.575195 0.411133 0.576172 0.411133 0.577148 0.412109 0.578125 0.414062 0.576172 0.413086 0.575195 0.412109 0.576172 0.409180 0.573242 0.408203 0.573242
0 0.402344 0.565430 0.401367 0.565430 0.400391 0.566406 0.402344 0.566406
0 0.418945 0.559570 0.417969 0.559570 0.417969 0.562500 0.416992 0.563477 0.416992 0.564453 0.416016 0.565430 0.416016 0.568359 0.415039 0.569336 0.415039 0.572266 0.416016 0.573242 0.417969 0.571289 0.417969 0.570312 0.418945 0.569336 0.417969 0.569336 0.416992 0.568359 0.417969 0.567383 0.418945 0.567383 0.418945 0.562500 0.419922 0.561523 0.419922 0.560547
0 0.396484 0.549805 0.396484 0.551758 0.397461 0.552734 0.399414 0.552734 0.400391 0.551758 0.398438 0.549805 0.397461 0.550781
0 0.391602 0.542969 0.390625 0.543945 0.390625 0.546875 0.391602 0.547852 0.391602 0.548828 0.393555 0.550781 0.394531 0.550781 0.394531 0.543945 0.393555 0.542969
0 0.405273 0.531250 0.404297 0.531250 0.403320 0.532227 0.403320 0.535156 0.404297 0.536133 0.404297 0.538086 0.402344 0.540039 0.400391 0.540039 0.399414 0.541016 0.401367 0.542969 0.401367 0.543945 0.402344 0.544922 0.402344 0.545898 0.407227 0.541016 0.408203 0.541016 0.411133 0.538086 0.409180 0.536133 0.409180 0.535156 0.408203 0.534180 0.408203 0.533203 0.407227 0.532227 0.406250 0.532227
0 0.397461 0.518555 0.396484 0.518555 0.393555 0.521484 0.392578 0.521484 0.391602 0.522461 0.391602 0.523438 0.386719 0.528320 0.386719 0.530273 0.387695 0.531250 0.386719 0.532227 0.386719 0.533203 0.384766 0.535156 0.383789 0.535156 0.381836 0.533203 0.380859 0.533203 0.378906 0.535156 0.379883 0.536133 0.378906 0.537109 0.376953 0.537109 0.375977 0.536133 0.374023 0.538086 0.375000 0.539062 0.367188 0.546875 0.366211 0.546875 0.364258 0.548828 0.363281 0.548828 0.363281 0.549805 0.362305 0.550781 0.361328 0.549805 0.350586 0.560547 0.349609 0.560547 0.341797 0.568359 0.343750 0.570312 0.343750 0.571289 0.358398 0.585938 0.358398 0.586914 0.373047 0.601562 0.373047 0.602539 0.376953 0.606445 0.377930 0.606445 0.380859 0.603516 0.381836 0.603516 0.384766 0.600586 0.385742 0.600586 0.389648 0.596680 0.390625 0.596680 0.394531 0.592773 0.395508 0.592773 0.398438 0.589844 0.399414 0.589844 0.403320 0.585938 0.404297 0.585938 0.407227 0.583008 0.406250 0.582031 0.407227 0.581055 0.407227 0.580078 0.403320 0.580078 0.400391 0.577148 0.400391 0.575195 0.401367 0.574219 0.401367 0.573242 0.398438 0.574219 0.386719 0.562500 0.386719 0.560547 0.388672 0.558594 0.392578 0.558594 0.392578 0.554688 0.391602 0.553711 0.390625 0.554688 0.389648 0.554688 0.389648 0.555664 0.386719 0.557617 0.385742 0.557617 0.383789 0.555664 0.382812 0.556641 0.381836 0.556641 0.377930 0.552734 0.378906 0.551758 0.378906 0.548828 0.377930 0.547852 0.375977 0.549805 0.371094 0.544922 0.374023 0.541992 0.375977 0.541992 0.376953 0.542969 0.377930 0.542969 0.379883 0.544922 0.380859 0.543945 0.382812 0.543945 0.383789 0.542969 0.384766 0.542969 0.385742 0.541992 0.385742 0.540039 0.387695 0.538086 0.392578 0.538086 0.393555 0.537109 0.394531 0.537109 0.394531 0.534180 0.392578 0.531250 0.392578 0.527344 0.394531 0.525391 0.397461 0.525391 0.397461 0.523438 0.396484 0.522461 0.396484 0.520508 0.397461 0.519531
1 0.424805 0.534180 0.423828 0.533203 0.424805 0.534180 0.422852 0.536133 0.418945 0.532227 0.411133 0.540039 0.410156 0.540039 0.405273 0.544922 0.404297 0.544922 0.402344 0.546875 0.402344 0.547852 0.401367 0.548828 0.400391 0.548828 0.399414 0.549805 0.400391 0.550781 0.401367 0.550781 0.402344 0.551758 0.403320 0.550781 0.404297 0.551758 0.409180 0.546875 0.410156 0.546875 0.414062 0.542969 0.415039 0.542969 0.419922 0.538086 0.420898 0.538086
1 0.651367 0.208008 0.650391 0.208984 0.649414 0.208008 0.649414 0.208984 0.648438 0.209961 0.647461 0.208984 0.646484 0.209961 0.645508 0.209961 0.646484 0.209961 0.647461 0.210938 0.648438 0.209961 0.649414 0.209961
0 0.682617 0.162109 0.681641 0.163086 0.680664 0.163086 0.679688 0.164062 0.677734 0.164062 0.676758 0.165039 0.675781 0.165039 0.674805 0.166016 0.673828 0.166016 0.672852 0.166992 0.671875 0.166992 0.670898 0.167969 0.669922 0.167969 0.668945 0.168945 0.667969 0.168945 0.666992 0.169922 0.666016 0.169922 0.665039 0.170898 0.663086 0.170898 0.662109 0.171875 0.661133 0.171875 0.660156 0.172852 0.659180 0.172852 0.658203 0.173828 0.657227 0.173828 0.656250 0.174805 0.655273 0.174805 0.654297 0.175781 0.653320 0.175781 0.652344 0.176758 0.651367 0.176758 0.650391 0.177734 0.648438 0.177734 0.647461 0.178711 0.646484 0.178711 0.645508 0.179688 0.644531 0.179688 0.643555 0.180664 0.642578 0.180664 0.641602 0.181641 0.642578 0.182617 0.642578 0.185547 0.643555 0.186523 0.643555 0.188477 0.644531 0.189453 0.644531 0.191406 0.645508 0.192383 0.645508 0.194336 0.646484 0.195312 0.646484 0.197266 0.647461 0.198242 0.647461 0.200195 0.648438 0.201172 0.648438 0.204102 0.649414 0.205078 0.649414 0.207031 0.650391 0.207031 0.651367 0.206055 0.653320 0.208008 0.653320 0.208984 0.654297 0.209961 0.654297 0.211914 0.652344 0.213867 0.652344 0.215820 0.653320 0.216797 0.653320 0.218750 0.654297 0.219727 0.654297 0.220703 0.656250 0.222656 0.656250 0.223633 0.658203 0.225586 0.658203 0.226562 0.659180 0.227539 0.659180 0.228516 0.661133 0.230469 0.661133 0.231445 0.663086 0.233398 0.663086 0.234375 0.664062 0.235352 0.664062 0.236328 0.665039 0.237305 0.666016 0.237305 0.666992 0.236328 0.667969 0.236328 0.668945 0.235352 0.669922 0.235352 0.670898 0.234375 0.671875 0.234375 0.672852 0.233398 0.673828 0.233398 0.674805 0.232422 0.676758 0.232422 0.677734 0.231445 0.678711 0.231445 0.679688 0.230469 0.680664 0.230469 0.681641 0.229492 0.682617 0.229492 0.683594 0.228516 0.685547 0.228516 0.686523 0.227539 0.687500 0.227539 0.688477 0.226562 0.689453 0.226562 0.690430 0.225586 0.691406 0.225586 0.692383 0.224609 0.693359 0.224609 0.694336 0.223633 0.696289 0.223633 0.697266 0.222656 0.698242 0.222656 0.699219 0.221680 0.700195 0.221680 0.701172 0.220703 0.702148 0.220703 0.703125 0.219727 0.704102 0.219727 0.705078 0.218750 0.706055 0.218750 0.706055 0.216797 0.705078 0.215820 0.705078 0.212891 0.704102 0.211914 0.704102 0.208984 0.703125 0.208008 0.703125 0.206055 0.702148 0.205078 0.702148 0.202148 0.701172 0.201172 0.701172 0.198242 0.700195 0.197266 0.700195 0.194336 0.699219 0.193359 0.699219 0.191406 0.698242 0.190430 0.698242 0.187500 0.697266 0.186523 0.697266 0.183594 0.696289 0.182617 0.696289 0.179688 0.692383 0.175781 0.692383 0.174805 0.689453 0.171875 0.689453 0.170898 0.686523 0.167969 0.686523 0.166992 0.683594 0.164062 0.683594 0.163086
1 0.525391 0.526367 0.528320 0.529297 0.529297 0.529297 0.528320 0.528320 0.529297 0.527344 0.528320 0.527344 0.527344 0.526367
1 0.522461 0.519531 0.521484 0.520508 0.522461 0.521484 0.522461 0.522461 0.523438 0.523438 0.523438 0.520508
1 0.512695 0.506836 0.511719 0.507812 0.515625 0.511719 0.515625 0.509766
1 0.652344 0.208008 0.651367 0.207031 0.650391 0.208008 0.651367 0.208984 0.649414 0.210938 0.648438 0.210938 0.647461 0.211914 0.646484 0.210938 0.642578 0.210938 0.640625 0.212891 0.638672 0.212891 0.637695 0.213867 0.636719 0.213867 0.635742 0.214844 0.634766 0.214844 0.633789 0.215820 0.632812 0.215820 0.631836 0.216797 0.629883 0.216797 0.628906 0.217773 0.627930 0.217773 0.626953 0.218750 0.625977 0.218750 0.625000 0.219727 0.625000 0.220703 0.625977 0.221680 0.625977 0.222656 0.626953 0.223633 0.626953 0.224609 0.627930 0.223633 0.628906 0.223633 0.629883 0.222656 0.630859 0.222656 0.631836 0.221680 0.632812 0.221680 0.633789 0.220703 0.635742 0.220703 0.636719 0.219727 0.637695 0.219727 0.638672 0.218750 0.639648 0.218750 0.640625 0.217773 0.641602 0.217773 0.642578 0.216797 0.643555 0.216797 0.644531 0.215820 0.646484 0.215820 0.647461 0.214844 0.648438 0.214844 0.649414 0.213867 0.650391 0.213867 0.651367 0.212891 0.652344 0.212891 0.653320 0.211914 0.653320 0.209961 0.652344 0.208984
0 0.530273 0.499023 0.530273 0.500000 0.525391 0.504883 0.525391 0.505859 0.522461 0.508789 0.524414 0.510742 0.524414 0.511719 0.526367 0.513672 0.526367 0.514648 0.529297 0.517578 0.529297 0.518555 0.532227 0.521484 0.532227 0.522461 0.534180 0.524414 0.534180 0.525391 0.535156 0.526367 0.534180 0.527344 0.534180 0.528320 0.531250 0.531250 0.528320 0.530273 0.524414 0.526367 0.524414 0.525391 0.521484 0.522461 0.521484 0.521484 0.518555 0.518555 0.518555 0.517578 0.516602 0.515625 0.513672 0.518555 0.513672 0.519531 0.507812 0.525391 0.507812 0.526367 0.501953 0.532227 0.501953 0.533203 0.497070 0.538086 0.497070 0.539062 0.495117 0.541016 0.495117 0.541992 0.497070 0.543945 0.498047 0.546875 0.500977 0.549805 0.500977 0.550781 0.504883 0.554688 0.504883 0.555664 0.507812 0.558594 0.507812 0.559570 0.511719 0.563477 0.511719 0.564453 0.514648 0.567383 0.514648 0.568359 0.522461 0.577148 0.523438 0.577148 0.524414 0.578125 0.525391 0.578125 0.526367 0.579102 0.527344 0.579102 0.528320 0.580078 0.529297 0.580078 0.534180 0.583008 0.536133 0.583008 0.537109 0.583984 0.538086 0.583984 0.539062 0.584961 0.540039 0.584961 0.541016 0.585938 0.541992 0.585938 0.542969 0.586914 0.543945 0.586914 0.544922 0.587891 0.545898 0.587891 0.546875 0.588867 0.547852 0.588867 0.548828 0.589844 0.549805 0.589844 0.550781 0.590820 0.551758 0.590820 0.552734 0.591797 0.553711 0.591797 0.558594 0.594727 0.561523 0.591797 0.561523 0.590820 0.565430 0.586914 0.565430 0.585938 0.569336 0.582031 0.569336 0.581055 0.573242 0.577148 0.573242 0.576172 0.577148 0.572266 0.577148 0.571289 0.581055 0.567383 0.581055 0.566406 0.584961 0.562500 0.584961 0.561523 0.588867 0.557617 0.588867 0.556641 0.593750 0.551758 0.593750 0.549805 0.591797 0.547852 0.591797 0.546875 0.589844 0.544922 0.589844 0.543945 0.587891 0.541992 0.587891 0.541016 0.585938 0.539062 0.585938 0.538086 0.583984 0.536133 0.583984 0.535156 0.582031 0.533203 0.582031 0.532227 0.580078 0.530273 0.580078 0.529297 0.578125 0.527344 0.578125 0.526367 0.576172 0.524414 0.576172 0.523438 0.573242 0.520508 0.573242 0.519531 0.571289 0.517578 0.571289 0.516602 0.569336 0.514648 0.569336 0.513672 0.568359 0.513672 0.567383 0.512695 0.565430 0.512695 0.564453 0.511719 0.562500 0.511719 0.561523 0.510742 0.559570 0.510742 0.556641 0.508789 0.554688 0.508789 0.553711 0.507812 0.551758 0.507812 0.548828 0.505859 0.546875 0.505859 0.545898 0.504883 0.543945 0.504883 0.541016 0.502930 0.539062 0.502930 0.538086 0.501953 0.536133 0.501953 0.535156 0.500977 0.534180 0.500977 0.533203 0.500000 0.531250 0.500000
1 0.511719 0.500000 0.510742 0.500977 0.510742 0.501953 0.508789 0.503906 0.512695 0.507812 0.513672 0.506836 0.515625 0.508789 0.514648 0.509766 0.515625 0.508789 0.516602 0.509766 0.516602 0.511719 0.515625 0.512695 0.514648 0.511719 0.515625 0.512695 0.516602 0.512695 0.517578 0.513672 0.517578 0.515625 0.519531 0.517578 0.519531 0.518555 0.520508 0.519531 0.521484 0.519531 0.522461 0.518555 0.524414 0.520508 0.524414 0.524414 0.525391 0.525391 0.527344 0.525391 0.528320 0.526367 0.529297 0.526367 0.530273 0.527344 0.529297 0.528320 0.530273 0.529297 0.530273 0.530273 0.531250 0.530273 0.533203 0.528320 0.533203 0.527344 0.534180 0.526367 0.533203 0.525391 0.533203 0.524414 0.531250 0.522461 0.531250 0.521484 0.528320 0.518555 0.528320 0.517578 0.525391 0.514648 0.525391 0.513672 0.523438 0.511719 0.523438 0.510742 0.520508 0.507812 0.520508 0.506836 0.518555 0.504883 0.518555 0.503906 0.514648 0.500000
