0 0.608398 0.419922 0.605469 0.422852 0.604492 0.422852 0.601562 0.425781 0.600586 0.425781 0.597656 0.428711 0.596680 0.428711 0.593750 0.431641 0.592773 0.431641 0.587891 0.436523 0.587891 0.437500 0.589844 0.439453 0.589844 0.440430 0.592773 0.443359 0.592773 0.444336 0.596680 0.448242 0.596680 0.449219 0.599609 0.452148 0.599609 0.453125 0.601562 0.453125 0.604492 0.450195 0.605469 0.450195 0.608398 0.447266 0.609375 0.447266 0.612305 0.444336 0.613281 0.444336 0.616211 0.441406 0.617188 0.441406 0.621094 0.437500 0.621094 0.435547 0.618164 0.432617 0.618164 0.431641 0.615234 0.428711 0.615234 0.427734 0.611328 0.423828 0.611328 0.422852
1 0.602539 0.438477 0.601562 0.438477 0.597656 0.442383 0.597656 0.443359 0.598633 0.443359 0.602539 0.439453
0 0.564453 0.500977 0.563477 0.501953 0.562500 0.501953 0.558594 0.505859 0.557617 0.505859 0.556641 0.506836 0.556641 0.508789 0.557617 0.509766 0.557617 0.516602 0.558594 0.517578 0.558594 0.522461 0.561523 0.522461 0.562500 0.523438 0.574219 0.523438 0.575195 0.522461 0.576172 0.522461 0.581055 0.517578 0.581055 0.514648 0.577148 0.514648 0.576172 0.513672 0.576172 0.511719 0.577148 0.510742 0.579102 0.510742 0.580078 0.511719 0.580078 0.505859 0.579102 0.504883 0.579102 0.501953 0.570312 0.501953 0.569336 0.500977
1 0.577148 0.511719 0.577148 0.513672 0.587891 0.513672 0.587891 0.512695 0.580078 0.512695 0.579102 0.511719
0 0.349609 0.625977 0.348633 0.626953 0.348633 0.627930 0.335938 0.640625 0.335938 0.649414 0.338867 0.652344 0.339844 0.652344 0.342773 0.655273 0.343750 0.655273 0.347656 0.659180 0.348633 0.659180 0.351562 0.662109 0.364258 0.649414 0.364258 0.648438 0.366211 0.646484 0.366211 0.638672 0.363281 0.635742 0.362305 0.635742 0.359375 0.632812 0.358398 0.632812 0.354492 0.628906 0.353516 0.628906 0.350586 0.625977
1 0.350586 0.647461 0.349609 0.648438 0.349609 0.654297 0.350586 0.655273 0.351562 0.655273 0.351562 0.648438
0 0.564453 0.542969 0.561523 0.545898 0.560547 0.545898 0.556641 0.549805 0.555664 0.549805 0.555664 0.550781 0.554688 0.551758 0.554688 0.556641 0.553711 0.557617 0.553711 0.561523 0.552734 0.562500 0.552734 0.563477 0.553711 0.564453 0.554688 0.564453 0.555664 0.565430 0.556641 0.565430 0.558594 0.567383 0.559570 0.567383 0.560547 0.568359 0.561523 0.568359 0.563477 0.570312 0.564453 0.570312 0.565430 0.571289 0.567383 0.571289 0.568359 0.570312 0.569336 0.570312 0.574219 0.565430 0.575195 0.565430 0.577148 0.563477 0.577148 0.559570 0.578125 0.558594 0.578125 0.554688 0.579102 0.553711 0.579102 0.550781 0.577148 0.548828 0.576172 0.548828 0.575195 0.547852 0.574219 0.547852 0.573242 0.546875 0.572266 0.546875 0.570312 0.544922 0.569336 0.544922 0.568359 0.543945 0.567383 0.543945 0.566406 0.542969
1 0.548828 0.547852 0.549805 0.548828 0.550781 0.548828 0.552734 0.550781 0.554688 0.550781 0.554688 0.549805 0.553711 0.548828 0.552734 0.548828 0.550781 0.546875 0.549805 0.546875
0 0.517578 0.465820 0.516602 0.465820 0.515625 0.466797 0.515625 0.467773 0.508789 0.474609 0.508789 0.475586 0.504883 0.479492 0.504883 0.480469 0.500000 0.485352 0.500000 0.486328 0.499023 0.487305 0.499023 0.488281 0.501953 0.491211 0.502930 0.491211 0.507812 0.496094 0.508789 0.496094 0.513672 0.500977 0.520508 0.494141 0.520508 0.493164 0.525391 0.488281 0.525391 0.487305 0.529297 0.483398 0.529297 0.482422 0.532227 0.479492 0.532227 0.478516 0.527344 0.473633 0.526367 0.473633 0.522461 0.469727 0.521484 0.469727
0 0.602539 0.455078 0.601562 0.456055 0.601562 0.457031 0.602539 0.458008 0.603516 0.458008 0.603516 0.456055
0 0.620117 0.446289 0.619141 0.446289 0.619141 0.447266
0 0.618164 0.442383 0.616211 0.442383 0.613281 0.445312 0.612305 0.445312 0.608398 0.449219 0.607422 0.449219 0.605469 0.451172 0.604492 0.451172 0.601562 0.454102 0.599609 0.454102 0.598633 0.453125 0.598633 0.452148 0.595703 0.449219 0.595703 0.448242 0.591797 0.444336 0.591797 0.443359 0.589844 0.445312 0.588867 0.445312 0.587891 0.446289 0.588867 0.447266 0.588867 0.448242 0.589844 0.449219 0.589844 0.450195 0.590820 0.451172 0.590820 0.452148 0.591797 0.453125 0.591797 0.454102 0.592773 0.455078 0.592773 0.456055 0.593750 0.457031 0.593750 0.458008 0.594727 0.458984 0.594727 0.459961 0.595703 0.460938 0.595703 0.461914 0.596680 0.462891 0.596680 0.463867 0.598633 0.463867 0.599609 0.462891 0.602539 0.462891 0.603516 0.461914 0.605469 0.461914 0.606445 0.460938 0.608398 0.460938 0.609375 0.459961 0.610352 0.459961 0.612305 0.458008 0.613281 0.458008 0.614258 0.457031 0.615234 0.457031 0.617188 0.455078 0.618164 0.455078 0.620117 0.453125 0.621094 0.453125 0.622070 0.452148 0.623047 0.452148 0.622070 0.451172 0.622070 0.450195 0.621094 0.449219 0.621094 0.448242 0.620117 0.447266 0.619141 0.448242 0.618164 0.447266 0.618164 0.446289 0.619141 0.445312 0.619141 0.444336 0.618164 0.443359
0 0.567383 0.416992 0.566406 0.416016 0.564453 0.417969 0.564453 0.419922 0.562500 0.421875 0.560547 0.421875 0.559570 0.420898 0.556641 0.420898 0.555664 0.419922 0.557617 0.421875 0.558594 0.421875 0.560547 0.423828 0.562500 0.421875 0.563477 0.421875 0.564453 0.420898 0.564453 0.419922
0 0.440430 0.314453 0.440430 0.315430 0.438477 0.317383 0.438477 0.318359 0.437500 0.319336 0.437500 0.320312 0.435547 0.322266 0.435547 0.323242 0.433594 0.325195 0.433594 0.326172 0.431641 0.328125 0.431641 0.329102 0.430664 0.330078 0.430664 0.331055 0.428711 0.333008 0.428711 0.333984 0.427734 0.334961 0.428711 0.334961 0.430664 0.336914 0.431641 0.336914 0.433594 0.338867 0.434570 0.338867 0.436523 0.340820 0.437500 0.340820 0.439453 0.342773 0.440430 0.342773 0.442383 0.344727 0.443359 0.344727 0.446289 0.347656 0.447266 0.347656 0.448242 0.348633 0.449219 0.348633 0.450195 0.349609 0.453125 0.349609 0.453125 0.348633 0.455078 0.346680 0.455078 0.345703 0.456055 0.344727 0.456055 0.343750 0.458008 0.341797 0.456055 0.339844 0.458008 0.337891 0.458984 0.337891 0.459961 0.338867 0.459961 0.337891 0.461914 0.335938 0.461914 0.334961 0.463867 0.333008 0.463867 0.332031 0.465820 0.330078 0.464844 0.329102 0.463867 0.329102 0.461914 0.327148 0.460938 0.327148 0.458008 0.324219 0.457031 0.324219 0.455078 0.322266 0.454102 0.322266 0.452148 0.320312 0.451172 0.320312 0.449219 0.318359 0.448242 0.318359 0.446289 0.316406 0.445312 0.316406 0.444336 0.315430 0.443359 0.315430 0.442383 0.314453
1 0.457031 0.339844 0.458984 0.341797 0.459961 0.341797 0.461914 0.343750 0.462891 0.343750 0.464844 0.345703 0.465820 0.345703 0.468750 0.348633 0.470703 0.348633 0.470703 0.347656 0.468750 0.345703 0.467773 0.345703 0.465820 0.343750 0.464844 0.343750 0.462891 0.341797 0.461914 0.341797 0.459961 0.339844 0.458984 0.339844 0.458008 0.338867
0 0.552734 0.391602 0.548828 0.395508 0.548828 0.396484 0.544922 0.400391 0.544922 0.401367 0.541016 0.405273 0.541016 0.407227 0.544922 0.411133 0.544922 0.412109 0.548828 0.416016 0.549805 0.416016 0.551758 0.417969 0.552734 0.417969 0.554688 0.419922 0.555664 0.418945 0.556641 0.419922 0.559570 0.419922 0.560547 0.420898 0.562500 0.420898 0.563477 0.419922 0.563477 0.417969 0.566406 0.415039 0.567383 0.416016 0.568359 0.416016 0.569336 0.415039 0.569336 0.414062 0.573242 0.410156 0.573242 0.408203 0.568359 0.403320 0.568359 0.402344 0.566406 0.400391 0.565430 0.400391 0.564453 0.401367 0.562500 0.399414 0.562500 0.397461 0.561523 0.397461 0.559570 0.395508 0.558594 0.395508 0.556641 0.393555 0.555664 0.393555 0.553711 0.391602
1 0.571289 0.388672 0.568359 0.391602 0.568359 0.392578 0.564453 0.396484 0.564453 0.397461 0.563477 0.398438 0.563477 0.399414 0.564453 0.400391 0.566406 0.398438 0.566406 0.397461 0.570312 0.393555 0.570312 0.392578 0.572266 0.390625 0.572266 0.389648
