0 0.308594 0.426758 0.308594 0.433594 0.307617 0.434570 0.307617 0.441406 0.306641 0.442383 0.306641 0.449219 0.305664 0.450195 0.305664 0.457031 0.304688 0.458008 0.304688 0.458984 0.305664 0.459961 0.306641 0.459961 0.307617 0.460938 0.309570 0.460938 0.310547 0.461914 0.311523 0.461914 0.312500 0.462891 0.314453 0.462891 0.315430 0.463867 0.316406 0.463867 0.317383 0.464844 0.319336 0.464844 0.320312 0.465820 0.321289 0.465820 0.322266 0.466797 0.351562 0.466797 0.351562 0.462891 0.352539 0.461914 0.352539 0.455078 0.353516 0.454102 0.353516 0.446289 0.354492 0.445312 0.354492 0.438477 0.355469 0.437500 0.355469 0.434570 0.354492 0.434570 0.353516 0.433594 0.352539 0.433594 0.351562 0.432617 0.350586 0.432617 0.349609 0.431641 0.348633 0.431641 0.347656 0.430664 0.346680 0.430664 0.345703 0.429688 0.344727 0.429688 0.343750 0.428711 0.342773 0.428711 0.341797 0.427734 0.340820 0.427734 0.339844 0.426758
1 0.295898 0.445312 0.295898 0.448242 0.305664 0.448242 0.305664 0.445312
0 0.198242 0.364258 0.196289 0.364258 0.195312 0.365234 0.188477 0.365234 0.187500 0.366211 0.180664 0.366211 0.179688 0.367188 0.172852 0.367188 0.171875 0.368164 0.165039 0.368164 0.164062 0.369141 0.163086 0.369141 0.163086 0.398438 0.165039 0.400391 0.165039 0.401367 0.166992 0.403320 0.166992 0.404297 0.168945 0.406250 0.168945 0.407227 0.170898 0.409180 0.170898 0.410156 0.172852 0.412109 0.172852 0.413086 0.173828 0.414062 0.173828 0.415039 0.175781 0.416992 0.179688 0.416992 0.180664 0.416016 0.186523 0.416016 0.187500 0.415039 0.192383 0.415039 0.193359 0.414062 0.198242 0.414062 0.199219 0.413086 0.205078 0.413086 0.206055 0.412109 0.209961 0.412109 0.209961 0.404297 0.210938 0.403320 0.210938 0.387695 0.211914 0.386719 0.211914 0.382812 0.208984 0.379883 0.208984 0.378906 0.206055 0.375977 0.206055 0.375000 0.204102 0.373047 0.204102 0.372070 0.201172 0.369141 0.201172 0.368164 0.199219 0.366211 0.199219 0.365234
1 0.227539 0.384766 0.225586 0.382812 0.224609 0.383789 0.217773 0.383789 0.216797 0.384766 0.212891 0.384766 0.212891 0.386719 0.211914 0.387695 0.211914 0.388672 0.217773 0.388672 0.218750 0.387695 0.224609 0.387695 0.225586 0.386719 0.226562 0.386719 0.227539 0.385742
0 0.203125 0.647461 0.204102 0.648438 0.204102 0.649414 0.208008 0.649414 0.208008 0.645508 0.205078 0.645508
0 0.197266 0.638672 0.197266 0.639648 0.199219 0.641602 0.199219 0.642578 0.200195 0.643555 0.199219 0.642578 0.200195 0.641602 0.199219 0.640625 0.199219 0.638672 0.198242 0.639648
0 0.212891 0.631836 0.212891 0.632812 0.214844 0.632812 0.213867 0.631836
0 0.223633 0.579102 0.222656 0.579102 0.220703 0.581055 0.219727 0.581055 0.218750 0.582031 0.217773 0.582031 0.215820 0.583984 0.214844 0.583984 0.212891 0.585938 0.211914 0.585938 0.210938 0.586914 0.209961 0.586914 0.208008 0.588867 0.207031 0.588867 0.204102 0.591797 0.204102 0.592773 0.203125 0.593750 0.203125 0.595703 0.202148 0.596680 0.202148 0.597656 0.201172 0.598633 0.201172 0.599609 0.200195 0.600586 0.200195 0.601562 0.199219 0.602539 0.199219 0.604492 0.198242 0.605469 0.198242 0.606445 0.197266 0.607422 0.197266 0.608398 0.196289 0.609375 0.196289 0.611328 0.195312 0.612305 0.195312 0.613281 0.194336 0.614258 0.194336 0.615234 0.193359 0.616211 0.194336 0.616211 0.196289 0.618164 0.197266 0.618164 0.199219 0.620117 0.200195 0.620117 0.202148 0.622070 0.203125 0.622070 0.204102 0.623047 0.205078 0.623047 0.207031 0.625000 0.208008 0.625000 0.209961 0.626953 0.210938 0.626953 0.212891 0.628906 0.213867 0.628906 0.215820 0.630859 0.216797 0.630859 0.218750 0.632812 0.219727 0.632812 0.220703 0.633789 0.222656 0.631836 0.223633 0.631836 0.225586 0.629883 0.226562 0.629883 0.229492 0.626953 0.230469 0.626953 0.233398 0.624023 0.234375 0.624023 0.236328 0.622070 0.237305 0.622070 0.238281 0.621094 0.238281 0.620117 0.239258 0.619141 0.239258 0.618164 0.240234 0.617188 0.240234 0.616211 0.241211 0.615234 0.241211 0.614258 0.242188 0.613281 0.242188 0.612305 0.243164 0.611328 0.243164 0.610352 0.244141 0.609375 0.244141 0.607422 0.245117 0.606445 0.245117 0.605469 0.246094 0.604492 0.246094 0.603516 0.247070 0.602539 0.247070 0.601562 0.248047 0.600586 0.248047 0.599609 0.249023 0.598633 0.249023 0.597656 0.250000 0.596680 0.250000 0.595703 0.249023 0.595703 0.247070 0.593750 0.246094 0.593750 0.244141 0.591797 0.243164 0.591797 0.242188 0.590820 0.241211 0.590820 0.239258 0.588867 0.238281 0.588867 0.236328 0.586914 0.235352 0.586914 0.233398 0.584961 0.232422 0.584961 0.230469 0.583008 0.229492 0.583008 0.228516 0.582031 0.227539 0.582031 0.225586 0.580078 0.224609 0.580078
1 0.185547 0.628906 0.186523 0.629883 0.186523 0.630859 0.187500 0.631836 0.187500 0.630859
1 0.210938 0.627930 0.209961 0.627930 0.209961 0.628906 0.208984 0.629883 0.208984 0.631836 0.208008 0.632812 0.208008 0.633789 0.207031 0.634766 0.208984 0.636719 0.211914 0.633789 0.211914 0.631836 0.212891 0.630859 0.212891 0.629883
0 0.189453 0.629883 0.188477 0.630859 0.188477 0.631836 0.186523 0.633789 0.186523 0.634766 0.184570 0.636719 0.184570 0.637695 0.182617 0.639648 0.182617 0.640625 0.180664 0.642578 0.180664 0.643555 0.178711 0.645508 0.178711 0.646484 0.176758 0.648438 0.176758 0.649414 0.174805 0.651367 0.174805 0.652344 0.173828 0.653320 0.173828 0.655273 0.175781 0.657227 0.175781 0.658203 0.177734 0.660156 0.177734 0.661133 0.179688 0.663086 0.179688 0.664062 0.181641 0.666016 0.181641 0.666992 0.183594 0.668945 0.183594 0.669922 0.185547 0.671875 0.185547 0.672852 0.187500 0.674805 0.196289 0.674805 0.197266 0.675781 0.212891 0.675781 0.213867 0.674805 0.213867 0.673828 0.215820 0.671875 0.215820 0.670898 0.217773 0.668945 0.217773 0.667969 0.219727 0.666016 0.219727 0.665039 0.221680 0.663086 0.221680 0.662109 0.223633 0.660156 0.223633 0.659180 0.226562 0.656250 0.226562 0.655273 0.228516 0.653320 0.228516 0.651367 0.227539 0.650391 0.227539 0.649414 0.224609 0.646484 0.224609 0.645508 0.223633 0.644531 0.222656 0.644531 0.220703 0.642578 0.221680 0.641602 0.219727 0.639648 0.219727 0.638672 0.216797 0.635742 0.216797 0.634766 0.215820 0.633789 0.212891 0.633789 0.208984 0.637695 0.206055 0.634766 0.207031 0.633789 0.207031 0.632812 0.208008 0.631836 0.207031 0.631836 0.206055 0.630859 0.203125 0.630859 0.202148 0.631836 0.201172 0.630859 0.198242 0.630859 0.197266 0.629883
1 0.183594 0.628906 0.183594 0.631836 0.185547 0.633789 0.185547 0.634766 0.185547 0.633789 0.186523 0.632812 0.186523 0.631836 0.185547 0.630859 0.185547 0.629883 0.186523 0.628906 0.187500 0.629883 0.186523 0.628906 0.185547 0.629883 0.184570 0.628906
1 0.438477 0.175781 0.439453 0.175781 0.440430 0.176758 0.442383 0.176758 0.443359 0.175781 0.442383 0.174805 0.441406 0.174805 0.440430 0.173828 0.439453 0.173828 0.439453 0.174805
0 0.416016 0.147461 0.416016 0.148438 0.415039 0.149414 0.415039 0.151367 0.414062 0.152344 0.414062 0.153320 0.413086 0.154297 0.413086 0.156250 0.412109 0.157227 0.412109 0.158203 0.411133 0.159180 0.411133 0.161133 0.410156 0.162109 0.410156 0.163086 0.409180 0.164062 0.409180 0.166016 0.408203 0.166992 0.408203 0.167969 0.407227 0.168945 0.407227 0.170898 0.406250 0.171875 0.406250 0.174805 0.407227 0.174805 0.408203 0.175781 0.409180 0.175781 0.410156 0.176758 0.411133 0.176758 0.412109 0.177734 0.413086 0.177734 0.415039 0.179688 0.416016 0.179688 0.416992 0.180664 0.417969 0.180664 0.418945 0.181641 0.419922 0.181641 0.420898 0.182617 0.421875 0.182617 0.422852 0.183594 0.423828 0.183594 0.425781 0.185547 0.426758 0.185547 0.427734 0.186523 0.430664 0.186523 0.431641 0.187500 0.438477 0.187500 0.439453 0.186523 0.439453 0.184570 0.440430 0.183594 0.440430 0.182617 0.441406 0.181641 0.441406 0.179688 0.442383 0.178711 0.441406 0.177734 0.440430 0.177734 0.439453 0.176758 0.438477 0.176758 0.437500 0.175781 0.438477 0.174805 0.438477 0.173828 0.439453 0.172852 0.440430 0.172852 0.441406 0.173828 0.442383 0.173828 0.443359 0.174805 0.444336 0.174805 0.444336 0.172852 0.445312 0.171875 0.445312 0.170898 0.446289 0.169922 0.446289 0.167969 0.447266 0.166992 0.447266 0.166016 0.448242 0.165039 0.448242 0.164062 0.449219 0.163086 0.449219 0.162109 0.448242 0.162109 0.447266 0.161133 0.446289 0.161133 0.445312 0.160156 0.444336 0.160156 0.442383 0.158203 0.441406 0.158203 0.440430 0.157227 0.439453 0.157227 0.438477 0.156250 0.437500 0.156250 0.436523 0.155273 0.435547 0.155273 0.434570 0.154297 0.433594 0.154297 0.431641 0.152344 0.430664 0.152344 0.429688 0.151367 0.428711 0.151367 0.427734 0.150391 0.426758 0.150391 0.425781 0.149414 0.421875 0.149414 0.420898 0.148438 0.417969 0.148438 0.416992 0.147461
1 0.391602 0.625000 0.392578 0.625977 0.393555 0.625977 0.395508 0.627930 0.397461 0.627930 0.399414 0.625977 0.401367 0.627930 0.400391 0.628906 0.400391 0.630859 0.401367 0.631836 0.403320 0.631836 0.404297 0.630859 0.400391 0.626953 0.400391 0.625977 0.396484 0.625977 0.394531 0.624023 0.392578 0.624023
1 0.442383 0.177734 0.443359 0.177734 0.444336 0.178711 0.445312 0.178711 0.447266 0.180664 0.448242 0.180664 0.449219 0.181641 0.450195 0.181641 0.451172 0.182617 0.452148 0.182617 0.453125 0.183594 0.455078 0.183594 0.455078 0.181641 0.454102 0.181641 0.453125 0.180664 0.452148 0.180664 0.450195 0.178711 0.448242 0.178711 0.446289 0.176758 0.445312 0.176758 0.444336 0.175781
0 0.410156 0.610352 0.408203 0.612305 0.407227 0.612305 0.405273 0.614258 0.404297 0.614258 0.401367 0.617188 0.400391 0.617188 0.398438 0.619141 0.397461 0.619141 0.395508 0.621094 0.394531 0.621094 0.396484 0.623047 0.397461 0.623047 0.399414 0.625000 0.400391 0.625000 0.402344 0.626953 0.403320 0.626953 0.405273 0.628906 0.405273 0.630859 0.403320 0.632812 0.401367 0.632812 0.399414 0.630859 0.398438 0.630859 0.396484 0.628906 0.395508 0.628906 0.393555 0.626953 0.392578 0.626953 0.390625 0.625000 0.388672 0.625000 0.386719 0.626953 0.386719 0.628906 0.387695 0.629883 0.387695 0.631836 0.388672 0.632812 0.388672 0.634766 0.389648 0.635742 0.389648 0.637695 0.390625 0.638672 0.390625 0.639648 0.391602 0.640625 0.391602 0.642578 0.392578 0.643555 0.392578 0.645508 0.393555 0.646484 0.393555 0.648438 0.394531 0.649414 0.394531 0.651367 0.396484 0.653320 0.397461 0.653320 0.398438 0.654297 0.399414 0.654297 0.401367 0.656250 0.402344 0.656250 0.404297 0.658203 0.405273 0.658203 0.406250 0.659180 0.407227 0.659180 0.409180 0.661133 0.410156 0.661133 0.412109 0.663086 0.413086 0.662109 0.414062 0.662109 0.416016 0.660156 0.416992 0.660156 0.418945 0.658203 0.419922 0.658203 0.421875 0.656250 0.422852 0.656250 0.425781 0.653320 0.426758 0.653320 0.428711 0.651367 0.429688 0.651367 0.431641 0.649414 0.432617 0.649414 0.434570 0.647461 0.435547 0.647461 0.437500 0.645508 0.437500 0.644531 0.436523 0.643555 0.436523 0.642578 0.435547 0.641602 0.435547 0.639648 0.434570 0.638672 0.434570 0.637695 0.433594 0.636719 0.433594 0.634766 0.432617 0.633789 0.432617 0.632812 0.431641 0.631836 0.431641 0.629883 0.430664 0.628906 0.430664 0.627930 0.429688 0.626953 0.429688 0.625000 0.428711 0.624023 0.428711 0.623047 0.427734 0.622070 0.427734 0.621094 0.426758 0.621094 0.423828 0.618164 0.422852 0.618164 0.420898 0.616211 0.419922 0.616211 0.416992 0.613281 0.416016 0.613281 0.414062 0.611328 0.412109 0.611328 0.411133 0.610352
1 0.397461 0.628906 0.398438 0.629883 0.399414 0.629883 0.399414 0.628906 0.401367 0.626953 0.404297 0.629883 0.404297 0.628906 0.403320 0.627930 0.402344 0.627930 0.401367 0.626953 0.400391 0.627930 0.399414 0.626953
1 0.390625 0.622070 0.390625 0.624023 0.391602 0.624023 0.392578 0.625000 0.391602 0.624023 0.392578 0.623047 0.394531 0.623047 0.396484 0.625000 0.398438 0.625000 0.397461 0.624023 0.396484 0.624023 0.394531 0.622070 0.393555 0.622070 0.392578 0.621094 0.391602 0.621094
0 0.321289 0.483398 0.310547 0.483398 0.309570 0.484375 0.299805 0.484375 0.295898 0.488281 0.295898 0.489258 0.287109 0.498047 0.287109 0.499023 0.285156 0.500977 0.285156 0.501953 0.286133 0.502930 0.286133 0.503906 0.288086 0.505859 0.288086 0.506836 0.289062 0.507812 0.289062 0.508789 0.290039 0.509766 0.290039 0.510742 0.291992 0.512695 0.291992 0.513672 0.292969 0.514648 0.292969 0.515625 0.293945 0.516602 0.293945 0.517578 0.295898 0.519531 0.295898 0.520508 0.296875 0.521484 0.296875 0.522461 0.313477 0.522461 0.314453 0.521484 0.318359 0.521484 0.323242 0.516602 0.323242 0.515625 0.328125 0.510742 0.328125 0.509766 0.332031 0.505859 0.332031 0.503906 0.331055 0.502930 0.331055 0.501953 0.330078 0.500977 0.330078 0.500000 0.329102 0.499023 0.329102 0.498047 0.327148 0.496094 0.327148 0.495117 0.326172 0.494141 0.326172 0.493164 0.325195 0.492188 0.325195 0.491211 0.324219 0.490234 0.324219 0.489258 0.323242 0.488281 0.323242 0.487305 0.322266 0.486328 0.322266 0.485352 0.321289 0.484375
1 0.326172 0.483398 0.325195 0.484375 0.324219 0.483398 0.323242 0.484375 0.324219 0.485352 0.323242 0.486328 0.324219 0.487305 0.326172 0.485352
0 0.507812 0.706055 0.506836 0.707031 0.506836 0.708008 0.505859 0.708984 0.505859 0.709961 0.503906 0.711914 0.503906 0.712891 0.501953 0.714844 0.501953 0.715820 0.500977 0.716797 0.500977 0.717773 0.499023 0.719727 0.499023 0.720703 0.497070 0.722656 0.497070 0.723633 0.496094 0.724609 0.496094 0.725586 0.494141 0.727539 0.494141 0.728516 0.492188 0.730469 0.492188 0.731445 0.491211 0.732422 0.491211 0.733398 0.489258 0.735352 0.489258 0.744141 0.491211 0.746094 0.492188 0.746094 0.494141 0.748047 0.495117 0.748047 0.496094 0.749023 0.497070 0.749023 0.499023 0.750977 0.500000 0.750977 0.501953 0.752930 0.502930 0.752930 0.504883 0.754883 0.505859 0.754883 0.506836 0.755859 0.507812 0.755859 0.509766 0.757812 0.510742 0.757812 0.512695 0.759766 0.513672 0.759766 0.515625 0.761719 0.516602 0.761719 0.517578 0.762695 0.519531 0.762695 0.520508 0.761719 0.520508 0.760742 0.521484 0.759766 0.521484 0.758789 0.523438 0.756836 0.523438 0.755859 0.524414 0.754883 0.524414 0.753906 0.526367 0.751953 0.526367 0.750977 0.527344 0.750000 0.527344 0.749023 0.529297 0.747070 0.529297 0.746094 0.530273 0.745117 0.530273 0.744141 0.531250 0.743164 0.531250 0.742188 0.533203 0.740234 0.533203 0.739258 0.534180 0.738281 0.534180 0.737305 0.536133 0.735352 0.536133 0.734375 0.537109 0.733398 0.537109 0.731445 0.538086 0.730469 0.538086 0.724609 0.537109 0.723633 0.536133 0.723633 0.534180 0.721680 0.533203 0.721680 0.532227 0.720703 0.531250 0.720703 0.529297 0.718750 0.528320 0.718750 0.527344 0.717773 0.526367 0.717773 0.524414 0.715820 0.523438 0.715820 0.521484 0.713867 0.520508 0.713867 0.519531 0.712891 0.518555 0.712891 0.516602 0.710938 0.515625 0.710938 0.514648 0.709961 0.513672 0.709961 0.511719 0.708008 0.510742 0.708008 0.508789 0.706055
1 0.534180 0.698242 0.533203 0.699219 0.533203 0.700195 0.531250 0.702148 0.531250 0.703125 0.529297 0.705078 0.529297 0.706055 0.528320 0.707031 0.528320 0.708008 0.526367 0.709961 0.526367 0.710938 0.525391 0.711914 0.525391 0.712891 0.523438 0.714844 0.524414 0.714844 0.526367 0.716797 0.527344 0.715820 0.527344 0.714844 0.528320 0.713867 0.528320 0.712891 0.529297 0.711914 0.529297 0.710938 0.530273 0.709961 0.530273 0.708984 0.533203 0.706055 0.533203 0.704102 0.536133 0.701172 0.536133 0.700195
0 0.774414 0.432617 0.773438 0.432617 0.772461 0.431641 0.762695 0.431641 0.761719 0.432617 0.757812 0.432617 0.756836 0.433594 0.752930 0.433594 0.751953 0.434570 0.748047 0.434570 0.747070 0.435547 0.743164 0.435547 0.742188 0.436523 0.738281 0.436523 0.737305 0.437500 0.733398 0.437500 0.732422 0.438477 0.728516 0.438477 0.727539 0.439453 0.723633 0.439453 0.722656 0.440430 0.718750 0.440430 0.718750 0.442383 0.719727 0.443359 0.719727 0.447266 0.720703 0.448242 0.720703 0.453125 0.721680 0.454102 0.721680 0.458008 0.722656 0.458984 0.722656 0.461914 0.725586 0.461914 0.726562 0.462891 0.726562 0.465820 0.727539 0.466797 0.726562 0.467773 0.724609 0.467773 0.724609 0.473633 0.725586 0.474609 0.725586 0.478516 0.726562 0.479492 0.726562 0.483398 0.727539 0.484375 0.727539 0.486328 0.728516 0.486328 0.730469 0.488281 0.731445 0.488281 0.732422 0.489258 0.733398 0.489258 0.734375 0.490234 0.735352 0.489258 0.740234 0.489258 0.741211 0.488281 0.745117 0.488281 0.746094 0.487305 0.750000 0.487305 0.750977 0.486328 0.754883 0.486328 0.755859 0.485352 0.759766 0.485352 0.760742 0.484375 0.764648 0.484375 0.765625 0.483398 0.770508 0.483398 0.771484 0.482422 0.775391 0.482422 0.776367 0.481445 0.780273 0.481445 0.781250 0.480469 0.784180 0.480469 0.783203 0.479492 0.783203 0.475586 0.782227 0.474609 0.782227 0.470703 0.781250 0.469727 0.781250 0.464844 0.780273 0.463867 0.780273 0.459961 0.779297 0.458984 0.779297 0.454102 0.778320 0.453125 0.778320 0.449219 0.777344 0.448242 0.777344 0.443359 0.776367 0.442383 0.776367 0.438477 0.775391 0.437500 0.775391 0.433594
1 0.726562 0.466797 0.725586 0.465820 0.725586 0.462891 0.724609 0.462891 0.723633 0.463867 0.722656 0.462891 0.721680 0.463867 0.717773 0.463867 0.716797 0.464844 0.714844 0.464844 0.713867 0.465820 0.712891 0.464844 0.711914 0.465820 0.708008 0.465820 0.707031 0.466797 0.703125 0.466797 0.702148 0.467773 0.698242 0.467773 0.697266 0.468750 0.693359 0.468750 0.693359 0.469727 0.694336 0.470703 0.694336 0.472656 0.699219 0.472656 0.700195 0.471680 0.704102 0.471680 0.705078 0.470703 0.708984 0.470703 0.709961 0.469727 0.713867 0.469727 0.714844 0.468750 0.718750 0.468750 0.719727 0.467773 0.723633 0.467773 0.724609 0.466797
0 0.679688 0.297852 0.678711 0.298828 0.678711 0.299805 0.674805 0.303711 0.674805 0.304688 0.671875 0.307617 0.671875 0.308594 0.667969 0.312500 0.667969 0.313477 0.664062 0.317383 0.664062 0.318359 0.663086 0.319336 0.665039 0.321289 0.666016 0.321289 0.669922 0.325195 0.670898 0.325195 0.674805 0.329102 0.675781 0.329102 0.678711 0.332031 0.679688 0.332031 0.683594 0.335938 0.684570 0.335938 0.687500 0.338867 0.688477 0.338867 0.691406 0.341797 0.692383 0.341797 0.694336 0.339844 0.694336 0.338867 0.698242 0.334961 0.698242 0.333984 0.703125 0.329102 0.703125 0.328125 0.707031 0.324219 0.707031 0.323242 0.708984 0.321289 0.708984 0.320312 0.706055 0.317383 0.705078 0.317383 0.701172 0.313477 0.700195 0.313477 0.696289 0.309570 0.695312 0.309570 0.692383 0.306641 0.691406 0.306641 0.688477 0.303711 0.687500 0.303711 0.684570 0.300781 0.683594 0.300781 0.680664 0.297852
