0 0.522461 0.327148 0.509766 0.327148 0.506836 0.330078 0.505859 0.330078 0.503906 0.332031 0.502930 0.332031 0.500000 0.334961 0.499023 0.334961 0.497070 0.336914 0.496094 0.336914 0.494141 0.338867 0.494141 0.339844 0.495117 0.340820 0.495117 0.341797 0.496094 0.342773 0.496094 0.343750 0.497070 0.344727 0.497070 0.345703 0.498047 0.346680 0.498047 0.347656 0.499023 0.348633 0.499023 0.349609 0.500000 0.350586 0.500000 0.351562 0.500977 0.352539 0.500977 0.353516 0.501953 0.354492 0.501953 0.355469 0.502930 0.356445 0.502930 0.357422 0.503906 0.358398 0.515625 0.358398 0.516602 0.357422 0.517578 0.357422 0.519531 0.355469 0.520508 0.355469 0.523438 0.352539 0.524414 0.352539 0.527344 0.349609 0.528320 0.349609 0.530273 0.347656 0.531250 0.347656 0.531250 0.345703 0.530273 0.344727 0.530273 0.343750 0.529297 0.342773 0.529297 0.341797 0.528320 0.340820 0.528320 0.339844 0.527344 0.338867 0.527344 0.337891 0.526367 0.336914 0.526367 0.335938 0.525391 0.334961 0.525391 0.333008 0.524414 0.332031 0.524414 0.331055 0.523438 0.330078 0.523438 0.329102 0.522461 0.328125
1 0.532227 0.329102 0.530273 0.329102 0.529297 0.330078 0.528320 0.330078 0.526367 0.332031 0.525391 0.332031 0.526367 0.333008 0.526367 0.333984 0.527344 0.333984 0.529297 0.332031 0.530273 0.332031 0.532227 0.330078
0 0.567383 0.235352 0.566406 0.236328 0.563477 0.236328 0.562500 0.237305 0.559570 0.237305 0.558594 0.238281 0.555664 0.238281 0.554688 0.239258 0.551758 0.239258 0.550781 0.240234 0.546875 0.240234 0.545898 0.241211 0.544922 0.241211 0.544922 0.243164 0.545898 0.244141 0.545898 0.249023 0.546875 0.250000 0.546875 0.254883 0.547852 0.255859 0.547852 0.260742 0.548828 0.261719 0.548828 0.263672 0.549805 0.264648 0.549805 0.266602 0.550781 0.267578 0.550781 0.268555 0.551758 0.269531 0.551758 0.271484 0.552734 0.270508 0.555664 0.270508 0.556641 0.269531 0.560547 0.269531 0.560547 0.267578 0.559570 0.266602 0.559570 0.264648 0.560547 0.263672 0.562500 0.263672 0.563477 0.264648 0.563477 0.268555 0.564453 0.268555 0.565430 0.267578 0.568359 0.267578 0.569336 0.266602 0.573242 0.266602 0.573242 0.261719 0.572266 0.260742 0.572266 0.255859 0.571289 0.254883 0.571289 0.250000 0.570312 0.249023 0.570312 0.245117 0.569336 0.244141 0.569336 0.242188 0.568359 0.241211 0.568359 0.238281 0.567383 0.237305
1 0.560547 0.264648 0.560547 0.266602 0.561523 0.267578 0.561523 0.272461 0.562500 0.273438 0.562500 0.278320 0.563477 0.279297 0.564453 0.279297 0.564453 0.276367 0.563477 0.275391 0.563477 0.270508 0.562500 0.269531 0.562500 0.264648
0 0.509766 0.298828 0.508789 0.298828 0.505859 0.301758 0.504883 0.301758 0.495117 0.311523 0.495117 0.312500 0.497070 0.314453 0.497070 0.315430 0.506836 0.325195 0.506836 0.326172 0.507812 0.327148 0.508789 0.327148 0.509766 0.326172 0.510742 0.326172 0.523438 0.313477 0.518555 0.308594 0.518555 0.307617
0 0.525391 0.303711 0.524414 0.304688 0.521484 0.304688 0.520508 0.305664 0.517578 0.305664 0.519531 0.307617 0.519531 0.308594 0.524414 0.313477 0.511719 0.326172 0.522461 0.326172 0.523438 0.327148 0.525391 0.327148 0.526367 0.326172 0.528320 0.326172 0.529297 0.325195 0.530273 0.325195 0.530273 0.324219 0.529297 0.323242 0.529297 0.319336 0.528320 0.318359 0.528320 0.316406 0.527344 0.315430 0.527344 0.311523 0.526367 0.310547 0.526367 0.307617 0.525391 0.306641
1 0.724609 0.469727 0.726562 0.471680 0.725586 0.470703 0.726562 0.469727 0.725586 0.470703
1 0.540039 0.310547 0.539062 0.310547 0.538086 0.311523 0.535156 0.311523 0.534180 0.312500 0.532227 0.312500 0.531250 0.313477 0.528320 0.313477 0.528320 0.315430 0.529297 0.315430 0.530273 0.314453 0.532227 0.314453 0.533203 0.313477 0.536133 0.313477 0.537109 0.312500 0.540039 0.312500
0 0.747070 0.433594 0.745117 0.433594 0.741211 0.437500 0.740234 0.437500 0.736328 0.441406 0.735352 0.441406 0.730469 0.446289 0.729492 0.446289 0.724609 0.451172 0.723633 0.451172 0.727539 0.455078 0.727539 0.456055 0.733398 0.461914 0.734375 0.461914 0.735352 0.462891 0.735352 0.464844 0.739258 0.468750 0.739258 0.469727 0.742188 0.472656 0.743164 0.472656 0.745117 0.474609 0.746094 0.474609 0.747070 0.473633 0.748047 0.473633 0.751953 0.469727 0.752930 0.469727 0.756836 0.465820 0.757812 0.465820 0.761719 0.461914 0.762695 0.461914 0.767578 0.457031 0.768555 0.457031 0.768555 0.456055 0.762695 0.450195 0.762695 0.449219 0.756836 0.443359 0.756836 0.442383 0.751953 0.437500 0.751953 0.436523 0.750977 0.435547 0.750000 0.435547 0.749023 0.434570 0.748047 0.434570
1 0.734375 0.462891 0.733398 0.462891 0.732422 0.463867 0.731445 0.463867 0.728516 0.466797 0.727539 0.466797 0.725586 0.468750 0.725586 0.469727 0.724609 0.470703 0.722656 0.470703 0.719727 0.473633 0.719727 0.475586 0.721680 0.475586 0.726562 0.470703 0.727539 0.470703 0.727539 0.469727 0.728516 0.468750 0.729492 0.468750 0.730469 0.467773 0.731445 0.467773 0.734375 0.464844
1 0.454102 0.397461 0.454102 0.398438 0.452148 0.400391 0.453125 0.399414 0.454102 0.400391
0 0.447266 0.401367 0.447266 0.402344 0.446289 0.403320 0.446289 0.404297 0.445312 0.405273 0.445312 0.406250 0.444336 0.407227 0.444336 0.408203 0.443359 0.409180 0.443359 0.410156 0.442383 0.411133 0.442383 0.414062 0.443359 0.415039 0.443359 0.419922 0.444336 0.420898 0.444336 0.425781 0.445312 0.426758 0.445312 0.427734 0.447266 0.427734 0.448242 0.428711 0.463867 0.428711 0.463867 0.427734 0.464844 0.426758 0.464844 0.425781 0.465820 0.424805 0.465820 0.423828 0.466797 0.422852 0.466797 0.421875 0.467773 0.420898 0.467773 0.419922 0.468750 0.418945 0.468750 0.416016 0.467773 0.415039 0.467773 0.409180 0.466797 0.408203 0.466797 0.402344 0.463867 0.402344 0.462891 0.401367 0.455078 0.401367 0.455078 0.402344 0.456055 0.403320 0.456055 0.406250 0.455078 0.407227 0.453125 0.407227 0.452148 0.406250 0.452148 0.401367
1 0.603516 0.395508 0.602539 0.396484 0.604492 0.398438 0.602539 0.396484
1 0.452148 0.394531 0.452148 0.399414 0.453125 0.400391 0.453125 0.406250 0.454102 0.406250 0.454102 0.401367 0.452148 0.399414 0.453125 0.398438 0.453125 0.394531
0 0.599609 0.372070 0.598633 0.372070 0.597656 0.373047 0.596680 0.373047 0.595703 0.374023 0.594727 0.374023 0.592773 0.375977 0.591797 0.375977 0.590820 0.376953 0.589844 0.376953 0.588867 0.377930 0.587891 0.377930 0.586914 0.378906 0.585938 0.378906 0.583984 0.380859 0.583984 0.382812 0.583008 0.383789 0.583008 0.385742 0.582031 0.386719 0.582031 0.387695 0.581055 0.388672 0.581055 0.390625 0.580078 0.391602 0.580078 0.393555 0.592773 0.406250 0.593750 0.405273 0.594727 0.405273 0.595703 0.404297 0.596680 0.404297 0.597656 0.403320 0.598633 0.403320 0.599609 0.402344 0.600586 0.402344 0.602539 0.400391 0.603516 0.400391 0.603516 0.399414 0.601562 0.397461 0.601562 0.396484 0.603516 0.394531 0.604492 0.394531 0.607422 0.397461 0.607422 0.396484 0.608398 0.395508 0.608398 0.394531 0.609375 0.393555 0.609375 0.391602 0.610352 0.390625 0.610352 0.389648 0.611328 0.388672 0.611328 0.386719 0.612305 0.385742 0.612305 0.384766
1 0.364258 0.440430 0.363281 0.441406 0.363281 0.443359 0.363281 0.442383 0.364258 0.441406
1 0.604492 0.395508 0.602539 0.397461 0.610352 0.405273 0.612305 0.405273 0.612305 0.403320
0 0.359375 0.416992 0.357422 0.418945 0.356445 0.418945 0.353516 0.421875 0.352539 0.421875 0.350586 0.423828 0.349609 0.423828 0.346680 0.426758 0.345703 0.426758 0.344727 0.427734 0.344727 0.429688 0.345703 0.430664 0.345703 0.431641 0.346680 0.432617 0.346680 0.433594 0.347656 0.434570 0.347656 0.436523 0.348633 0.437500 0.348633 0.438477 0.349609 0.439453 0.349609 0.440430 0.354492 0.445312 0.355469 0.445312 0.360352 0.450195 0.361328 0.450195 0.362305 0.449219 0.363281 0.449219 0.364258 0.448242 0.364258 0.446289 0.363281 0.445312 0.363281 0.444336 0.362305 0.443359 0.362305 0.441406 0.361328 0.440430 0.363281 0.438477 0.365234 0.440430 0.365234 0.441406 0.366211 0.442383 0.366211 0.443359 0.367188 0.444336 0.367188 0.445312 0.368164 0.445312 0.369141 0.444336 0.370117 0.444336 0.373047 0.441406 0.374023 0.441406 0.375977 0.439453 0.375977 0.438477 0.375000 0.437500 0.375000 0.436523 0.374023 0.435547 0.374023 0.434570 0.373047 0.433594 0.373047 0.432617 0.372070 0.431641 0.372070 0.430664 0.371094 0.429688 0.371094 0.428711 0.370117 0.427734 0.370117 0.426758 0.360352 0.416992
1 0.364258 0.442383 0.364258 0.445312 0.366211 0.447266 0.366211 0.448242 0.367188 0.449219 0.368164 0.448242 0.367188 0.448242 0.366211 0.447266 0.367188 0.446289 0.366211 0.445312 0.366211 0.444336 0.365234 0.443359 0.365234 0.442383
1 0.363281 0.439453 0.362305 0.440430 0.363281 0.440430
0 0.233398 0.411133 0.232422 0.411133 0.225586 0.417969 0.225586 0.418945 0.214844 0.429688 0.214844 0.430664 0.209961 0.435547 0.211914 0.437500 0.212891 0.437500 0.217773 0.442383 0.218750 0.442383 0.223633 0.447266 0.224609 0.447266 0.228516 0.451172 0.229492 0.451172 0.230469 0.452148 0.231445 0.452148 0.234375 0.449219 0.234375 0.448242 0.244141 0.438477 0.244141 0.437500 0.251953 0.429688 0.251953 0.428711 0.252930 0.427734 0.249023 0.423828 0.248047 0.423828 0.243164 0.418945 0.242188 0.418945 0.236328 0.413086 0.235352 0.413086
1 0.571289 0.679688 0.572266 0.678711 0.573242 0.679688 0.574219 0.678711 0.573242 0.679688 0.572266 0.678711 0.571289 0.678711
1 0.250000 0.410156 0.245117 0.415039 0.245117 0.416016 0.243164 0.417969 0.244141 0.418945 0.245117 0.418945 0.245117 0.417969 0.250977 0.412109 0.250977 0.411133
0 0.542969 0.655273 0.542969 0.656250 0.541992 0.657227 0.541992 0.661133 0.541016 0.662109 0.541016 0.666992 0.540039 0.667969 0.540039 0.671875 0.539062 0.672852 0.539062 0.677734 0.538086 0.678711 0.538086 0.682617 0.537109 0.683594 0.537109 0.688477 0.536133 0.689453 0.537109 0.690430 0.541016 0.690430 0.541992 0.691406 0.545898 0.691406 0.546875 0.692383 0.550781 0.692383 0.551758 0.693359 0.555664 0.693359 0.556641 0.694336 0.560547 0.694336 0.561523 0.695312 0.561523 0.693359 0.562500 0.692383 0.562500 0.688477 0.563477 0.687500 0.563477 0.683594 0.564453 0.682617 0.564453 0.678711 0.565430 0.677734 0.565430 0.673828 0.566406 0.672852 0.566406 0.666016 0.567383 0.665039 0.567383 0.659180 0.563477 0.659180 0.562500 0.658203 0.558594 0.658203 0.557617 0.657227 0.553711 0.657227 0.552734 0.656250 0.548828 0.656250 0.547852 0.655273
1 0.565430 0.678711 0.567383 0.678711 0.568359 0.679688 0.570312 0.679688 0.570312 0.678711 0.571289 0.677734 0.572266 0.677734 0.573242 0.678711 0.572266 0.679688 0.573242 0.680664 0.577148 0.680664 0.578125 0.681641 0.582031 0.681641 0.581055 0.680664 0.582031 0.679688 0.581055 0.678711 0.579102 0.678711 0.578125 0.679688 0.576172 0.677734 0.572266 0.677734 0.571289 0.676758 0.567383 0.676758 0.566406 0.675781 0.566406 0.677734
