0 0.522461 0.385742 0.517578 0.390625 0.518555 0.391602 0.518555 0.399414 0.519531 0.400391 0.519531 0.408203 0.520508 0.409180 0.520508 0.412109 0.527344 0.412109 0.528320 0.411133 0.541992 0.411133 0.545898 0.407227 0.546875 0.407227 0.548828 0.405273 0.548828 0.403320 0.547852 0.402344 0.547852 0.395508 0.546875 0.394531 0.546875 0.386719 0.545898 0.385742 0.545898 0.383789 0.525391 0.383789 0.523438 0.385742
1 0.548828 0.396484 0.548828 0.398438 0.557617 0.398438 0.557617 0.396484
0 0.618164 0.322266 0.605469 0.322266 0.604492 0.323242 0.596680 0.323242 0.595703 0.324219 0.595703 0.326172 0.594727 0.327148 0.594727 0.328125 0.593750 0.329102 0.593750 0.331055 0.592773 0.332031 0.592773 0.333008 0.591797 0.333984 0.591797 0.338867 0.592773 0.339844 0.592773 0.342773 0.593750 0.343750 0.593750 0.347656 0.594727 0.348633 0.594727 0.351562 0.595703 0.352539 0.595703 0.354492 0.596680 0.353516 0.598633 0.353516 0.598633 0.352539 0.599609 0.351562 0.599609 0.349609 0.600586 0.348633 0.600586 0.347656 0.601562 0.346680 0.601562 0.344727 0.602539 0.343750 0.604492 0.343750 0.605469 0.344727 0.605469 0.347656 0.604492 0.348633 0.604492 0.350586 0.603516 0.351562 0.603516 0.352539 0.602539 0.353516 0.616211 0.353516 0.617188 0.352539 0.617188 0.351562 0.618164 0.350586 0.618164 0.348633 0.619141 0.347656 0.619141 0.345703 0.620117 0.344727 0.620117 0.342773 0.621094 0.341797 0.621094 0.336914 0.620117 0.335938 0.620117 0.332031 0.619141 0.331055 0.619141 0.327148 0.618164 0.326172
1 0.604492 0.344727 0.602539 0.344727 0.602539 0.346680 0.601562 0.347656 0.601562 0.348633 0.600586 0.349609 0.600586 0.351562 0.599609 0.352539 0.599609 0.354492 0.601562 0.354492 0.601562 0.353516 0.602539 0.352539 0.602539 0.351562 0.603516 0.350586 0.603516 0.348633 0.604492 0.347656
0 0.565430 0.416016 0.564453 0.416016 0.563477 0.416992 0.561523 0.416992 0.560547 0.417969 0.559570 0.417969 0.558594 0.418945 0.557617 0.418945 0.556641 0.419922 0.555664 0.419922 0.554688 0.420898 0.553711 0.420898 0.552734 0.421875 0.551758 0.421875 0.550781 0.422852 0.549805 0.422852 0.548828 0.423828 0.547852 0.423828 0.547852 0.424805 0.548828 0.425781 0.548828 0.426758 0.549805 0.427734 0.549805 0.429688 0.550781 0.430664 0.550781 0.431641 0.551758 0.432617 0.551758 0.433594 0.552734 0.434570 0.552734 0.435547 0.553711 0.436523 0.553711 0.437500 0.554688 0.438477 0.554688 0.440430 0.555664 0.441406 0.555664 0.442383 0.556641 0.443359 0.556641 0.444336 0.557617 0.445312 0.557617 0.446289 0.558594 0.447266 0.558594 0.448242 0.559570 0.448242 0.560547 0.447266 0.561523 0.447266 0.562500 0.446289 0.563477 0.446289 0.564453 0.445312 0.565430 0.445312 0.566406 0.444336 0.568359 0.444336 0.569336 0.443359 0.570312 0.443359 0.571289 0.442383 0.572266 0.442383 0.573242 0.441406 0.574219 0.441406 0.575195 0.440430 0.576172 0.440430 0.576172 0.439453 0.575195 0.438477 0.575195 0.436523 0.574219 0.435547 0.574219 0.434570 0.573242 0.433594 0.573242 0.432617 0.572266 0.431641 0.572266 0.430664 0.571289 0.429688 0.571289 0.428711 0.570312 0.427734 0.570312 0.426758 0.569336 0.425781 0.569336 0.423828 0.568359 0.422852 0.568359 0.421875 0.567383 0.420898 0.567383 0.419922 0.566406 0.418945 0.566406 0.417969 0.565430 0.416992
0 0.566406 0.445312 0.565430 0.446289 0.565430 0.454102 0.564453 0.455078 0.564453 0.463867 0.568359 0.467773 0.585938 0.467773 0.586914 0.466797 0.586914 0.458984 0.585938 0.458984 0.584961 0.458008 0.584961 0.456055 0.585938 0.455078 0.586914 0.455078 0.587891 0.454102 0.587891 0.450195 0.585938 0.448242 0.585938 0.447266 0.583984 0.445312
1 0.585938 0.456055 0.585938 0.458008 0.597656 0.458008 0.597656 0.456055 0.588867 0.456055 0.588867 0.457031 0.587891 0.458008 0.586914 0.457031 0.586914 0.456055
1 0.643555 0.436523 0.643555 0.438477 0.644531 0.438477 0.644531 0.437500
1 0.661133 0.432617 0.660156 0.432617 0.659180 0.433594 0.657227 0.433594 0.656250 0.434570 0.655273 0.434570 0.654297 0.435547 0.653320 0.435547 0.652344 0.436523 0.651367 0.435547 0.650391 0.435547 0.651367 0.435547 0.652344 0.436523 0.654297 0.436523 0.656250 0.434570 0.659180 0.434570
0 0.475586 0.484375 0.474609 0.483398 0.473633 0.484375 0.474609 0.483398
0 0.685547 0.396484 0.684570 0.397461 0.683594 0.397461 0.682617 0.398438 0.681641 0.398438 0.680664 0.399414 0.678711 0.399414 0.677734 0.400391 0.676758 0.400391 0.675781 0.401367 0.674805 0.401367 0.673828 0.402344 0.671875 0.402344 0.670898 0.403320 0.669922 0.403320 0.668945 0.404297 0.667969 0.404297 0.666992 0.405273 0.665039 0.405273 0.664062 0.406250 0.663086 0.406250 0.662109 0.407227 0.660156 0.407227 0.659180 0.408203 0.658203 0.408203 0.657227 0.409180 0.656250 0.409180 0.656250 0.413086 0.657227 0.414062 0.657227 0.416992 0.658203 0.417969 0.658203 0.420898 0.659180 0.421875 0.659180 0.424805 0.660156 0.425781 0.660156 0.427734 0.661133 0.428711 0.662109 0.427734 0.664062 0.429688 0.664062 0.430664 0.665039 0.431641 0.665039 0.432617 0.664062 0.433594 0.663086 0.433594 0.664062 0.434570 0.664062 0.435547 0.665039 0.436523 0.665039 0.437500 0.666016 0.438477 0.666016 0.439453 0.666992 0.440430 0.666992 0.441406 0.667969 0.442383 0.667969 0.443359 0.668945 0.444336 0.668945 0.445312 0.669922 0.446289 0.669922 0.447266 0.670898 0.448242 0.670898 0.449219 0.671875 0.450195 0.671875 0.451172 0.672852 0.450195 0.673828 0.450195 0.674805 0.449219 0.676758 0.449219 0.677734 0.448242 0.678711 0.448242 0.679688 0.447266 0.680664 0.447266 0.681641 0.446289 0.683594 0.446289 0.684570 0.445312 0.685547 0.445312 0.686523 0.444336 0.688477 0.444336 0.689453 0.443359 0.690430 0.443359 0.691406 0.442383 0.692383 0.442383 0.693359 0.441406 0.695312 0.441406 0.696289 0.440430 0.697266 0.440430 0.698242 0.439453 0.700195 0.439453 0.701172 0.438477 0.702148 0.438477 0.701172 0.437500 0.701172 0.433594 0.700195 0.432617 0.700195 0.427734 0.699219 0.426758 0.699219 0.422852 0.698242 0.421875 0.698242 0.419922 0.697266 0.418945 0.697266 0.417969 0.696289 0.416992 0.696289 0.416016 0.695312 0.415039 0.695312 0.414062 0.694336 0.413086 0.694336 0.412109 0.693359 0.411133 0.693359 0.410156 0.691406 0.408203 0.691406 0.407227 0.690430 0.406250 0.690430 0.405273 0.689453 0.404297 0.689453 0.403320 0.688477 0.402344 0.688477 0.401367 0.687500 0.400391 0.687500 0.399414 0.685547 0.397461
1 0.472656 0.478516 0.471680 0.479492 0.470703 0.478516 0.471680 0.479492 0.470703 0.480469 0.470703 0.483398 0.471680 0.483398 0.472656 0.482422
1 0.664062 0.431641 0.663086 0.430664 0.663086 0.429688 0.662109 0.428711 0.661133 0.429688 0.660156 0.429688 0.659180 0.430664 0.657227 0.430664 0.656250 0.431641 0.655273 0.431641 0.654297 0.432617 0.653320 0.432617 0.651367 0.434570 0.648438 0.434570 0.647461 0.435547 0.645508 0.435547 0.644531 0.436523 0.645508 0.437500 0.645508 0.438477 0.644531 0.439453 0.643555 0.439453 0.644531 0.440430 0.645508 0.439453 0.647461 0.439453 0.648438 0.438477 0.649414 0.438477 0.650391 0.437500 0.652344 0.437500 0.651367 0.436523 0.653320 0.434570 0.654297 0.434570 0.655273 0.433594 0.656250 0.433594 0.657227 0.432617 0.659180 0.432617 0.660156 0.431641 0.661133 0.431641 0.662109 0.432617 0.661133 0.433594 0.662109 0.432617 0.664062 0.432617
0 0.457031 0.481445 0.457031 0.484375 0.456055 0.485352 0.456055 0.490234 0.455078 0.491211 0.455078 0.497070 0.454102 0.498047 0.454102 0.500977 0.455078 0.501953 0.458008 0.501953 0.458984 0.502930 0.461914 0.502930 0.462891 0.503906 0.466797 0.503906 0.467773 0.504883 0.479492 0.504883 0.480469 0.505859 0.481445 0.505859 0.481445 0.503906 0.482422 0.502930 0.482422 0.498047 0.483398 0.497070 0.483398 0.492188 0.484375 0.491211 0.484375 0.486328 0.483398 0.485352 0.480469 0.485352 0.479492 0.484375 0.476562 0.484375 0.475586 0.485352 0.473633 0.483398 0.472656 0.483398 0.471680 0.484375 0.470703 0.484375 0.469727 0.483398 0.469727 0.482422 0.459961 0.482422 0.458984 0.481445
1 0.472656 0.469727 0.471680 0.470703 0.471680 0.476562 0.470703 0.477539 0.471680 0.478516 0.470703 0.479492 0.473633 0.476562 0.472656 0.475586 0.473633 0.474609 0.472656 0.473633 0.472656 0.472656 0.474609 0.470703 0.473633 0.470703
0 0.601562 0.488281 0.601562 0.489258 0.600586 0.490234 0.600586 0.492188 0.599609 0.493164 0.599609 0.495117 0.598633 0.496094 0.598633 0.497070 0.597656 0.498047 0.597656 0.500000 0.596680 0.500977 0.596680 0.501953 0.595703 0.502930 0.595703 0.504883 0.594727 0.505859 0.596680 0.507812 0.596680 0.508789 0.597656 0.509766 0.597656 0.510742 0.598633 0.511719 0.598633 0.512695 0.600586 0.514648 0.600586 0.515625 0.601562 0.516602 0.601562 0.517578 0.607422 0.517578 0.608398 0.518555 0.615234 0.518555 0.616211 0.519531 0.621094 0.519531 0.621094 0.518555 0.622070 0.517578 0.622070 0.516602 0.623047 0.515625 0.623047 0.513672 0.624023 0.512695 0.624023 0.511719 0.625000 0.510742 0.625000 0.509766 0.625977 0.508789 0.625977 0.506836 0.626953 0.505859 0.626953 0.504883 0.627930 0.503906 0.627930 0.500977 0.626953 0.500000 0.626953 0.499023 0.625977 0.498047 0.625977 0.497070 0.624023 0.495117 0.624023 0.494141 0.622070 0.492188 0.622070 0.491211 0.621094 0.490234 0.616211 0.490234 0.615234 0.489258 0.609375 0.489258 0.608398 0.488281
1 0.615234 0.508789 0.614258 0.509766 0.614258 0.510742 0.615234 0.511719 0.615234 0.512695 0.617188 0.514648 0.617188 0.515625 0.618164 0.516602 0.618164 0.517578 0.619141 0.518555 0.620117 0.518555 0.621094 0.517578 0.621094 0.516602 0.619141 0.514648 0.619141 0.513672 0.618164 0.512695 0.618164 0.511719
0 0.383789 0.467773 0.382812 0.467773 0.381836 0.468750 0.378906 0.468750 0.377930 0.469727 0.375977 0.469727 0.375000 0.470703 0.372070 0.470703 0.371094 0.471680 0.368164 0.471680 0.367188 0.472656 0.366211 0.472656 0.363281 0.475586 0.363281 0.476562 0.362305 0.477539 0.363281 0.478516 0.363281 0.480469 0.364258 0.481445 0.364258 0.483398 0.365234 0.484375 0.365234 0.486328 0.366211 0.487305 0.366211 0.489258 0.367188 0.490234 0.367188 0.492188 0.368164 0.493164 0.368164 0.495117 0.371094 0.495117 0.372070 0.494141 0.375000 0.494141 0.375977 0.493164 0.378906 0.493164 0.379883 0.492188 0.381836 0.492188 0.382812 0.491211 0.385742 0.491211 0.386719 0.490234 0.387695 0.490234 0.387695 0.489258 0.389648 0.487305 0.389648 0.483398 0.388672 0.482422 0.388672 0.480469 0.387695 0.479492 0.387695 0.477539 0.386719 0.476562 0.386719 0.474609 0.385742 0.473633 0.385742 0.471680 0.384766 0.470703 0.384766 0.468750
1 0.375000 0.483398 0.374023 0.483398 0.373047 0.484375 0.373047 0.485352 0.372070 0.486328 0.372070 0.488281 0.373047 0.487305 0.374023 0.487305 0.375000 0.486328 0.374023 0.485352 0.375000 0.484375
0 0.226562 0.313477 0.226562 0.314453 0.225586 0.315430 0.225586 0.318359 0.224609 0.319336 0.224609 0.321289 0.223633 0.322266 0.223633 0.324219 0.222656 0.325195 0.222656 0.331055 0.223633 0.332031 0.223633 0.333008 0.224609 0.333984 0.224609 0.335938 0.225586 0.336914 0.225586 0.338867 0.226562 0.339844 0.226562 0.340820 0.227539 0.341797 0.227539 0.343750 0.228516 0.344727 0.228516 0.346680 0.229492 0.347656 0.231445 0.347656 0.232422 0.346680 0.246094 0.346680 0.247070 0.345703 0.251953 0.345703 0.252930 0.344727 0.252930 0.342773 0.253906 0.341797 0.253906 0.339844 0.254883 0.338867 0.254883 0.336914 0.255859 0.335938 0.255859 0.333984 0.256836 0.333008 0.256836 0.332031 0.257812 0.331055 0.256836 0.330078 0.256836 0.329102 0.255859 0.328125 0.255859 0.326172 0.254883 0.325195 0.254883 0.324219 0.253906 0.323242 0.253906 0.321289 0.252930 0.320312 0.252930 0.319336 0.251953 0.318359 0.251953 0.316406 0.250977 0.315430 0.250977 0.313477 0.250000 0.312500 0.231445 0.312500 0.230469 0.313477
1 0.400391 0.625977 0.398438 0.624023 0.396484 0.625977 0.397461 0.626953 0.399414 0.625000
1 0.256836 0.327148 0.256836 0.328125 0.257812 0.329102 0.257812 0.330078 0.264648 0.330078 0.265625 0.329102 0.266602 0.329102 0.266602 0.327148
0 0.371094 0.591797 0.370117 0.592773 0.370117 0.593750 0.369141 0.594727 0.369141 0.595703 0.368164 0.596680 0.368164 0.597656 0.366211 0.599609 0.366211 0.600586 0.365234 0.601562 0.365234 0.602539 0.364258 0.603516 0.364258 0.604492 0.363281 0.605469 0.363281 0.606445 0.361328 0.608398 0.361328 0.609375 0.360352 0.610352 0.360352 0.611328 0.359375 0.612305 0.359375 0.613281 0.358398 0.614258 0.358398 0.615234 0.357422 0.616211 0.357422 0.617188 0.355469 0.619141 0.355469 0.620117 0.356445 0.621094 0.357422 0.621094 0.359375 0.623047 0.360352 0.623047 0.361328 0.624023 0.362305 0.624023 0.364258 0.625977 0.365234 0.625977 0.367188 0.627930 0.368164 0.627930 0.369141 0.628906 0.370117 0.628906 0.372070 0.630859 0.373047 0.630859 0.374023 0.631836 0.375000 0.631836 0.376953 0.633789 0.377930 0.633789 0.378906 0.634766 0.380859 0.634766 0.381836 0.635742 0.383789 0.635742 0.384766 0.636719 0.386719 0.636719 0.387695 0.637695 0.389648 0.637695 0.390625 0.638672 0.392578 0.638672 0.393555 0.639648 0.394531 0.639648 0.394531 0.638672 0.395508 0.637695 0.395508 0.636719 0.396484 0.635742 0.396484 0.634766 0.398438 0.632812 0.398438 0.631836 0.399414 0.630859 0.399414 0.629883 0.400391 0.628906 0.399414 0.628906 0.398438 0.627930 0.397461 0.627930 0.395508 0.625977 0.394531 0.625977 0.392578 0.624023 0.392578 0.623047 0.394531 0.621094 0.395508 0.621094 0.396484 0.622070 0.397461 0.622070 0.399414 0.624023 0.400391 0.624023 0.401367 0.625000 0.402344 0.625000 0.402344 0.624023 0.404297 0.622070 0.404297 0.621094 0.405273 0.620117 0.405273 0.619141 0.406250 0.618164 0.406250 0.617188 0.407227 0.616211 0.407227 0.615234 0.408203 0.614258 0.408203 0.613281 0.409180 0.612305 0.407227 0.610352 0.406250 0.610352 0.405273 0.609375 0.404297 0.609375 0.403320 0.608398 0.402344 0.608398 0.400391 0.606445 0.399414 0.606445 0.398438 0.605469 0.397461 0.605469 0.395508 0.603516 0.394531 0.603516 0.393555 0.602539 0.392578 0.602539 0.390625 0.600586 0.389648 0.600586 0.388672 0.599609 0.387695 0.599609 0.386719 0.598633 0.385742 0.598633 0.384766 0.597656 0.383789 0.597656 0.382812 0.596680 0.380859 0.596680 0.379883 0.595703 0.378906 0.595703 0.377930 0.594727 0.375977 0.594727 0.375000 0.593750 0.374023 0.593750 0.373047 0.592773 0.372070 0.592773
1 0.398438 0.626953 0.399414 0.627930 0.400391 0.627930 0.402344 0.629883 0.403320 0.629883 0.405273 0.631836 0.406250 0.631836 0.407227 0.632812 0.408203 0.632812 0.409180 0.633789 0.410156 0.633789 0.411133 0.632812 0.411133 0.631836 0.410156 0.630859 0.409180 0.630859 0.407227 0.628906 0.406250 0.628906 0.405273 0.627930 0.404297 0.627930 0.402344 0.625977 0.401367 0.625977 0.400391 0.625000
1 0.394531 0.622070 0.394531 0.623047 0.393555 0.624023 0.394531 0.625000 0.396484 0.625000 0.397461 0.624023 0.395508 0.622070
