0 0.617188 0.613281 0.615234 0.613281 0.613281 0.615234 0.612305 0.615234 0.611328 0.616211 0.610352 0.616211 0.608398 0.618164 0.607422 0.618164 0.606445 0.619141 0.605469 0.619141 0.603516 0.621094 0.602539 0.621094 0.600586 0.623047 0.600586 0.631836 0.602539 0.633789 0.602539 0.634766 0.605469 0.637695 0.605469 0.638672 0.608398 0.641602 0.608398 0.642578 0.611328 0.645508 0.611328 0.646484 0.613281 0.644531 0.614258 0.644531 0.615234 0.643555 0.616211 0.643555 0.618164 0.641602 0.619141 0.641602 0.620117 0.640625 0.621094 0.640625 0.623047 0.638672 0.624023 0.638672 0.625977 0.636719 0.626953 0.636719 0.627930 0.635742 0.627930 0.629883 0.628906 0.628906 0.628906 0.627930 0.626953 0.625977 0.626953 0.625000 0.623047 0.621094 0.623047 0.620117 0.620117 0.617188 0.620117 0.616211
1 0.615234 0.618164 0.614258 0.619141 0.614258 0.623047 0.613281 0.624023 0.614258 0.625000 0.614258 0.625977 0.616211 0.624023 0.616211 0.619141
0 0.568359 0.305664 0.567383 0.305664 0.566406 0.306641 0.563477 0.306641 0.562500 0.307617 0.559570 0.307617 0.558594 0.308594 0.555664 0.308594 0.554688 0.309570 0.551758 0.309570 0.550781 0.310547 0.550781 0.315430 0.551758 0.316406 0.551758 0.324219 0.552734 0.325195 0.552734 0.326172 0.553711 0.327148 0.553711 0.329102 0.554688 0.330078 0.554688 0.332031 0.555664 0.333008 0.555664 0.333984 0.556641 0.334961 0.556641 0.335938 0.557617 0.334961 0.561523 0.334961 0.562500 0.333984 0.565430 0.333984 0.566406 0.333008 0.569336 0.333008 0.570312 0.332031 0.573242 0.332031 0.574219 0.331055 0.574219 0.326172 0.573242 0.325195 0.573242 0.318359 0.572266 0.317383 0.572266 0.315430 0.571289 0.314453 0.571289 0.312500 0.570312 0.311523 0.570312 0.309570 0.569336 0.308594 0.569336 0.306641
1 0.550781 0.323242 0.547852 0.323242 0.546875 0.324219 0.543945 0.324219 0.542969 0.325195 0.541992 0.325195 0.541992 0.327148 0.542969 0.326172 0.545898 0.326172 0.546875 0.325195 0.549805 0.325195 0.550781 0.324219
0 0.565430 0.530273 0.564453 0.530273 0.563477 0.531250 0.562500 0.531250 0.561523 0.532227 0.560547 0.532227 0.558594 0.534180 0.557617 0.534180 0.556641 0.535156 0.555664 0.535156 0.553711 0.537109 0.552734 0.537109 0.551758 0.538086 0.550781 0.538086 0.549805 0.539062 0.548828 0.539062 0.548828 0.540039 0.549805 0.541016 0.549805 0.541992 0.550781 0.542969 0.550781 0.543945 0.551758 0.544922 0.551758 0.545898 0.552734 0.546875 0.552734 0.547852 0.553711 0.548828 0.553711 0.549805 0.554688 0.550781 0.554688 0.551758 0.555664 0.552734 0.555664 0.553711 0.556641 0.554688 0.556641 0.555664 0.558594 0.557617 0.559570 0.557617 0.561523 0.559570 0.563477 0.559570 0.564453 0.558594 0.565430 0.558594 0.566406 0.557617 0.567383 0.557617 0.569336 0.555664 0.570312 0.555664 0.571289 0.554688 0.572266 0.554688 0.573242 0.553711 0.574219 0.553711 0.576172 0.551758 0.577148 0.551758 0.578125 0.550781 0.579102 0.550781 0.578125 0.549805 0.578125 0.548828 0.577148 0.547852 0.577148 0.546875 0.576172 0.545898 0.576172 0.544922 0.574219 0.542969 0.574219 0.541992 0.573242 0.541016 0.573242 0.540039 0.572266 0.539062 0.572266 0.538086 0.571289 0.537109 0.571289 0.536133 0.570312 0.535156 0.570312 0.534180 0.567383 0.531250 0.566406 0.531250
1 0.557617 0.539062 0.557617 0.541016 0.560547 0.543945 0.561523 0.542969 0.561523 0.541992 0.558594 0.539062
0 0.447266 0.393555 0.443359 0.397461 0.442383 0.397461 0.436523 0.403320 0.435547 0.403320 0.433594 0.405273 0.435547 0.407227 0.435547 0.408203 0.437500 0.410156 0.437500 0.411133 0.440430 0.414062 0.440430 0.415039 0.442383 0.416992 0.442383 0.417969 0.443359 0.418945 0.444336 0.418945 0.446289 0.420898 0.447266 0.420898 0.449219 0.422852 0.450195 0.422852 0.451172 0.423828 0.457031 0.417969 0.458008 0.417969 0.463867 0.412109 0.464844 0.412109 0.462891 0.410156 0.462891 0.409180 0.460938 0.407227 0.460938 0.406250 0.458984 0.404297 0.458984 0.403320 0.457031 0.401367 0.457031 0.400391 0.454102 0.397461 0.453125 0.397461 0.451172 0.395508 0.450195 0.395508 0.449219 0.394531 0.448242 0.394531
1 0.520508 0.561523 0.520508 0.562500 0.521484 0.563477 0.521484 0.564453 0.521484 0.562500
1 0.453125 0.411133 0.453125 0.412109 0.454102 0.413086 0.455078 0.413086 0.456055 0.414062 0.457031 0.414062 0.458008 0.415039 0.459961 0.415039 0.457031 0.412109 0.456055 0.412109 0.455078 0.411133
0 0.518555 0.566406 0.516602 0.568359 0.515625 0.568359 0.513672 0.570312 0.512695 0.570312 0.510742 0.572266 0.509766 0.572266 0.509766 0.577148 0.510742 0.578125 0.510742 0.587891 0.511719 0.588867 0.516602 0.588867 0.517578 0.589844 0.523438 0.589844 0.524414 0.590820 0.525391 0.590820 0.526367 0.589844 0.527344 0.589844 0.529297 0.587891 0.530273 0.587891 0.531250 0.586914 0.532227 0.586914 0.534180 0.584961 0.535156 0.584961 0.535156 0.583008 0.534180 0.582031 0.534180 0.574219 0.533203 0.573242 0.533203 0.568359 0.528320 0.568359 0.527344 0.567383 0.522461 0.567383 0.521484 0.566406
1 0.519531 0.559570 0.519531 0.563477 0.520508 0.564453 0.520508 0.565430 0.521484 0.565430 0.520508 0.564453 0.520508 0.563477 0.519531 0.562500 0.519531 0.561523 0.520508 0.560547 0.521484 0.561523 0.521484 0.559570
