0 0.567647 0.442157 0.566667 0.443137 0.566667 0.444118 0.565686 0.445098 0.565686 0.448039 0.564706 0.449020 0.564706 0.450980 0.563725 0.451961 0.563725 0.454902 0.562745 0.455882 0.562745 0.457843 0.561765 0.458824 0.563725 0.458824 0.564706 0.459804 0.565686 0.459804 0.566667 0.460784 0.568627 0.460784 0.569608 0.461765 0.570588 0.461765 0.571569 0.462745 0.573529 0.462745 0.574510 0.463725 0.583333 0.463725 0.584314 0.464706 0.585294 0.464706 0.585294 0.461765 0.586275 0.460784 0.586275 0.458824 0.587255 0.457843 0.587255 0.454902 0.588235 0.453922 0.588235 0.451961 0.589216 0.450980 0.589216 0.448039 0.588235 0.447059 0.586275 0.447059 0.585294 0.446078 0.584314 0.446078 0.583333 0.445098 0.581373 0.445098 0.580392 0.444118 0.578431 0.444118 0.577451 0.443137 0.576471 0.443137 0.575490 0.442157
1 0.580392 0.452941 0.580392 0.453922 0.587255 0.453922 0.587255 0.452941
0 0.442157 0.205882 0.440196 0.205882 0.436275 0.209804 0.435294 0.209804 0.431373 0.213725 0.430392 0.213725 0.427451 0.216667 0.426471 0.216667 0.422549 0.220588 0.422549 0.221569 0.421569 0.222549 0.421569 0.223529 0.424510 0.226471 0.424510 0.227451 0.427451 0.230392 0.428431 0.229412 0.429412 0.229412 0.430392 0.230392 0.430392 0.231373 0.429412 0.232353 0.429412 0.233333 0.430392 0.234314 0.430392 0.235294 0.433333 0.238235 0.433333 0.239216 0.435294 0.241176 0.437255 0.239216 0.438235 0.239216 0.442157 0.235294 0.443137 0.235294 0.447059 0.231373 0.448039 0.231373 0.454902 0.224510 0.454902 0.222549 0.451961 0.219608 0.451961 0.218627 0.449020 0.215686 0.449020 0.214706 0.446078 0.211765 0.446078 0.210784 0.443137 0.207843 0.443137 0.206863
1 0.429412 0.230392 0.428431 0.230392 0.427451 0.231373 0.426471 0.231373 0.422549 0.235294 0.421569 0.235294 0.417647 0.239216 0.416667 0.239216 0.417647 0.240196 0.418627 0.240196 0.420588 0.238235 0.421569 0.238235 0.425490 0.234314 0.426471 0.234314 0.429412 0.231373
0 0.520588 0.412745 0.520588 0.413725 0.518627 0.415686 0.518627 0.416667 0.516667 0.418627 0.516667 0.419608 0.514706 0.421569 0.514706 0.422549 0.512745 0.424510 0.512745 0.425490 0.510784 0.427451 0.518627 0.435294 0.519608 0.435294 0.520588 0.436275 0.521569 0.436275 0.523529 0.438235 0.524510 0.438235 0.525490 0.439216 0.526471 0.439216 0.528431 0.441176 0.529412 0.441176 0.530392 0.442157 0.532353 0.442157 0.532353 0.441176 0.535294 0.438235 0.535294 0.437255 0.532353 0.434314 0.531373 0.434314 0.528431 0.431373 0.530392 0.429412 0.531373 0.430392 0.532353 0.430392 0.537255 0.435294 0.537255 0.434314 0.539216 0.432353 0.539216 0.431373 0.541176 0.429412 0.541176 0.428431 0.542157 0.427451 0.539216 0.424510 0.538235 0.424510 0.534314 0.420588 0.533333 0.420588 0.531373 0.418627 0.530392 0.418627 0.528431 0.416667 0.527451 0.416667 0.526471 0.415686 0.525490 0.415686 0.523529 0.413725 0.522549 0.413725 0.521569 0.412745
1 0.529412 0.431373 0.531373 0.433333 0.532353 0.433333 0.535294 0.436275 0.536275 0.436275 0.536275 0.435294 0.532353 0.431373 0.531373 0.431373 0.530392 0.430392
0 0.357843 0.368627 0.357843 0.369608 0.356863 0.370588 0.356863 0.374510 0.355882 0.375490 0.355882 0.378431 0.354902 0.379412 0.354902 0.383333 0.353922 0.384314 0.353922 0.388235 0.352941 0.389216 0.352941 0.390196 0.355882 0.390196 0.356863 0.391176 0.359804 0.391176 0.360784 0.392157 0.364706 0.392157 0.365686 0.393137 0.368627 0.393137 0.369608 0.394118 0.372549 0.394118 0.373529 0.395098 0.375490 0.395098 0.376471 0.394118 0.377451 0.394118 0.377451 0.392157 0.378431 0.391176 0.378431 0.387255 0.379412 0.386275 0.378431 0.386275 0.377451 0.385294 0.377451 0.384314 0.379412 0.382353 0.380392 0.382353 0.380392 0.378431 0.381373 0.377451 0.381373 0.373529 0.380392 0.373529 0.379412 0.372549 0.376471 0.372549 0.375490 0.371569 0.372549 0.371569 0.371569 0.370588 0.368627 0.370588 0.367647 0.369608 0.363725 0.369608 0.362745 0.368627
1 0.432353 0.431373 0.433333 0.432353 0.434314 0.431373 0.433333 0.432353
1 0.378431 0.384314 0.378431 0.385294 0.381373 0.385294 0.382353 0.386275 0.386275 0.386275 0.387255 0.387255 0.390196 0.387255 0.391176 0.388235 0.392157 0.388235 0.393137 0.387255 0.392157 0.386275 0.389216 0.386275 0.388235 0.385294 0.384314 0.385294 0.383333 0.384314 0.380392 0.384314 0.379412 0.383333
0 0.443137 0.424510 0.442157 0.425490 0.440196 0.425490 0.439216 0.426471 0.438235 0.426471 0.437255 0.427451 0.436275 0.427451 0.435294 0.428431 0.434314 0.428431 0.433333 0.429412 0.435294 0.431373 0.435294 0.432353 0.434314 0.433333 0.432353 0.433333 0.431373 0.432353 0.431373 0.431373 0.430392 0.430392 0.429412 0.431373 0.429412 0.432353 0.428431 0.433333 0.428431 0.435294 0.427451 0.436275 0.427451 0.437255 0.426471 0.438235 0.426471 0.439216 0.425490 0.440196 0.425490 0.441176 0.428431 0.444118 0.428431 0.445098 0.434314 0.450980 0.434314 0.451961 0.435294 0.452941 0.436275 0.452941 0.437255 0.451961 0.439216 0.451961 0.440196 0.450980 0.441176 0.450980 0.442157 0.450000 0.443137 0.450000 0.444118 0.449020 0.446078 0.449020 0.447059 0.448039 0.448039 0.448039 0.449020 0.447059 0.449020 0.446078 0.450000 0.445098 0.450000 0.444118 0.450980 0.443137 0.450980 0.441176 0.451961 0.440196 0.451961 0.439216 0.452941 0.438235 0.452941 0.436275 0.450000 0.433333 0.450000 0.432353 0.445098 0.427451 0.445098 0.426471
1 0.427451 0.423529 0.426471 0.424510 0.427451 0.425490 0.427451 0.426471 0.431373 0.430392 0.432353 0.430392 0.433333 0.431373 0.432353 0.432353 0.433333 0.431373 0.434314 0.432353 0.433333 0.431373 0.433333 0.430392 0.431373 0.428431 0.431373 0.427451
