0 0.333008 0.409180 0.326172 0.416016 0.325195 0.416016 0.318359 0.422852 0.317383 0.422852 0.311523 0.428711 0.310547 0.428711 0.312500 0.430664 0.312500 0.431641 0.314453 0.433594 0.314453 0.434570 0.316406 0.436523 0.316406 0.437500 0.318359 0.439453 0.318359 0.440430 0.320312 0.442383 0.320312 0.443359 0.322266 0.445312 0.322266 0.446289 0.326172 0.450195 0.327148 0.450195 0.331055 0.454102 0.332031 0.454102 0.335938 0.458008 0.336914 0.458008 0.339844 0.460938 0.341797 0.460938 0.347656 0.455078 0.348633 0.455078 0.353516 0.450195 0.352539 0.450195 0.348633 0.446289 0.347656 0.446289 0.344727 0.443359 0.344727 0.441406 0.345703 0.440430 0.348633 0.440430 0.352539 0.444336 0.353516 0.444336 0.356445 0.447266 0.357422 0.446289 0.358398 0.446289 0.363281 0.441406 0.362305 0.440430 0.362305 0.439453 0.361328 0.438477 0.361328 0.437500 0.359375 0.435547 0.359375 0.434570 0.358398 0.433594 0.358398 0.432617 0.356445 0.430664 0.356445 0.429688 0.355469 0.428711 0.355469 0.427734 0.353516 0.425781 0.353516 0.424805 0.352539 0.423828 0.352539 0.422852 0.350586 0.420898 0.349609 0.420898 0.346680 0.417969 0.345703 0.417969 0.343750 0.416016 0.342773 0.416016 0.339844 0.413086 0.338867 0.413086 0.335938 0.410156 0.334961 0.410156 0.333984 0.409180
1 0.345703 0.441406 0.345703 0.443359 0.347656 0.445312 0.348633 0.445312 0.352539 0.449219 0.353516 0.449219 0.356445 0.452148 0.357422 0.452148 0.358398 0.453125 0.360352 0.451172 0.357422 0.448242 0.356445 0.448242 0.353516 0.445312 0.352539 0.445312 0.348633 0.441406
0 0.632812 0.238281 0.630859 0.238281 0.629883 0.239258 0.627930 0.239258 0.626953 0.240234 0.625977 0.240234 0.625000 0.241211 0.623047 0.241211 0.622070 0.242188 0.621094 0.242188 0.620117 0.243164 0.620117 0.244141 0.619141 0.245117 0.619141 0.247070 0.618164 0.248047 0.618164 0.249023 0.617188 0.250000 0.617188 0.251953 0.616211 0.252930 0.616211 0.253906 0.615234 0.254883 0.615234 0.256836 0.614258 0.257812 0.614258 0.258789 0.613281 0.259766 0.613281 0.260742 0.612305 0.261719 0.612305 0.263672 0.611328 0.264648 0.611328 0.265625 0.612305 0.266602 0.613281 0.266602 0.615234 0.268555 0.616211 0.268555 0.617188 0.269531 0.618164 0.269531 0.620117 0.271484 0.621094 0.271484 0.622070 0.272461 0.623047 0.272461 0.625000 0.274414 0.625977 0.274414 0.626953 0.275391 0.627930 0.275391 0.629883 0.277344 0.630859 0.277344 0.631836 0.278320 0.632812 0.277344 0.633789 0.277344 0.634766 0.276367 0.635742 0.276367 0.636719 0.275391 0.637695 0.275391 0.638672 0.274414 0.639648 0.274414 0.640625 0.273438 0.641602 0.273438 0.642578 0.272461 0.643555 0.272461 0.643555 0.271484 0.644531 0.270508 0.644531 0.268555 0.645508 0.267578 0.645508 0.266602 0.646484 0.265625 0.646484 0.264648 0.647461 0.263672 0.647461 0.261719 0.648438 0.260742 0.648438 0.259766 0.649414 0.258789 0.649414 0.257812 0.650391 0.256836 0.650391 0.255859 0.651367 0.254883 0.651367 0.252930 0.652344 0.251953 0.652344 0.250977 0.653320 0.250000 0.652344 0.249023 0.651367 0.249023 0.650391 0.248047 0.649414 0.248047 0.648438 0.247070 0.647461 0.247070 0.645508 0.245117 0.644531 0.245117 0.643555 0.244141 0.642578 0.244141 0.641602 0.243164 0.640625 0.243164 0.638672 0.241211 0.637695 0.241211 0.636719 0.240234 0.635742 0.240234 0.634766 0.239258 0.633789 0.239258
1 0.607422 0.243164 0.607422 0.245117 0.608398 0.246094 0.609375 0.246094 0.610352 0.247070 0.611328 0.247070 0.612305 0.248047 0.613281 0.248047 0.615234 0.250000 0.616211 0.250000 0.617188 0.249023 0.617188 0.248047 0.615234 0.246094 0.614258 0.246094 0.613281 0.245117 0.612305 0.245117 0.611328 0.244141 0.610352 0.244141 0.608398 0.242188
0 0.337891 0.303711 0.334961 0.306641 0.334961 0.307617 0.329102 0.313477 0.329102 0.314453 0.322266 0.321289 0.322266 0.322266 0.321289 0.323242 0.321289 0.324219 0.324219 0.327148 0.324219 0.328125 0.332031 0.335938 0.332031 0.336914 0.339844 0.344727 0.344727 0.344727 0.345703 0.343750 0.352539 0.343750 0.354492 0.341797 0.354492 0.340820 0.363281 0.332031 0.363281 0.331055 0.370117 0.324219 0.368164 0.322266 0.368164 0.321289 0.360352 0.313477 0.360352 0.312500 0.351562 0.303711
1 0.332031 0.337891 0.331055 0.337891 0.327148 0.341797 0.327148 0.342773 0.324219 0.345703 0.324219 0.346680 0.325195 0.347656 0.326172 0.347656 0.333008 0.340820 0.333008 0.338867
0 0.493164 0.450195 0.492188 0.451172 0.485352 0.451172 0.484375 0.452148 0.476562 0.452148 0.475586 0.453125 0.467773 0.453125 0.467773 0.475586 0.468750 0.476562 0.468750 0.478516 0.469727 0.479492 0.469727 0.481445 0.470703 0.482422 0.470703 0.484375 0.471680 0.485352 0.471680 0.487305 0.472656 0.488281 0.472656 0.490234 0.473633 0.489258 0.480469 0.489258 0.481445 0.488281 0.489258 0.488281 0.490234 0.487305 0.497070 0.487305 0.498047 0.486328 0.499023 0.486328 0.499023 0.477539 0.498047 0.476562 0.498047 0.461914 0.497070 0.460938 0.497070 0.459961 0.496094 0.458984 0.496094 0.457031 0.495117 0.456055 0.495117 0.455078 0.494141 0.454102 0.494141 0.452148 0.493164 0.451172
1 0.513672 0.465820 0.512695 0.464844 0.511719 0.465820 0.503906 0.465820 0.502930 0.466797 0.499023 0.466797 0.499023 0.469727 0.501953 0.469727 0.502930 0.468750 0.509766 0.468750 0.510742 0.467773 0.513672 0.467773
1 0.210938 0.325195 0.210938 0.326172 0.212891 0.328125 0.213867 0.327148 0.213867 0.326172 0.212891 0.325195 0.212891 0.326172 0.211914 0.327148 0.210938 0.326172
1 0.205078 0.318359 0.205078 0.320312 0.206055 0.320312 0.207031 0.321289 0.206055 0.320312 0.207031 0.319336 0.206055 0.318359
0 0.186523 0.281250 0.170898 0.296875 0.169922 0.296875 0.166992 0.299805 0.166992 0.301758 0.167969 0.302734 0.167969 0.303711 0.168945 0.304688 0.168945 0.305664 0.169922 0.306641 0.169922 0.307617 0.178711 0.316406 0.179688 0.316406 0.190430 0.327148 0.191406 0.327148 0.196289 0.322266 0.197266 0.322266 0.201172 0.318359 0.198242 0.315430 0.200195 0.313477 0.201172 0.313477 0.202148 0.314453 0.203125 0.314453 0.204102 0.315430 0.210938 0.308594 0.209961 0.307617 0.209961 0.304688 0.208984 0.303711 0.208984 0.301758 0.201172 0.293945 0.200195 0.293945 0.188477 0.282227 0.187500 0.282227
1 0.421875 0.697266 0.421875 0.703125 0.423828 0.703125 0.423828 0.697266 0.422852 0.698242
1 0.424805 0.689453 0.424805 0.690430 0.423828 0.691406 0.422852 0.690430 0.422852 0.689453 0.422852 0.693359 0.421875 0.694336 0.421875 0.695312 0.422852 0.694336 0.423828 0.695312 0.424805 0.694336
1 0.199219 0.315430 0.200195 0.315430 0.201172 0.316406 0.201172 0.317383 0.207031 0.323242 0.208008 0.323242 0.209961 0.325195 0.210938 0.324219 0.211914 0.325195 0.211914 0.326172 0.211914 0.324219 0.208008 0.320312 0.207031 0.320312 0.206055 0.319336 0.207031 0.320312 0.206055 0.321289 0.205078 0.321289 0.204102 0.320312 0.204102 0.318359 0.205078 0.317383 0.203125 0.315430 0.202148 0.315430 0.201172 0.314453 0.200195 0.315430
0 0.417969 0.657227 0.416992 0.658203 0.416992 0.659180 0.415039 0.661133 0.415039 0.662109 0.412109 0.665039 0.412109 0.667969 0.411133 0.668945 0.411133 0.675781 0.410156 0.676758 0.410156 0.683594 0.409180 0.684570 0.409180 0.689453 0.413086 0.689453 0.414062 0.690430 0.417969 0.690430 0.418945 0.691406 0.421875 0.691406 0.421875 0.687500 0.422852 0.686523 0.424805 0.686523 0.425781 0.687500 0.425781 0.692383 0.428711 0.692383 0.429688 0.693359 0.432617 0.693359 0.435547 0.690430 0.435547 0.689453 0.439453 0.685547 0.439453 0.678711 0.440430 0.677734 0.440430 0.668945 0.441406 0.667969 0.441406 0.662109 0.440430 0.662109 0.439453 0.661133 0.435547 0.661133 0.434570 0.660156 0.429688 0.660156 0.428711 0.659180 0.424805 0.659180 0.423828 0.658203 0.419922 0.658203 0.418945 0.657227
0 0.627930 0.458984 0.625977 0.458984 0.625000 0.459961 0.621094 0.459961 0.620117 0.460938 0.617188 0.460938 0.616211 0.461914 0.612305 0.461914 0.611328 0.462891 0.607422 0.462891 0.607422 0.464844 0.606445 0.465820 0.606445 0.471680 0.605469 0.472656 0.605469 0.473633 0.606445 0.474609 0.606445 0.476562 0.607422 0.475586 0.608398 0.475586 0.609375 0.476562 0.609375 0.478516 0.608398 0.479492 0.607422 0.479492 0.608398 0.480469 0.608398 0.483398 0.609375 0.484375 0.609375 0.486328 0.610352 0.487305 0.610352 0.489258 0.611328 0.490234 0.611328 0.491211 0.614258 0.491211 0.615234 0.490234 0.619141 0.490234 0.620117 0.489258 0.623047 0.489258 0.624023 0.488281 0.627930 0.488281 0.628906 0.487305 0.631836 0.487305 0.631836 0.484375 0.632812 0.483398 0.632812 0.480469 0.633789 0.479492 0.633789 0.475586 0.632812 0.474609 0.632812 0.472656 0.631836 0.471680 0.631836 0.469727 0.630859 0.468750 0.630859 0.466797 0.629883 0.465820 0.629883 0.464844 0.628906 0.463867 0.628906 0.461914 0.627930 0.460938
1 0.608398 0.476562 0.607422 0.476562 0.606445 0.477539 0.602539 0.477539 0.601562 0.478516 0.597656 0.478516 0.596680 0.479492 0.594727 0.479492 0.594727 0.480469 0.595703 0.481445 0.597656 0.481445 0.598633 0.480469 0.601562 0.480469 0.603516 0.478516 0.604492 0.479492 0.606445 0.479492 0.607422 0.478516 0.608398 0.478516
0 0.400391 0.268555 0.399414 0.269531 0.399414 0.270508 0.398438 0.271484 0.398438 0.272461 0.396484 0.274414 0.396484 0.275391 0.395508 0.276367 0.395508 0.277344 0.393555 0.279297 0.393555 0.280273 0.392578 0.281250 0.392578 0.282227 0.390625 0.284180 0.390625 0.291992 0.391602 0.292969 0.391602 0.302734 0.393555 0.302734 0.394531 0.303711 0.396484 0.303711 0.397461 0.304688 0.399414 0.304688 0.400391 0.305664 0.402344 0.305664 0.403320 0.306641 0.406250 0.306641 0.407227 0.307617 0.409180 0.307617 0.410156 0.308594 0.412109 0.308594 0.413086 0.309570 0.414062 0.309570 0.415039 0.308594 0.415039 0.307617 0.416016 0.306641 0.416016 0.305664 0.417969 0.303711 0.417969 0.302734 0.418945 0.301758 0.418945 0.300781 0.419922 0.299805 0.419922 0.298828 0.421875 0.296875 0.421875 0.295898 0.422852 0.294922 0.422852 0.293945 0.423828 0.292969 0.423828 0.288086 0.422852 0.287109 0.422852 0.275391 0.421875 0.275391 0.420898 0.274414 0.417969 0.274414 0.416992 0.273438 0.415039 0.273438 0.414062 0.272461 0.411133 0.272461 0.410156 0.271484 0.408203 0.271484 0.407227 0.270508 0.405273 0.270508 0.404297 0.269531 0.401367 0.269531
