0 0.533965 0.236967 0.533965 0.238547 0.532385 0.240126 0.532385 0.244866 0.530806 0.246445 0.530806 0.249605 0.529226 0.251185 0.529226 0.254344 0.527646 0.255924 0.527646 0.259084 0.526066 0.260664 0.526066 0.265403 0.524487 0.266983 0.524487 0.270142 0.526066 0.270142 0.527646 0.271722 0.529226 0.270142 0.532385 0.270142 0.533965 0.268562 0.538705 0.268562 0.540284 0.266983 0.546603 0.266983 0.548183 0.265403 0.552923 0.265403 0.554502 0.263823 0.556082 0.263823 0.563981 0.271722 0.565561 0.271722 0.573460 0.279621 0.573460 0.276461 0.575039 0.274882 0.575039 0.270142 0.576619 0.268562 0.576619 0.265403 0.578199 0.263823 0.578199 0.260664 0.579779 0.259084 0.579779 0.255924 0.581359 0.254344 0.581359 0.249605 0.579779 0.249605 0.576619 0.246445 0.575039 0.246445 0.571880 0.243286 0.570300 0.243286 0.567141 0.240126 0.565561 0.240126 0.563981 0.238547 0.562401 0.238547 0.559242 0.235387 0.554502 0.235387 0.552923 0.236967
1 0.526066 0.241706 0.526066 0.243286 0.529226 0.246445 0.530806 0.244866 0.530806 0.243286 0.529226 0.241706
0 0.075829 0.342812 0.071090 0.347551 0.069510 0.347551 0.064771 0.352291 0.063191 0.352291 0.056872 0.358610 0.055292 0.358610 0.050553 0.363349 0.048973 0.363349 0.044234 0.368088 0.042654 0.368088 0.044234 0.369668 0.044234 0.371248 0.047393 0.374408 0.047393 0.375987 0.048973 0.377567 0.048973 0.379147 0.052133 0.382306 0.052133 0.383886 0.053712 0.385466 0.053712 0.387046 0.056872 0.390205 0.056872 0.391785 0.058452 0.393365 0.058452 0.394945 0.061611 0.398104 0.061611 0.399684 0.064771 0.402844 0.066351 0.402844 0.067930 0.404423 0.069510 0.404423 0.071090 0.406003 0.074250 0.406003 0.075829 0.407583 0.077409 0.407583 0.078989 0.409163 0.080569 0.409163 0.082148 0.410742 0.086888 0.410742 0.090047 0.407583 0.091627 0.407583 0.097946 0.401264 0.099526 0.401264 0.104265 0.396524 0.105845 0.396524 0.112164 0.390205 0.113744 0.390205 0.116904 0.387046 0.116904 0.383886 0.115324 0.382306 0.115324 0.380727 0.112164 0.377567 0.112164 0.375987 0.110585 0.374408 0.110585 0.372828 0.109005 0.371248 0.109005 0.369668 0.105845 0.366509 0.105845 0.364929 0.104265 0.363349 0.104265 0.361769 0.102686 0.360190 0.102686 0.358610 0.101106 0.357030 0.101106 0.355450 0.096367 0.350711 0.093207 0.350711 0.091627 0.349131 0.088468 0.349131 0.086888 0.347551 0.085308 0.347551 0.083728 0.345972 0.080569 0.345972 0.078989 0.344392 0.077409 0.344392
1 0.090047 0.382306 0.093207 0.385466 0.094787 0.385466 0.096367 0.387046 0.099526 0.387046 0.101106 0.388626 0.102686 0.388626 0.104265 0.390205 0.109005 0.390205 0.110585 0.388626 0.107425 0.385466 0.105845 0.385466 0.104265 0.383886 0.101106 0.383886 0.099526 0.382306 0.097946 0.382306 0.096367 0.380727 0.091627 0.380727
0 0.556082 0.265403 0.554502 0.265403 0.552923 0.266983 0.548183 0.266983 0.546603 0.268562 0.540284 0.268562 0.538705 0.270142 0.533965 0.270142 0.532385 0.271722 0.529226 0.271722 0.529226 0.274882 0.527646 0.276461 0.527646 0.278041 0.526066 0.279621 0.526066 0.281201 0.524487 0.282780 0.524487 0.284360 0.522907 0.285940 0.522907 0.289100 0.521327 0.290679 0.521327 0.292259 0.519747 0.293839 0.519747 0.295419 0.518167 0.296998 0.518167 0.298578 0.516588 0.300158 0.516588 0.303318 0.515008 0.304897 0.516588 0.304897 0.522907 0.311216 0.524487 0.311216 0.532385 0.319115 0.533965 0.319115 0.540284 0.325434 0.549763 0.325434 0.551343 0.323855 0.559242 0.323855 0.560821 0.322275 0.567141 0.322275 0.568720 0.320695 0.568720 0.319115 0.570300 0.317536 0.570300 0.314376 0.571880 0.312796 0.571880 0.311216 0.573460 0.309637 0.573460 0.308057 0.575039 0.306477 0.575039 0.303318 0.576619 0.301738 0.576619 0.300158 0.578199 0.298578 0.578199 0.296998 0.579779 0.295419 0.579779 0.292259 0.581359 0.290679 0.581359 0.287520 0.576619 0.282780 0.575039 0.282780 0.565561 0.273302 0.563981 0.273302
1 0.571880 0.314376 0.571880 0.319115 0.573460 0.320695 0.575039 0.320695 0.578199 0.323855 0.579779 0.323855 0.581359 0.322275 0.581359 0.320695 0.578199 0.317536 0.576619 0.317536 0.573460 0.314376
0 0.394945 0.380727 0.390205 0.380727 0.388626 0.382306 0.369668 0.382306 0.368088 0.383886 0.361769 0.383886 0.361769 0.391785 0.363349 0.393365 0.363349 0.412322 0.364929 0.413902 0.364929 0.428120 0.366509 0.429700 0.366509 0.432859 0.368088 0.431280 0.385466 0.431280 0.387046 0.429700 0.399684 0.429700 0.399684 0.420221 0.398104 0.418641 0.398104 0.399684 0.396524 0.398104 0.396524 0.382306
1 0.361769 0.406003 0.357030 0.406003 0.355450 0.407583 0.339652 0.407583 0.339652 0.409163 0.341232 0.410742 0.360190 0.410742 0.361769 0.409163
0 0.812006 0.309637 0.802528 0.309637 0.800948 0.308057 0.788310 0.308057 0.786730 0.309637 0.783570 0.309637 0.781991 0.311216 0.778831 0.311216 0.777251 0.312796 0.772512 0.312796 0.770932 0.314376 0.767773 0.314376 0.766193 0.315956 0.763033 0.315956 0.761453 0.317536 0.758294 0.317536 0.756714 0.319115 0.753555 0.319115 0.753555 0.320695 0.755134 0.322275 0.755134 0.328594 0.756714 0.330174 0.756714 0.338073 0.758294 0.339652 0.758294 0.345972 0.759874 0.347551 0.759874 0.355450 0.761453 0.357030 0.761453 0.360190 0.785150 0.360190 0.786730 0.358610 0.789889 0.358610 0.791469 0.357030 0.796209 0.357030 0.797788 0.355450 0.800948 0.355450 0.802528 0.353870 0.805687 0.353870 0.807267 0.352291 0.812006 0.352291 0.813586 0.350711 0.816746 0.350711 0.818325 0.349131 0.819905 0.349131 0.818325 0.347551 0.818325 0.339652 0.816746 0.338073 0.816746 0.331754 0.815166 0.330174 0.815166 0.322275 0.813586 0.320695 0.813586 0.314376 0.812006 0.312796
1 0.756714 0.342812 0.751975 0.342812 0.750395 0.344392 0.747235 0.344392 0.745656 0.345972 0.745656 0.347551 0.751975 0.347551 0.753555 0.345972 0.755134 0.345972 0.756714 0.344392
0 0.486572 0.508689 0.478673 0.508689 0.477093 0.510269 0.472354 0.510269 0.470774 0.511848 0.464455 0.511848 0.462875 0.513428 0.459716 0.513428 0.459716 0.516588 0.458136 0.518167 0.458136 0.522907 0.454976 0.526066 0.456556 0.527646 0.456556 0.530806 0.458136 0.532385 0.458136 0.535545 0.459716 0.537125 0.459716 0.538705 0.461295 0.540284 0.461295 0.543444 0.462875 0.545024 0.462875 0.548183 0.464455 0.549763 0.464455 0.551343 0.466035 0.551343 0.467615 0.549763 0.473934 0.549763 0.475513 0.548183 0.480253 0.548183 0.481833 0.546603 0.488152 0.546603 0.489731 0.545024 0.491311 0.545024 0.491311 0.543444 0.492891 0.541864 0.492891 0.538705 0.494471 0.537125 0.494471 0.533965 0.496051 0.532385 0.494471 0.530806 0.494471 0.527646 0.492891 0.526066 0.492891 0.522907 0.491311 0.521327 0.491311 0.518167 0.489731 0.516588 0.489731 0.513428 0.488152 0.511848 0.488152 0.510269
0 0.127962 0.641390 0.126382 0.642970 0.126382 0.647709 0.124803 0.649289 0.124803 0.654028 0.123223 0.655608 0.123223 0.674566 0.124803 0.676145 0.124803 0.688784 0.159558 0.688784 0.159558 0.682464 0.161137 0.680885 0.161137 0.674566 0.162717 0.672986 0.162717 0.668246 0.161137 0.668246 0.159558 0.666667 0.159558 0.663507 0.161137 0.661927 0.161137 0.642970 0.143760 0.642970 0.142180 0.641390
1 0.161137 0.663507 0.161137 0.666667 0.184834 0.666667 0.184834 0.663507
0 0.450237 0.443918 0.447077 0.447077 0.445498 0.447077 0.440758 0.451817 0.439179 0.451817 0.434439 0.456556 0.432859 0.456556 0.431280 0.458136 0.431280 0.497630 0.432859 0.499210 0.439179 0.499210 0.440758 0.500790 0.448657 0.500790 0.450237 0.502370 0.456556 0.502370 0.458136 0.503949 0.464455 0.503949 0.466035 0.505529 0.470774 0.505529 0.475513 0.500790 0.477093 0.500790 0.484992 0.492891 0.486572 0.492891 0.488152 0.491311 0.488152 0.450237 0.481833 0.450237 0.480253 0.448657 0.473934 0.448657 0.472354 0.447077 0.464455 0.447077 0.462875 0.445498 0.454976 0.445498 0.453397 0.443918
1 0.451817 0.481833 0.450237 0.481833 0.448657 0.480253 0.443918 0.484992 0.442338 0.484992 0.436019 0.491311 0.436019 0.494471 0.439179 0.494471 0.440758 0.492891 0.442338 0.492891 0.450237 0.484992 0.451817 0.484992
