0 0.468750 0.544922 0.468750 0.548828 0.467773 0.549805 0.467773 0.565430 0.466797 0.566406 0.466797 0.577148 0.481445 0.577148 0.482422 0.578125 0.500977 0.578125 0.500977 0.577148 0.501953 0.576172 0.501953 0.559570 0.502930 0.558594 0.502930 0.545898 0.490234 0.545898 0.489258 0.544922 0.474609 0.544922 0.473633 0.543945 0.470703 0.543945 0.469727 0.544922
1 0.485352 0.524414 0.485352 0.534180 0.484375 0.535156 0.484375 0.543945 0.487305 0.543945 0.487305 0.529297 0.488281 0.528320 0.488281 0.524414
0 0.533203 0.412109 0.531250 0.412109 0.530273 0.413086 0.529297 0.413086 0.528320 0.414062 0.526367 0.414062 0.525391 0.415039 0.524414 0.415039 0.523438 0.416016 0.521484 0.416016 0.520508 0.416992 0.518555 0.416992 0.517578 0.417969 0.516602 0.417969 0.516602 0.418945 0.517578 0.419922 0.517578 0.422852 0.518555 0.423828 0.518555 0.425781 0.519531 0.426758 0.519531 0.427734 0.520508 0.428711 0.520508 0.430664 0.521484 0.431641 0.521484 0.432617 0.522461 0.433594 0.522461 0.434570 0.523438 0.435547 0.523438 0.437500 0.524414 0.438477 0.524414 0.439453 0.525391 0.440430 0.526367 0.439453 0.527344 0.439453 0.528320 0.438477 0.530273 0.438477 0.531250 0.437500 0.532227 0.437500 0.533203 0.436523 0.535156 0.436523 0.536133 0.435547 0.537109 0.435547 0.538086 0.434570 0.540039 0.434570 0.541016 0.433594 0.541016 0.431641 0.540039 0.430664 0.540039 0.428711 0.539062 0.427734 0.539062 0.425781 0.538086 0.424805 0.538086 0.423828 0.537109 0.422852 0.537109 0.420898 0.536133 0.419922 0.536133 0.418945 0.535156 0.417969 0.535156 0.416016 0.534180 0.415039 0.534180 0.414062 0.533203 0.413086
1 0.519531 0.428711 0.518555 0.428711 0.517578 0.429688 0.516602 0.429688 0.515625 0.430664 0.513672 0.430664 0.512695 0.431641 0.511719 0.431641 0.510742 0.432617 0.508789 0.432617 0.508789 0.433594 0.509766 0.434570 0.510742 0.433594 0.512695 0.433594 0.513672 0.432617 0.514648 0.432617 0.515625 0.431641 0.517578 0.431641 0.518555 0.430664 0.519531 0.430664
0 0.499023 0.579102 0.493164 0.579102 0.479492 0.592773 0.493164 0.606445 0.494141 0.606445 0.496094 0.604492 0.497070 0.604492 0.497070 0.603516 0.509766 0.590820 0.509766 0.589844
1 0.500000 0.587891 0.499023 0.586914 0.496094 0.589844 0.496094 0.590820 0.497070 0.590820
0 0.383789 0.534180 0.379883 0.538086 0.378906 0.538086 0.370117 0.546875 0.370117 0.547852 0.372070 0.549805 0.372070 0.550781 0.375000 0.553711 0.375000 0.554688 0.378906 0.558594 0.378906 0.559570 0.380859 0.561523 0.382812 0.561523 0.383789 0.562500 0.384766 0.562500 0.385742 0.563477 0.386719 0.563477 0.387695 0.564453 0.389648 0.564453 0.402344 0.551758 0.402344 0.550781 0.400391 0.548828 0.400391 0.547852 0.397461 0.544922 0.397461 0.543945 0.394531 0.541016 0.394531 0.540039 0.391602 0.537109 0.389648 0.537109 0.388672 0.536133 0.386719 0.536133 0.385742 0.535156 0.384766 0.535156
1 0.401367 0.533203 0.395508 0.539062 0.395508 0.541016 0.396484 0.541016 0.402344 0.535156 0.402344 0.534180
0 0.396484 0.569336 0.395508 0.570312 0.395508 0.571289 0.391602 0.575195 0.391602 0.576172 0.386719 0.581055 0.386719 0.582031 0.384766 0.583984 0.384766 0.584961 0.391602 0.591797 0.391602 0.592773 0.394531 0.595703 0.395508 0.595703 0.396484 0.596680 0.397461 0.596680 0.399414 0.598633 0.400391 0.598633 0.401367 0.599609 0.402344 0.599609 0.403320 0.600586 0.404297 0.600586 0.406250 0.602539 0.409180 0.599609 0.409180 0.598633 0.410156 0.597656 0.410156 0.596680 0.405273 0.591797 0.407227 0.589844 0.408203 0.589844 0.413086 0.594727 0.414062 0.593750 0.414062 0.592773 0.417969 0.588867 0.417969 0.587891 0.418945 0.586914 0.418945 0.585938 0.409180 0.576172 0.408203 0.576172 0.406250 0.574219 0.405273 0.574219 0.404297 0.573242 0.403320 0.573242 0.401367 0.571289 0.400391 0.571289 0.399414 0.570312 0.398438 0.570312 0.397461 0.569336
1 0.407227 0.590820 0.406250 0.591797 0.414062 0.599609 0.415039 0.599609 0.416016 0.598633 0.414062 0.598633 0.413086 0.597656 0.414062 0.596680 0.408203 0.590820
1 0.742188 0.559570 0.744141 0.559570 0.746094 0.557617 0.743164 0.557617 0.742188 0.558594
0 0.766602 0.536133 0.762695 0.536133 0.761719 0.537109 0.760742 0.537109 0.759766 0.538086 0.757812 0.538086 0.756836 0.539062 0.754883 0.539062 0.753906 0.540039 0.751953 0.540039 0.750977 0.541016 0.749023 0.541016 0.748047 0.541992 0.746094 0.541992 0.745117 0.542969 0.743164 0.542969 0.742188 0.543945 0.742188 0.544922 0.743164 0.545898 0.743164 0.547852 0.744141 0.548828 0.744141 0.549805 0.745117 0.550781 0.745117 0.552734 0.746094 0.553711 0.746094 0.555664 0.747070 0.554688 0.748047 0.555664 0.748047 0.556641 0.749023 0.557617 0.748047 0.558594 0.748047 0.561523 0.749023 0.562500 0.749023 0.563477 0.750000 0.564453 0.750000 0.566406 0.753906 0.570312 0.754883 0.570312 0.755859 0.569336 0.757812 0.569336 0.758789 0.568359 0.760742 0.568359 0.761719 0.567383 0.763672 0.567383 0.764648 0.566406 0.766602 0.566406 0.767578 0.565430 0.769531 0.565430 0.770508 0.564453 0.772461 0.564453 0.773438 0.563477 0.775391 0.563477 0.776367 0.562500 0.778320 0.562500 0.778320 0.561523 0.777344 0.560547 0.777344 0.558594 0.776367 0.557617 0.776367 0.555664 0.775391 0.554688 0.775391 0.552734 0.774414 0.551758 0.774414 0.549805 0.773438 0.548828 0.773438 0.546875 0.772461 0.545898 0.772461 0.544922 0.771484 0.543945 0.771484 0.541992 0.770508 0.541016 0.770508 0.539062 0.769531 0.538086 0.768555 0.538086
1 0.742188 0.557617 0.741211 0.557617 0.741211 0.558594 0.740234 0.559570 0.739258 0.558594 0.738281 0.559570 0.735352 0.559570 0.733398 0.561523 0.732422 0.560547 0.731445 0.561523 0.732422 0.562500 0.732422 0.563477 0.733398 0.562500 0.735352 0.562500 0.736328 0.561523 0.738281 0.561523 0.740234 0.559570 0.741211 0.560547 0.741211 0.558594
1 0.748047 0.557617 0.747070 0.556641 0.747070 0.555664 0.746094 0.556641 0.744141 0.556641 0.746094 0.556641 0.747070 0.557617 0.746094 0.558594 0.747070 0.558594
