0 0.604492 0.307617 0.601562 0.307617 0.600586 0.308594 0.595703 0.308594 0.594727 0.309570 0.589844 0.309570 0.588867 0.310547 0.583984 0.310547 0.583008 0.311523 0.583008 0.332031 0.589844 0.338867 0.589844 0.339844 0.593750 0.339844 0.594727 0.338867 0.600586 0.338867 0.601562 0.337891 0.606445 0.337891 0.607422 0.336914 0.611328 0.336914 0.611328 0.315430 0.607422 0.311523 0.607422 0.310547
1 0.587891 0.312500 0.587891 0.314453 0.589844 0.316406 0.589844 0.317383 0.592773 0.320312 0.594727 0.320312 0.594727 0.318359 0.589844 0.313477 0.589844 0.312500
0 0.394531 0.764648 0.394531 0.766602 0.393555 0.767578 0.393555 0.769531 0.392578 0.770508 0.392578 0.772461 0.391602 0.773438 0.391602 0.775391 0.390625 0.776367 0.390625 0.778320 0.389648 0.779297 0.389648 0.781250 0.388672 0.782227 0.388672 0.784180 0.387695 0.785156 0.387695 0.786133 0.386719 0.787109 0.386719 0.789062 0.385742 0.790039 0.385742 0.796875 0.384766 0.797852 0.384766 0.803711 0.385742 0.803711 0.386719 0.804688 0.389648 0.804688 0.390625 0.805664 0.392578 0.805664 0.393555 0.806641 0.396484 0.806641 0.397461 0.807617 0.399414 0.807617 0.400391 0.808594 0.403320 0.808594 0.404297 0.809570 0.406250 0.809570 0.407227 0.810547 0.410156 0.810547 0.411133 0.811523 0.413086 0.811523 0.414062 0.810547 0.414062 0.807617 0.415039 0.806641 0.415039 0.804688 0.416016 0.803711 0.416016 0.801758 0.416992 0.800781 0.416992 0.798828 0.417969 0.797852 0.417969 0.795898 0.418945 0.794922 0.417969 0.793945 0.417969 0.791016 0.418945 0.790039 0.419922 0.790039 0.419922 0.789062 0.420898 0.788086 0.420898 0.786133 0.421875 0.785156 0.421875 0.780273 0.422852 0.779297 0.422852 0.772461 0.421875 0.772461 0.420898 0.771484 0.418945 0.771484 0.417969 0.770508 0.415039 0.770508 0.414062 0.769531 0.412109 0.769531 0.411133 0.768555 0.408203 0.768555 0.407227 0.767578 0.405273 0.767578 0.404297 0.766602 0.401367 0.766602 0.400391 0.765625 0.398438 0.765625 0.397461 0.764648
1 0.418945 0.791016 0.418945 0.793945 0.419922 0.793945 0.420898 0.794922 0.422852 0.794922 0.423828 0.795898 0.426758 0.795898 0.427734 0.796875 0.429688 0.796875 0.430664 0.797852 0.433594 0.797852 0.434570 0.798828 0.436523 0.798828 0.437500 0.799805 0.437500 0.796875 0.438477 0.795898 0.435547 0.795898 0.434570 0.794922 0.432617 0.794922 0.431641 0.793945 0.428711 0.793945 0.427734 0.792969 0.425781 0.792969 0.424805 0.791992 0.421875 0.791992 0.420898 0.791016
0 0.567383 0.692383 0.566406 0.692383 0.565430 0.691406 0.560547 0.691406 0.559570 0.690430 0.553711 0.690430 0.553711 0.692383 0.552734 0.693359 0.550781 0.693359 0.548828 0.691406 0.546875 0.691406 0.545898 0.692383 0.541016 0.692383 0.540039 0.693359 0.536133 0.693359 0.536133 0.697266 0.537109 0.698242 0.537109 0.708008 0.538086 0.708984 0.538086 0.716797 0.540039 0.716797 0.541016 0.717773 0.543945 0.717773 0.544922 0.718750 0.553711 0.718750 0.554688 0.717773 0.559570 0.717773 0.560547 0.716797 0.565430 0.716797 0.566406 0.715820 0.569336 0.715820 0.569336 0.710938 0.568359 0.709961 0.568359 0.701172 0.567383 0.700195
1 0.548828 0.676758 0.548828 0.681641 0.549805 0.682617 0.549805 0.691406 0.550781 0.692383 0.552734 0.692383 0.552734 0.689453 0.551758 0.688477 0.551758 0.679688 0.550781 0.678711 0.550781 0.676758
0 0.681641 0.726562 0.680664 0.727539 0.677734 0.727539 0.676758 0.728516 0.674805 0.728516 0.673828 0.729492 0.670898 0.729492 0.669922 0.730469 0.666992 0.730469 0.666016 0.731445 0.663086 0.731445 0.662109 0.732422 0.660156 0.732422 0.652344 0.740234 0.652344 0.741211 0.649414 0.744141 0.650391 0.745117 0.650391 0.746094 0.651367 0.747070 0.651367 0.748047 0.652344 0.749023 0.652344 0.750000 0.654297 0.750000 0.655273 0.749023 0.658203 0.749023 0.659180 0.748047 0.660156 0.748047 0.661133 0.749023 0.661133 0.750000 0.662109 0.750977 0.660156 0.752930 0.658203 0.752930 0.657227 0.753906 0.654297 0.753906 0.655273 0.754883 0.655273 0.756836 0.656250 0.757812 0.656250 0.758789 0.657227 0.759766 0.657227 0.760742 0.658203 0.761719 0.658203 0.762695 0.659180 0.763672 0.659180 0.764648 0.660156 0.765625 0.660156 0.766602 0.661133 0.767578 0.664062 0.767578 0.665039 0.766602 0.667969 0.766602 0.668945 0.765625 0.670898 0.765625 0.671875 0.764648 0.674805 0.764648 0.675781 0.763672 0.677734 0.763672 0.678711 0.762695 0.681641 0.762695 0.682617 0.761719 0.683594 0.761719 0.693359 0.751953 0.693359 0.750000 0.692383 0.749023 0.692383 0.748047 0.691406 0.747070 0.691406 0.746094 0.690430 0.745117 0.690430 0.744141 0.689453 0.743164 0.689453 0.742188 0.688477 0.741211 0.688477 0.740234 0.687500 0.739258 0.687500 0.738281 0.686523 0.737305 0.686523 0.736328 0.685547 0.735352 0.685547 0.734375 0.684570 0.733398 0.684570 0.732422 0.683594 0.731445 0.683594 0.730469 0.682617 0.729492 0.682617 0.728516 0.681641 0.727539
0 0.661133 0.690430 0.660156 0.691406 0.661133 0.692383 0.656250 0.697266 0.656250 0.698242 0.654297 0.700195 0.654297 0.701172 0.652344 0.703125 0.652344 0.704102 0.650391 0.706055 0.650391 0.708008 0.651367 0.708008 0.652344 0.708984 0.656250 0.708984 0.657227 0.709961 0.661133 0.709961 0.662109 0.710938 0.666992 0.710938 0.667969 0.711914 0.669922 0.709961 0.669922 0.708984 0.671875 0.707031 0.671875 0.706055 0.673828 0.704102 0.673828 0.703125 0.675781 0.701172 0.675781 0.700195 0.677734 0.698242 0.677734 0.697266 0.676758 0.696289 0.676758 0.695312 0.675781 0.694336 0.675781 0.693359 0.674805 0.692383 0.671875 0.692383 0.670898 0.691406 0.666992 0.691406 0.666016 0.690430
1 0.661133 0.750977 0.660156 0.750000 0.660156 0.749023 0.659180 0.749023 0.658203 0.750000 0.655273 0.750000 0.654297 0.750977 0.651367 0.750977 0.650391 0.751953 0.648438 0.751953 0.647461 0.752930 0.645508 0.752930 0.644531 0.753906 0.644531 0.754883 0.645508 0.755859 0.646484 0.755859 0.647461 0.754883 0.650391 0.754883 0.651367 0.753906 0.653320 0.753906 0.654297 0.752930 0.657227 0.752930 0.658203 0.751953 0.660156 0.751953
1 0.647461 0.671875 0.648438 0.671875 0.649414 0.672852 0.648438 0.671875
0 0.639648 0.689453 0.639648 0.692383 0.640625 0.693359 0.640625 0.694336 0.642578 0.696289 0.642578 0.697266 0.643555 0.698242 0.643555 0.699219 0.644531 0.700195 0.644531 0.701172 0.646484 0.703125 0.646484 0.704102 0.647461 0.705078 0.647461 0.706055 0.649414 0.708008 0.649414 0.706055 0.651367 0.704102 0.651367 0.703125 0.653320 0.701172 0.653320 0.700195 0.655273 0.698242 0.655273 0.697266 0.659180 0.693359 0.660156 0.694336 0.659180 0.693359 0.660156 0.692383 0.659180 0.691406 0.661133 0.689453 0.666016 0.689453 0.666992 0.690430 0.670898 0.690430 0.671875 0.691406 0.674805 0.691406 0.676758 0.693359 0.676758 0.694336 0.677734 0.695312 0.677734 0.696289 0.678711 0.696289 0.680664 0.694336 0.680664 0.693359 0.679688 0.692383 0.679688 0.691406 0.677734 0.689453 0.677734 0.688477 0.676758 0.687500 0.676758 0.686523 0.674805 0.684570 0.674805 0.683594 0.672852 0.681641 0.672852 0.680664 0.670898 0.678711 0.670898 0.677734 0.669922 0.676758 0.667969 0.676758 0.666992 0.675781 0.663086 0.675781 0.662109 0.674805 0.658203 0.674805 0.657227 0.673828 0.654297 0.673828 0.653320 0.672852 0.651367 0.672852 0.649414 0.674805 0.649414 0.675781 0.647461 0.677734 0.647461 0.678711 0.645508 0.680664 0.645508 0.681641 0.643555 0.683594 0.643555 0.684570 0.641602 0.686523 0.641602 0.687500
1 0.647461 0.672852 0.646484 0.673828 0.648438 0.675781 0.648438 0.674805 0.649414 0.673828 0.648438 0.672852
1 0.359375 0.492188 0.360352 0.493164 0.362305 0.493164 0.363281 0.494141 0.364258 0.494141 0.365234 0.495117 0.366211 0.495117 0.367188 0.494141 0.366211 0.493164 0.364258 0.493164 0.363281 0.492188 0.361328 0.492188 0.360352 0.491211
0 0.340820 0.473633 0.340820 0.474609 0.339844 0.475586 0.339844 0.477539 0.338867 0.478516 0.338867 0.479492 0.337891 0.480469 0.337891 0.482422 0.336914 0.483398 0.336914 0.484375 0.335938 0.485352 0.335938 0.487305 0.334961 0.488281 0.334961 0.489258 0.333984 0.490234 0.333984 0.493164 0.334961 0.494141 0.334961 0.495117 0.335938 0.496094 0.335938 0.497070 0.337891 0.499023 0.338867 0.499023 0.339844 0.500000 0.342773 0.500000 0.343750 0.500977 0.345703 0.500977 0.346680 0.501953 0.348633 0.501953 0.349609 0.502930 0.352539 0.502930 0.353516 0.503906 0.355469 0.503906 0.356445 0.504883 0.357422 0.503906 0.357422 0.501953 0.358398 0.500977 0.358398 0.499023 0.359375 0.498047 0.359375 0.497070 0.360352 0.496094 0.360352 0.494141 0.359375 0.494141 0.358398 0.493164 0.358398 0.491211 0.359375 0.490234 0.360352 0.490234 0.361328 0.491211 0.362305 0.491211 0.362305 0.489258 0.363281 0.488281 0.363281 0.484375 0.362305 0.483398 0.362305 0.482422 0.361328 0.481445 0.361328 0.480469 0.359375 0.478516 0.357422 0.478516 0.356445 0.477539 0.353516 0.477539 0.352539 0.476562 0.350586 0.476562 0.349609 0.475586 0.347656 0.475586 0.346680 0.474609 0.343750 0.474609 0.342773 0.473633
1 0.367188 0.495117 0.368164 0.496094 0.369141 0.495117 0.371094 0.497070 0.372070 0.497070 0.371094 0.496094 0.372070 0.495117 0.371094 0.496094 0.370117 0.495117 0.370117 0.494141 0.369141 0.495117 0.368164 0.494141
1 0.359375 0.491211 0.360352 0.492188 0.359375 0.493164 0.360352 0.492188
