0 0.573242 0.248047 0.569336 0.251953 0.568359 0.251953 0.553711 0.266602 0.553711 0.267578 0.547852 0.273438 0.547852 0.274414 0.554688 0.281250 0.554688 0.282227 0.564453 0.291992 0.565430 0.291992 0.569336 0.288086 0.568359 0.287109 0.568359 0.285156 0.567383 0.284180 0.567383 0.283203 0.566406 0.282227 0.566406 0.280273 0.565430 0.279297 0.565430 0.277344 0.575195 0.267578 0.575195 0.266602 0.583008 0.258789 0.573242 0.249023
1 0.548828 0.248047 0.547852 0.249023 0.547852 0.250977 0.557617 0.260742 0.558594 0.260742 0.559570 0.259766 0.559570 0.258789 0.555664 0.254883 0.555664 0.253906 0.549805 0.248047
0 0.640625 0.586914 0.640625 0.590820 0.639648 0.591797 0.639648 0.596680 0.638672 0.597656 0.638672 0.601562 0.637695 0.602539 0.637695 0.607422 0.636719 0.608398 0.636719 0.610352 0.638672 0.612305 0.639648 0.612305 0.640625 0.613281 0.644531 0.613281 0.645508 0.614258 0.650391 0.614258 0.651367 0.615234 0.655273 0.615234 0.656250 0.616211 0.661133 0.616211 0.662109 0.617188 0.663086 0.617188 0.663086 0.614258 0.664062 0.613281 0.664062 0.609375 0.665039 0.608398 0.665039 0.603516 0.666016 0.602539 0.666016 0.598633 0.666992 0.597656 0.666992 0.593750 0.665039 0.591797 0.663086 0.591797 0.662109 0.590820 0.658203 0.590820 0.657227 0.589844 0.652344 0.589844 0.651367 0.588867 0.647461 0.588867 0.646484 0.587891 0.641602 0.587891
1 0.653320 0.602539 0.652344 0.603516 0.652344 0.604492 0.653320 0.604492 0.654297 0.605469 0.655273 0.605469 0.656250 0.606445 0.656250 0.605469 0.657227 0.604492 0.656250 0.603516 0.655273 0.603516 0.654297 0.602539
0 0.349609 0.407227 0.349609 0.417969 0.353516 0.417969 0.354492 0.418945 0.354492 0.420898 0.353516 0.421875 0.349609 0.421875 0.349609 0.432617 0.355469 0.432617 0.356445 0.433594 0.379883 0.433594 0.380859 0.432617 0.382812 0.432617 0.382812 0.407227
1 0.336914 0.419922 0.336914 0.420898 0.353516 0.420898 0.353516 0.418945 0.337891 0.418945
0 0.272461 0.582031 0.271484 0.582031 0.270508 0.583008 0.262695 0.583008 0.262695 0.583984 0.259766 0.586914 0.259766 0.587891 0.256836 0.590820 0.256836 0.591797 0.253906 0.594727 0.253906 0.595703 0.250977 0.598633 0.250977 0.599609 0.249023 0.601562 0.249023 0.602539 0.246094 0.605469 0.246094 0.606445 0.249023 0.609375 0.250000 0.609375 0.253906 0.613281 0.254883 0.613281 0.258789 0.617188 0.259766 0.617188 0.263672 0.621094 0.264648 0.621094 0.267578 0.624023 0.268555 0.624023 0.269531 0.623047 0.272461 0.623047 0.273438 0.622070 0.276367 0.622070 0.277344 0.621094 0.278320 0.621094 0.278320 0.620117 0.281250 0.617188 0.281250 0.616211 0.284180 0.613281 0.284180 0.612305 0.287109 0.609375 0.287109 0.608398 0.290039 0.605469 0.290039 0.604492 0.292969 0.601562 0.292969 0.600586 0.293945 0.599609 0.293945 0.598633 0.292969 0.597656 0.291992 0.597656 0.288086 0.593750 0.287109 0.593750 0.283203 0.589844 0.282227 0.589844 0.279297 0.586914 0.278320 0.586914 0.274414 0.583008 0.273438 0.583008
1 0.259766 0.618164 0.258789 0.618164 0.257812 0.617188 0.256836 0.618164 0.256836 0.619141 0.253906 0.622070 0.253906 0.623047 0.250977 0.625977 0.250977 0.626953 0.249023 0.628906 0.250000 0.629883 0.251953 0.629883 0.252930 0.628906 0.252930 0.627930 0.255859 0.625000 0.255859 0.624023 0.258789 0.621094 0.258789 0.620117 0.259766 0.619141
1 0.460938 0.378906 0.460938 0.379883 0.459961 0.380859 0.460938 0.379883
0 0.450195 0.354492 0.437500 0.367188 0.437500 0.368164 0.438477 0.369141 0.438477 0.370117 0.439453 0.371094 0.439453 0.372070 0.440430 0.373047 0.440430 0.374023 0.441406 0.375000 0.441406 0.375977 0.443359 0.377930 0.443359 0.378906 0.444336 0.379883 0.444336 0.380859 0.445312 0.381836 0.445312 0.382812 0.446289 0.383789 0.446289 0.384766 0.447266 0.385742 0.449219 0.385742 0.450195 0.384766 0.460938 0.384766 0.460938 0.383789 0.459961 0.382812 0.459961 0.381836 0.458984 0.380859 0.458984 0.379883 0.460938 0.377930 0.461914 0.377930 0.462891 0.378906 0.462891 0.379883 0.463867 0.380859 0.463867 0.381836 0.464844 0.381836 0.473633 0.373047 0.474609 0.373047 0.473633 0.372070 0.473633 0.371094 0.472656 0.370117 0.472656 0.369141 0.471680 0.368164 0.471680 0.367188 0.470703 0.366211 0.470703 0.365234 0.469727 0.364258 0.469727 0.363281 0.468750 0.362305 0.468750 0.361328 0.467773 0.360352 0.467773 0.359375 0.466797 0.358398 0.466797 0.357422 0.465820 0.356445 0.465820 0.355469 0.464844 0.354492
1 0.459961 0.379883 0.460938 0.380859 0.460938 0.382812 0.461914 0.383789 0.461914 0.384766 0.462891 0.385742 0.462891 0.386719 0.463867 0.387695 0.463867 0.388672 0.464844 0.389648 0.464844 0.390625 0.465820 0.390625 0.466797 0.391602 0.467773 0.391602 0.467773 0.390625 0.466797 0.389648 0.466797 0.388672 0.465820 0.387695 0.465820 0.386719 0.463867 0.384766 0.463867 0.382812 0.462891 0.381836 0.462891 0.380859 0.461914 0.379883 0.461914 0.378906 0.461914 0.379883 0.460938 0.380859
0 0.550781 0.284180 0.545898 0.289062 0.546875 0.289062 0.548828 0.291016 0.549805 0.291016 0.551758 0.292969 0.551758 0.291992 0.553711 0.290039 0.553711 0.289062 0.554688 0.288086 0.555664 0.289062 0.555664 0.288086 0.554688 0.287109 0.554688 0.286133 0.553711 0.286133 0.552734 0.285156 0.551758 0.285156
0 0.583984 0.258789 0.576172 0.266602 0.576172 0.267578 0.566406 0.277344 0.566406 0.279297 0.567383 0.280273 0.567383 0.282227 0.568359 0.283203 0.568359 0.284180 0.569336 0.285156 0.569336 0.287109 0.570312 0.288086 0.570312 0.289062 0.571289 0.290039 0.571289 0.291992 0.573242 0.293945 0.574219 0.293945 0.576172 0.295898 0.577148 0.295898 0.580078 0.298828 0.581055 0.298828 0.583984 0.301758 0.584961 0.301758 0.586914 0.303711 0.587891 0.303711 0.590820 0.306641 0.593750 0.303711 0.593750 0.302734 0.609375 0.287109 0.609375 0.285156 0.608398 0.284180 0.608398 0.283203 0.607422 0.282227 0.607422 0.281250 0.606445 0.280273 0.606445 0.279297 0.605469 0.278320 0.605469 0.276367 0.604492 0.275391 0.604492 0.274414 0.603516 0.273438 0.603516 0.272461 0.602539 0.271484 0.601562 0.271484 0.598633 0.268555 0.597656 0.268555 0.594727 0.265625 0.593750 0.265625 0.590820 0.262695 0.589844 0.262695 0.586914 0.259766 0.585938 0.259766 0.584961 0.258789
1 0.529297 0.303711 0.528320 0.303711 0.526367 0.305664 0.527344 0.306641 0.529297 0.304688
1 0.604492 0.292969 0.602539 0.294922 0.604492 0.296875 0.605469 0.296875 0.607422 0.298828 0.608398 0.298828 0.609375 0.299805 0.610352 0.298828 0.610352 0.297852 0.607422 0.294922 0.606445 0.294922
0 0.538086 0.272461 0.535156 0.275391 0.535156 0.276367 0.524414 0.287109 0.524414 0.289062 0.525391 0.290039 0.525391 0.298828 0.526367 0.299805 0.526367 0.300781 0.527344 0.300781 0.529297 0.302734 0.530273 0.302734 0.531250 0.303711 0.532227 0.303711 0.534180 0.305664 0.535156 0.305664 0.537109 0.307617 0.538086 0.307617 0.540039 0.309570 0.541016 0.309570 0.541992 0.310547 0.542969 0.310547 0.547852 0.305664 0.547852 0.304688 0.556641 0.295898 0.556641 0.294922 0.555664 0.293945 0.555664 0.290039 0.554688 0.289062 0.554688 0.290039 0.552734 0.291992 0.552734 0.292969 0.551758 0.293945 0.549805 0.291992 0.548828 0.291992 0.546875 0.290039 0.545898 0.290039 0.544922 0.289062 0.550781 0.283203 0.551758 0.284180 0.552734 0.284180 0.553711 0.285156 0.554688 0.285156 0.554688 0.283203 0.553711 0.283203 0.551758 0.281250 0.550781 0.281250 0.548828 0.279297 0.547852 0.279297 0.545898 0.277344 0.544922 0.277344 0.542969 0.275391 0.541992 0.275391 0.540039 0.273438 0.539062 0.273438
1 0.528320 0.302734 0.523438 0.307617 0.523438 0.308594 0.524414 0.309570 0.526367 0.307617 0.526367 0.306641 0.525391 0.305664
0 0.205078 0.472656 0.204102 0.472656 0.203125 0.473633 0.201172 0.473633 0.200195 0.474609 0.198242 0.474609 0.197266 0.475586 0.195312 0.475586 0.194336 0.476562 0.192383 0.476562 0.191406 0.477539 0.189453 0.477539 0.188477 0.478516 0.186523 0.478516 0.185547 0.479492 0.182617 0.479492 0.181641 0.480469 0.180664 0.480469 0.180664 0.486328 0.179688 0.487305 0.179688 0.490234 0.180664 0.491211 0.180664 0.493164 0.181641 0.494141 0.181641 0.495117 0.182617 0.496094 0.182617 0.497070 0.183594 0.498047 0.183594 0.499023 0.184570 0.500000 0.184570 0.501953 0.185547 0.502930 0.185547 0.503906 0.186523 0.504883 0.186523 0.505859 0.187500 0.506836 0.187500 0.507812 0.188477 0.508789 0.188477 0.509766 0.189453 0.510742 0.189453 0.512695 0.191406 0.512695 0.192383 0.511719 0.194336 0.511719 0.195312 0.510742 0.197266 0.510742 0.198242 0.509766 0.200195 0.509766 0.201172 0.508789 0.203125 0.508789 0.204102 0.507812 0.206055 0.507812 0.207031 0.506836 0.208984 0.506836 0.209961 0.505859 0.211914 0.505859 0.212891 0.504883 0.214844 0.504883 0.214844 0.494141 0.213867 0.493164 0.213867 0.492188 0.212891 0.491211 0.212891 0.490234 0.211914 0.489258 0.211914 0.487305 0.210938 0.486328 0.210938 0.485352 0.209961 0.484375 0.209961 0.483398 0.208984 0.482422 0.208984 0.480469 0.208008 0.479492 0.208008 0.478516 0.207031 0.477539 0.207031 0.476562 0.206055 0.475586 0.206055 0.473633
1 0.182617 0.498047 0.181641 0.497070 0.181641 0.496094 0.180664 0.497070 0.178711 0.497070 0.177734 0.498047 0.175781 0.498047 0.174805 0.499023 0.172852 0.499023 0.171875 0.500000 0.169922 0.500000 0.168945 0.500977 0.166992 0.500977 0.166992 0.501953 0.167969 0.502930 0.167969 0.503906 0.168945 0.502930 0.170898 0.502930 0.171875 0.501953 0.173828 0.501953 0.174805 0.500977 0.176758 0.500977 0.177734 0.500000 0.179688 0.500000 0.180664 0.499023 0.182617 0.499023
