0 0.572266 0.508789 0.570312 0.510742 0.569336 0.510742 0.567383 0.512695 0.566406 0.512695 0.564453 0.514648 0.563477 0.514648 0.562500 0.515625 0.561523 0.515625 0.559570 0.517578 0.558594 0.517578 0.556641 0.519531 0.556641 0.541016 0.557617 0.541992 0.558594 0.541992 0.559570 0.542969 0.560547 0.542969 0.561523 0.543945 0.562500 0.543945 0.563477 0.544922 0.564453 0.544922 0.565430 0.545898 0.566406 0.545898 0.567383 0.546875 0.569336 0.546875 0.570312 0.547852 0.571289 0.547852 0.572266 0.548828 0.573242 0.548828 0.574219 0.549805 0.575195 0.549805 0.576172 0.550781 0.577148 0.550781 0.578125 0.549805 0.579102 0.549805 0.581055 0.547852 0.582031 0.547852 0.583984 0.545898 0.584961 0.545898 0.586914 0.543945 0.587891 0.543945 0.590820 0.541016 0.591797 0.541016 0.593750 0.539062 0.593750 0.517578 0.592773 0.516602 0.590820 0.516602 0.589844 0.515625 0.588867 0.515625 0.587891 0.514648 0.586914 0.514648 0.585938 0.513672 0.584961 0.513672 0.583984 0.512695 0.582031 0.512695 0.581055 0.511719 0.580078 0.511719 0.579102 0.510742 0.578125 0.510742 0.578125 0.517578 0.576172 0.519531 0.575195 0.519531 0.573242 0.517578 0.573242 0.508789
1 0.575195 0.501953 0.574219 0.502930 0.574219 0.517578 0.575195 0.518555 0.576172 0.518555 0.577148 0.517578 0.577148 0.502930 0.576172 0.501953
0 0.538086 0.648438 0.535156 0.648438 0.534180 0.647461 0.529297 0.647461 0.528320 0.648438 0.524414 0.648438 0.523438 0.649414 0.518555 0.649414 0.517578 0.650391 0.513672 0.650391 0.513672 0.655273 0.514648 0.656250 0.514648 0.659180 0.517578 0.659180 0.518555 0.660156 0.518555 0.661133 0.517578 0.662109 0.516602 0.662109 0.515625 0.663086 0.515625 0.668945 0.516602 0.669922 0.521484 0.669922 0.522461 0.670898 0.524414 0.670898 0.525391 0.669922 0.529297 0.669922 0.530273 0.668945 0.534180 0.668945 0.535156 0.667969 0.539062 0.667969 0.540039 0.666992 0.541016 0.666992 0.541016 0.666016 0.540039 0.665039 0.540039 0.659180 0.539062 0.658203 0.539062 0.652344 0.538086 0.651367
1 0.517578 0.660156 0.514648 0.660156 0.513672 0.661133 0.509766 0.661133 0.508789 0.662109 0.505859 0.662109 0.505859 0.663086 0.510742 0.663086 0.511719 0.662109 0.515625 0.662109 0.516602 0.661133 0.517578 0.661133
0 0.470703 0.381836 0.469727 0.381836 0.467773 0.383789 0.466797 0.383789 0.462891 0.387695 0.461914 0.387695 0.457031 0.392578 0.456055 0.392578 0.454102 0.394531 0.454102 0.395508 0.453125 0.396484 0.453125 0.398438 0.452148 0.399414 0.452148 0.400391 0.451172 0.401367 0.451172 0.402344 0.454102 0.405273 0.454102 0.406250 0.465820 0.417969 0.469727 0.414062 0.470703 0.414062 0.475586 0.409180 0.476562 0.409180 0.481445 0.404297 0.481445 0.403320 0.482422 0.402344 0.482422 0.401367 0.483398 0.400391 0.483398 0.399414 0.484375 0.398438 0.484375 0.396484 0.474609 0.386719 0.474609 0.385742
1 0.450195 0.380859 0.450195 0.382812 0.458008 0.390625 0.458984 0.389648 0.458984 0.388672 0.451172 0.380859
0 0.348633 0.394531 0.348633 0.398438 0.347656 0.399414 0.347656 0.413086 0.351562 0.416992 0.362305 0.416992 0.363281 0.417969 0.370117 0.417969 0.370117 0.414062 0.371094 0.413086 0.371094 0.398438 0.368164 0.395508 0.367188 0.395508 0.366211 0.394531
0 0.520508 0.568359 0.520508 0.570312 0.521484 0.571289 0.521484 0.568359
0 0.510742 0.541016 0.511719 0.541992 0.510742 0.542969 0.509766 0.542969 0.508789 0.543945 0.507812 0.543945 0.507812 0.547852 0.508789 0.548828 0.510742 0.548828 0.512695 0.550781 0.512695 0.553711 0.511719 0.554688 0.510742 0.553711 0.509766 0.554688 0.508789 0.554688 0.509766 0.554688 0.510742 0.555664 0.510742 0.557617 0.513672 0.560547 0.513672 0.561523 0.516602 0.564453 0.515625 0.563477 0.519531 0.559570 0.520508 0.560547 0.521484 0.560547 0.522461 0.561523 0.522461 0.555664 0.518555 0.551758 0.517578 0.552734 0.516602 0.551758 0.516602 0.550781 0.515625 0.550781 0.514648 0.549805 0.515625 0.548828 0.514648 0.547852 0.515625 0.546875 0.512695 0.543945 0.512695 0.542969
0 0.623047 0.410156 0.621094 0.412109 0.621094 0.413086 0.620117 0.414062 0.620117 0.415039 0.618164 0.416992 0.618164 0.417969 0.616211 0.419922 0.616211 0.420898 0.614258 0.422852 0.614258 0.423828 0.613281 0.424805 0.613281 0.425781 0.612305 0.426758 0.612305 0.427734 0.611328 0.428711 0.611328 0.430664 0.610352 0.431641 0.610352 0.432617 0.609375 0.433594 0.609375 0.435547 0.608398 0.436523 0.609375 0.437500 0.610352 0.437500 0.611328 0.438477 0.612305 0.438477 0.614258 0.440430 0.615234 0.440430 0.616211 0.441406 0.617188 0.441406 0.618164 0.442383 0.619141 0.442383 0.620117 0.443359 0.621094 0.443359 0.623047 0.445312 0.624023 0.445312 0.625000 0.446289 0.625977 0.446289 0.626953 0.447266 0.627930 0.447266 0.629883 0.445312 0.629883 0.444336 0.631836 0.442383 0.631836 0.441406 0.633789 0.439453 0.633789 0.438477 0.635742 0.436523 0.635742 0.435547 0.637695 0.433594 0.637695 0.432617 0.638672 0.431641 0.638672 0.430664 0.639648 0.429688 0.639648 0.427734 0.640625 0.426758 0.640625 0.424805 0.641602 0.423828 0.641602 0.419922 0.640625 0.419922 0.639648 0.418945 0.638672 0.418945 0.637695 0.417969 0.636719 0.417969 0.635742 0.416992 0.634766 0.416992 0.632812 0.415039 0.631836 0.415039 0.630859 0.414062 0.629883 0.414062 0.628906 0.413086 0.627930 0.413086 0.626953 0.412109 0.625977 0.412109 0.624023 0.410156
1 0.520508 0.580078 0.518555 0.582031 0.519531 0.583008 0.520508 0.583008 0.521484 0.582031 0.521484 0.581055
1 0.617188 0.442383 0.616211 0.442383 0.614258 0.444336 0.614258 0.445312 0.612305 0.447266 0.612305 0.448242 0.613281 0.448242 0.615234 0.446289 0.615234 0.445312 0.617188 0.443359
0 0.514648 0.548828 0.515625 0.549805 0.516602 0.549805 0.517578 0.550781 0.517578 0.551758 0.518555 0.550781 0.519531 0.551758 0.515625 0.547852
0 0.508789 0.538086 0.506836 0.538086 0.505859 0.539062 0.504883 0.539062 0.503906 0.540039 0.502930 0.540039 0.501953 0.541016 0.500977 0.541016 0.499023 0.542969 0.498047 0.542969 0.497070 0.543945 0.496094 0.543945 0.495117 0.544922 0.494141 0.544922 0.493164 0.545898 0.492188 0.545898 0.491211 0.546875 0.490234 0.546875 0.489258 0.547852 0.488281 0.547852 0.487305 0.548828 0.486328 0.548828 0.486328 0.553711 0.485352 0.554688 0.485352 0.558594 0.484375 0.559570 0.484375 0.564453 0.487305 0.567383 0.487305 0.568359 0.491211 0.572266 0.491211 0.573242 0.495117 0.577148 0.495117 0.578125 0.498047 0.581055 0.498047 0.582031 0.500000 0.582031 0.500977 0.581055 0.501953 0.581055 0.502930 0.580078 0.503906 0.580078 0.504883 0.579102 0.505859 0.579102 0.506836 0.578125 0.507812 0.578125 0.508789 0.577148 0.509766 0.577148 0.510742 0.576172 0.511719 0.576172 0.512695 0.575195 0.513672 0.575195 0.514648 0.574219 0.515625 0.574219 0.516602 0.573242 0.517578 0.573242 0.518555 0.572266 0.519531 0.572266 0.520508 0.571289 0.519531 0.570312 0.519531 0.568359 0.520508 0.567383 0.521484 0.567383 0.521484 0.563477 0.522461 0.562500 0.521484 0.561523 0.520508 0.561523 0.519531 0.560547 0.515625 0.564453 0.512695 0.561523 0.512695 0.560547 0.509766 0.557617 0.509766 0.555664 0.508789 0.555664 0.507812 0.554688 0.508789 0.553711 0.509766 0.553711 0.510742 0.552734 0.511719 0.553711 0.511719 0.550781 0.510742 0.549805 0.508789 0.549805 0.506836 0.547852 0.506836 0.543945 0.507812 0.542969 0.508789 0.542969 0.509766 0.541992 0.510742 0.541992 0.509766 0.541016 0.509766 0.539062
1 0.514648 0.575195 0.514648 0.577148 0.519531 0.582031 0.518555 0.581055 0.520508 0.579102 0.516602 0.575195
0 0.702148 0.464844 0.701172 0.465820 0.699219 0.465820 0.698242 0.466797 0.697266 0.466797 0.696289 0.467773 0.694336 0.467773 0.693359 0.468750 0.692383 0.468750 0.691406 0.469727 0.689453 0.469727 0.688477 0.470703 0.687500 0.470703 0.686523 0.471680 0.684570 0.471680 0.683594 0.472656 0.682617 0.472656 0.681641 0.473633 0.679688 0.473633 0.679688 0.478516 0.678711 0.479492 0.678711 0.487305 0.680664 0.489258 0.680664 0.490234 0.681641 0.491211 0.681641 0.492188 0.682617 0.493164 0.682617 0.494141 0.683594 0.495117 0.683594 0.496094 0.685547 0.498047 0.685547 0.499023 0.686523 0.500000 0.686523 0.500977 0.687500 0.501953 0.687500 0.502930 0.688477 0.503906 0.688477 0.504883 0.689453 0.505859 0.690430 0.505859 0.691406 0.504883 0.692383 0.504883 0.693359 0.503906 0.695312 0.503906 0.696289 0.502930 0.698242 0.502930 0.699219 0.501953 0.700195 0.501953 0.701172 0.500977 0.703125 0.500977 0.704102 0.500000 0.706055 0.500000 0.707031 0.499023 0.708984 0.499023 0.709961 0.498047 0.710938 0.498047 0.711914 0.497070 0.712891 0.497070 0.712891 0.483398 0.711914 0.482422 0.711914 0.481445 0.709961 0.479492 0.709961 0.478516 0.708984 0.477539 0.708984 0.476562 0.708008 0.475586 0.708008 0.474609 0.707031 0.473633 0.707031 0.472656 0.706055 0.471680 0.706055 0.470703 0.705078 0.469727 0.705078 0.468750 0.703125 0.466797 0.703125 0.465820
0 0.426758 0.283203 0.425781 0.283203 0.423828 0.285156 0.422852 0.285156 0.420898 0.287109 0.419922 0.287109 0.418945 0.288086 0.417969 0.288086 0.416016 0.290039 0.415039 0.290039 0.414062 0.291016 0.413086 0.291016 0.411133 0.292969 0.410156 0.292969 0.410156 0.294922 0.412109 0.296875 0.412109 0.297852 0.413086 0.298828 0.413086 0.299805 0.414062 0.300781 0.414062 0.301758 0.415039 0.302734 0.415039 0.303711 0.416016 0.304688 0.416016 0.305664 0.417969 0.307617 0.417969 0.308594 0.419922 0.310547 0.419922 0.311523 0.421875 0.313477 0.421875 0.314453 0.423828 0.316406 0.423828 0.317383 0.425781 0.317383 0.427734 0.315430 0.428711 0.315430 0.430664 0.313477 0.431641 0.313477 0.432617 0.312500 0.433594 0.312500 0.435547 0.310547 0.436523 0.310547 0.437500 0.309570 0.438477 0.309570 0.440430 0.307617 0.440430 0.306641 0.439453 0.305664 0.439453 0.304688 0.438477 0.303711 0.438477 0.302734 0.437500 0.301758 0.437500 0.300781 0.436523 0.299805 0.436523 0.298828 0.435547 0.297852 0.435547 0.296875 0.434570 0.295898 0.434570 0.294922 0.432617 0.292969 0.432617 0.291992 0.430664 0.290039 0.430664 0.289062 0.428711 0.287109 0.428711 0.286133 0.426758 0.284180
