0 0.597656 0.415039 0.597656 0.424805 0.598633 0.425781 0.598633 0.441406 0.616211 0.441406 0.617188 0.440430 0.629883 0.440430 0.630859 0.439453 0.635742 0.439453 0.635742 0.428711 0.634766 0.427734 0.634766 0.413086 0.612305 0.413086 0.611328 0.414062 0.601562 0.414062 0.600586 0.415039
1 0.614258 0.396484 0.614258 0.411133 0.615234 0.412109 0.617188 0.412109 0.617188 0.396484
0 0.558594 0.691406 0.549805 0.700195 0.550781 0.701172 0.550781 0.704102 0.555664 0.704102 0.557617 0.706055 0.555664 0.708008 0.551758 0.708008 0.551758 0.709961 0.552734 0.710938 0.552734 0.715820 0.553711 0.716797 0.553711 0.719727 0.573242 0.719727 0.574219 0.718750 0.575195 0.718750 0.582031 0.711914 0.582031 0.708008 0.581055 0.707031 0.581055 0.703125 0.580078 0.702148 0.580078 0.699219 0.579102 0.698242 0.579102 0.694336 0.578125 0.693359 0.578125 0.691406
1 0.542969 0.705078 0.542969 0.707031 0.555664 0.707031 0.556641 0.706055 0.555664 0.705078
0 0.501953 0.394531 0.500977 0.394531 0.500000 0.395508 0.499023 0.395508 0.498047 0.396484 0.497070 0.396484 0.496094 0.397461 0.495117 0.397461 0.494141 0.398438 0.493164 0.398438 0.492188 0.399414 0.491211 0.399414 0.490234 0.400391 0.488281 0.400391 0.487305 0.401367 0.487305 0.402344 0.486328 0.403320 0.486328 0.406250 0.485352 0.407227 0.485352 0.410156 0.484375 0.411133 0.484375 0.414062 0.483398 0.415039 0.483398 0.416992 0.488281 0.421875 0.489258 0.421875 0.493164 0.425781 0.494141 0.425781 0.497070 0.428711 0.498047 0.428711 0.499023 0.427734 0.500000 0.427734 0.500977 0.426758 0.501953 0.426758 0.502930 0.425781 0.503906 0.425781 0.504883 0.424805 0.505859 0.424805 0.506836 0.423828 0.507812 0.423828 0.508789 0.422852 0.509766 0.422852 0.510742 0.421875 0.511719 0.421875 0.511719 0.419922 0.512695 0.418945 0.512695 0.416016 0.513672 0.415039 0.513672 0.413086 0.514648 0.412109 0.514648 0.409180 0.515625 0.408203 0.515625 0.405273 0.514648 0.405273 0.510742 0.401367 0.509766 0.401367 0.505859 0.397461 0.504883 0.397461
1 0.482422 0.397461 0.482422 0.399414 0.483398 0.400391 0.484375 0.400391 0.486328 0.402344 0.486328 0.401367 0.487305 0.400391 0.485352 0.398438 0.484375 0.398438 0.483398 0.397461
0 0.384766 0.455078 0.383789 0.456055 0.382812 0.456055 0.380859 0.458008 0.379883 0.458008 0.379883 0.458984 0.378906 0.459961 0.378906 0.466797 0.377930 0.467773 0.377930 0.474609 0.376953 0.475586 0.376953 0.476562 0.380859 0.476562 0.381836 0.477539 0.386719 0.477539 0.387695 0.478516 0.392578 0.478516 0.393555 0.479492 0.395508 0.479492 0.397461 0.477539 0.398438 0.477539 0.399414 0.476562 0.400391 0.476562 0.400391 0.468750 0.401367 0.467773 0.401367 0.460938 0.402344 0.459961 0.402344 0.458984 0.401367 0.458984 0.400391 0.458008 0.396484 0.458008 0.395508 0.457031 0.391602 0.457031 0.390625 0.456055 0.385742 0.456055
0 0.665039 0.417969 0.664062 0.418945 0.665039 0.419922 0.664062 0.418945
0 0.642578 0.416016 0.643555 0.416992 0.641602 0.418945 0.641602 0.419922 0.640625 0.420898 0.640625 0.421875 0.639648 0.422852 0.639648 0.423828 0.638672 0.424805 0.638672 0.426758 0.639648 0.427734 0.638672 0.426758 0.639648 0.425781 0.640625 0.425781 0.641602 0.426758 0.644531 0.426758 0.645508 0.425781 0.645508 0.421875 0.644531 0.420898 0.644531 0.416992 0.643555 0.416992
0 0.647461 0.407227 0.646484 0.408203 0.646484 0.409180 0.645508 0.410156 0.645508 0.411133 0.644531 0.412109 0.645508 0.411133 0.646484 0.412109 0.646484 0.413086 0.647461 0.413086 0.648438 0.414062 0.649414 0.413086 0.649414 0.411133 0.648438 0.411133 0.647461 0.410156 0.648438 0.409180 0.649414 0.409180
1 0.646484 0.435547 0.646484 0.436523 0.644531 0.438477 0.644531 0.439453 0.643555 0.440430 0.643555 0.441406 0.642578 0.442383 0.642578 0.443359 0.643555 0.444336 0.642578 0.445312 0.643555 0.444336 0.642578 0.443359 0.643555 0.442383 0.644531 0.442383 0.644531 0.441406 0.645508 0.440430 0.645508 0.439453 0.646484 0.438477
0 0.649414 0.408203 0.650391 0.409180 0.649414 0.410156 0.648438 0.410156 0.649414 0.410156 0.650391 0.411133 0.650391 0.413086 0.648438 0.415039 0.647461 0.414062 0.646484 0.414062 0.645508 0.413086 0.645508 0.412109 0.643555 0.414062 0.643555 0.416016 0.642578 0.416992 0.643555 0.417969 0.642578 0.416992 0.643555 0.416016 0.644531 0.416016 0.645508 0.416992 0.645508 0.420898 0.646484 0.421875 0.646484 0.425781 0.644531 0.427734 0.641602 0.427734 0.640625 0.426758 0.639648 0.426758 0.638672 0.427734 0.637695 0.426758 0.638672 0.427734 0.639648 0.426758 0.640625 0.427734 0.640625 0.428711 0.642578 0.428711 0.643555 0.429688 0.644531 0.429688 0.645508 0.430664 0.646484 0.430664 0.647461 0.431641 0.649414 0.431641 0.650391 0.432617 0.651367 0.432617 0.652344 0.433594 0.653320 0.433594 0.654297 0.434570 0.655273 0.434570 0.656250 0.435547 0.659180 0.435547 0.660156 0.434570 0.660156 0.433594 0.661133 0.432617 0.661133 0.431641 0.662109 0.430664 0.662109 0.429688 0.663086 0.428711 0.663086 0.427734 0.664062 0.426758 0.664062 0.425781 0.665039 0.424805 0.665039 0.422852 0.666016 0.421875 0.666016 0.420898 0.666992 0.419922 0.666992 0.418945 0.667969 0.417969 0.667969 0.416016 0.666992 0.416016 0.666016 0.415039 0.665039 0.415039 0.664062 0.414062 0.662109 0.414062 0.661133 0.413086 0.660156 0.413086 0.659180 0.412109 0.658203 0.412109 0.657227 0.411133 0.655273 0.411133 0.654297 0.410156 0.653320 0.410156 0.652344 0.409180 0.651367 0.409180 0.650391 0.408203
1 0.644531 0.443359 0.643555 0.443359 0.642578 0.444336 0.643555 0.445312 0.642578 0.444336 0.643555 0.443359
1 0.649414 0.432617 0.647461 0.432617 0.647461 0.433594 0.646484 0.434570 0.647461 0.435547 0.647461 0.436523 0.647461 0.435547 0.648438 0.434570 0.648438 0.433594
0 0.549805 0.432617 0.547852 0.434570 0.546875 0.434570 0.543945 0.437500 0.542969 0.437500 0.541016 0.439453 0.540039 0.439453 0.538086 0.441406 0.537109 0.441406 0.534180 0.444336 0.533203 0.444336 0.531250 0.446289 0.530273 0.446289 0.528320 0.448242 0.527344 0.448242 0.527344 0.449219 0.529297 0.451172 0.529297 0.452148 0.531250 0.454102 0.531250 0.455078 0.534180 0.458008 0.534180 0.458984 0.536133 0.460938 0.536133 0.461914 0.538086 0.463867 0.538086 0.464844 0.540039 0.466797 0.540039 0.467773 0.542969 0.470703 0.542969 0.471680 0.543945 0.471680 0.543945 0.470703 0.546875 0.467773 0.547852 0.468750 0.549805 0.466797 0.550781 0.466797 0.550781 0.465820 0.552734 0.463867 0.553711 0.463867 0.554688 0.462891 0.556641 0.462891 0.559570 0.459961 0.560547 0.459961 0.562500 0.458008 0.563477 0.458008 0.565430 0.456055 0.564453 0.455078 0.564453 0.454102 0.562500 0.452148 0.562500 0.451172 0.560547 0.449219 0.560547 0.448242 0.558594 0.446289 0.558594 0.445312 0.555664 0.442383 0.555664 0.441406 0.553711 0.439453 0.553711 0.438477 0.551758 0.436523 0.551758 0.435547 0.549805 0.433594
1 0.564453 0.476562 0.564453 0.478516 0.563477 0.479492 0.564453 0.478516 0.565430 0.478516 0.564453 0.477539
1 0.554688 0.463867 0.553711 0.464844 0.554688 0.465820 0.554688 0.466797 0.556641 0.468750 0.556641 0.469727 0.558594 0.471680 0.558594 0.472656 0.561523 0.475586 0.561523 0.476562 0.562500 0.477539 0.562500 0.474609 0.561523 0.473633 0.561523 0.472656 0.560547 0.471680 0.560547 0.470703 0.557617 0.467773 0.557617 0.466797 0.555664 0.464844 0.555664 0.463867
0 0.735352 0.398438 0.734375 0.399414 0.733398 0.399414 0.731445 0.401367 0.730469 0.401367 0.728516 0.403320 0.727539 0.403320 0.726562 0.404297 0.725586 0.404297 0.723633 0.406250 0.722656 0.406250 0.720703 0.408203 0.719727 0.408203 0.718750 0.409180 0.717773 0.409180 0.715820 0.411133 0.714844 0.411133 0.712891 0.413086 0.712891 0.414062 0.713867 0.415039 0.713867 0.416016 0.715820 0.417969 0.715820 0.418945 0.717773 0.420898 0.717773 0.421875 0.719727 0.423828 0.719727 0.424805 0.720703 0.425781 0.720703 0.426758 0.722656 0.428711 0.722656 0.429688 0.724609 0.431641 0.724609 0.432617 0.725586 0.433594 0.726562 0.433594 0.727539 0.432617 0.728516 0.432617 0.730469 0.430664 0.731445 0.430664 0.733398 0.428711 0.734375 0.428711 0.735352 0.427734 0.736328 0.427734 0.738281 0.425781 0.739258 0.425781 0.741211 0.423828 0.742188 0.423828 0.743164 0.422852 0.744141 0.422852 0.746094 0.420898 0.747070 0.420898 0.748047 0.419922 0.748047 0.417969 0.746094 0.416016 0.746094 0.415039 0.744141 0.413086 0.744141 0.412109 0.742188 0.410156 0.742188 0.409180 0.741211 0.408203 0.741211 0.407227 0.739258 0.405273 0.739258 0.404297 0.737305 0.402344 0.737305 0.401367 0.735352 0.399414
0 0.458008 0.359375 0.457031 0.359375 0.456055 0.360352 0.455078 0.360352 0.454102 0.361328 0.453125 0.361328 0.452148 0.362305 0.450195 0.362305 0.449219 0.363281 0.448242 0.363281 0.447266 0.364258 0.446289 0.364258 0.445312 0.365234 0.444336 0.365234 0.443359 0.366211 0.442383 0.366211 0.442383 0.368164 0.443359 0.369141 0.443359 0.371094 0.444336 0.372070 0.444336 0.375000 0.445312 0.375977 0.445312 0.377930 0.446289 0.378906 0.446289 0.380859 0.451172 0.385742 0.452148 0.385742 0.454102 0.387695 0.456055 0.387695 0.457031 0.386719 0.458008 0.386719 0.458984 0.385742 0.459961 0.385742 0.460938 0.384766 0.461914 0.384766 0.462891 0.383789 0.463867 0.383789 0.464844 0.382812 0.465820 0.382812 0.466797 0.381836 0.467773 0.381836 0.468750 0.380859 0.469727 0.380859 0.469727 0.377930 0.468750 0.376953 0.468750 0.375000 0.467773 0.374023 0.467773 0.371094 0.466797 0.370117 0.466797 0.368164 0.465820 0.367188 0.465820 0.365234 0.463867 0.363281 0.462891 0.363281 0.460938 0.361328 0.459961 0.361328
