0 0.624023 0.291992 0.623047 0.291992 0.618164 0.296875 0.617188 0.296875 0.611328 0.302734 0.610352 0.302734 0.598633 0.314453 0.599609 0.315430 0.599609 0.316406 0.605469 0.322266 0.605469 0.323242 0.608398 0.326172 0.619141 0.315430 0.620117 0.315430 0.622070 0.313477 0.623047 0.313477 0.624023 0.314453 0.625000 0.314453 0.626953 0.316406 0.627930 0.316406 0.628906 0.317383 0.629883 0.317383 0.630859 0.318359 0.631836 0.317383 0.632812 0.317383 0.639648 0.310547 0.635742 0.306641 0.635742 0.305664 0.630859 0.300781 0.630859 0.299805 0.625000 0.293945 0.625000 0.292969
1 0.598633 0.291016 0.601562 0.293945 0.601562 0.294922 0.607422 0.300781 0.607422 0.301758 0.608398 0.302734 0.609375 0.302734 0.610352 0.301758 0.611328 0.301758 0.608398 0.298828 0.608398 0.297852 0.603516 0.292969 0.603516 0.291992 0.601562 0.290039 0.599609 0.290039
0 0.671875 0.617188 0.671875 0.620117 0.670898 0.621094 0.670898 0.623047 0.669922 0.624023 0.669922 0.625977 0.668945 0.626953 0.668945 0.629883 0.667969 0.630859 0.667969 0.632812 0.666992 0.633789 0.666992 0.636719 0.666016 0.637695 0.666016 0.640625 0.665039 0.641602 0.665039 0.644531 0.666992 0.644531 0.667969 0.645508 0.669922 0.645508 0.670898 0.646484 0.673828 0.646484 0.674805 0.647461 0.676758 0.647461 0.677734 0.648438 0.679688 0.648438 0.680664 0.649414 0.682617 0.649414 0.683594 0.650391 0.685547 0.650391 0.686523 0.651367 0.687500 0.650391 0.687500 0.648438 0.688477 0.647461 0.688477 0.645508 0.689453 0.644531 0.689453 0.641602 0.690430 0.640625 0.690430 0.638672 0.691406 0.637695 0.691406 0.635742 0.692383 0.634766 0.692383 0.631836 0.693359 0.630859 0.693359 0.625977 0.694336 0.625000 0.694336 0.624023 0.691406 0.624023 0.690430 0.623047 0.688477 0.623047 0.687500 0.622070 0.685547 0.622070 0.684570 0.621094 0.682617 0.621094 0.681641 0.620117 0.678711 0.620117 0.677734 0.619141 0.675781 0.619141 0.674805 0.618164 0.672852 0.618164
0 0.428711 0.434570 0.427734 0.434570 0.424805 0.431641 0.419922 0.431641 0.418945 0.432617 0.402344 0.432617 0.402344 0.443359 0.401367 0.444336 0.403320 0.444336 0.404297 0.445312 0.404297 0.447266 0.403320 0.448242 0.401367 0.448242 0.401367 0.455078 0.406250 0.459961 0.429688 0.459961 0.429688 0.446289 0.430664 0.445312 0.430664 0.436523
1 0.388672 0.445312 0.388672 0.447266 0.403320 0.447266 0.403320 0.445312
0 0.318359 0.592773 0.315430 0.592773 0.314453 0.593750 0.312500 0.593750 0.311523 0.594727 0.308594 0.594727 0.307617 0.595703 0.305664 0.595703 0.303711 0.597656 0.303711 0.598633 0.298828 0.603516 0.298828 0.604492 0.293945 0.609375 0.293945 0.610352 0.291016 0.613281 0.291016 0.614258 0.303711 0.626953 0.303711 0.627930 0.306641 0.630859 0.309570 0.630859 0.310547 0.629883 0.312500 0.629883 0.313477 0.628906 0.314453 0.628906 0.315430 0.627930 0.317383 0.627930 0.318359 0.626953 0.319336 0.626953 0.324219 0.622070 0.324219 0.621094 0.329102 0.616211 0.329102 0.615234 0.333984 0.610352 0.333984 0.609375 0.333008 0.608398 0.333008 0.607422
1 0.300781 0.625000 0.299805 0.625000 0.298828 0.625977 0.298828 0.626953 0.294922 0.630859 0.294922 0.631836 0.295898 0.632812 0.296875 0.632812 0.297852 0.631836 0.297852 0.630859 0.301758 0.626953 0.301758 0.625977
1 0.528320 0.405273 0.529297 0.406250 0.527344 0.408203 0.529297 0.406250
1 0.524414 0.396484 0.525391 0.397461 0.525391 0.398438 0.524414 0.399414 0.524414 0.400391 0.525391 0.401367 0.525391 0.403320 0.526367 0.404297 0.526367 0.402344 0.525391 0.401367 0.525391 0.400391 0.526367 0.399414 0.526367 0.397461 0.525391 0.397461
0 0.531250 0.371094 0.527344 0.371094 0.526367 0.372070 0.514648 0.372070 0.508789 0.377930 0.507812 0.377930 0.503906 0.381836 0.503906 0.382812 0.504883 0.383789 0.504883 0.385742 0.505859 0.386719 0.505859 0.388672 0.506836 0.389648 0.506836 0.391602 0.507812 0.392578 0.507812 0.394531 0.508789 0.395508 0.508789 0.396484 0.509766 0.397461 0.509766 0.399414 0.510742 0.400391 0.515625 0.400391 0.516602 0.399414 0.523438 0.399414 0.523438 0.398438 0.522461 0.397461 0.522461 0.395508 0.523438 0.394531 0.525391 0.394531 0.526367 0.395508 0.526367 0.396484 0.527344 0.397461 0.527344 0.398438 0.529297 0.396484 0.530273 0.396484 0.534180 0.392578 0.535156 0.392578 0.538086 0.389648 0.537109 0.388672 0.537109 0.386719 0.536133 0.385742 0.536133 0.384766 0.535156 0.383789 0.535156 0.381836 0.534180 0.380859 0.534180 0.378906 0.533203 0.377930 0.533203 0.375977 0.532227 0.375000 0.532227 0.373047 0.531250 0.372070
1 0.526367 0.400391 0.526367 0.401367 0.527344 0.402344 0.527344 0.404297 0.526367 0.405273 0.526367 0.406250 0.528320 0.408203 0.529297 0.408203 0.529297 0.407227 0.527344 0.405273 0.528320 0.404297 0.528320 0.403320 0.527344 0.402344 0.527344 0.400391
1 0.525391 0.395508 0.523438 0.395508 0.523438 0.397461 0.524414 0.398438 0.524414 0.397461 0.525391 0.396484
0 0.598633 0.317383 0.596680 0.319336 0.597656 0.320312 0.600586 0.320312 0.602539 0.322266 0.602539 0.324219 0.601562 0.325195 0.601562 0.326172 0.605469 0.326172 0.606445 0.325195 0.604492 0.323242 0.604492 0.322266 0.599609 0.317383
0 0.622070 0.314453 0.620117 0.316406 0.619141 0.316406 0.605469 0.330078 0.604492 0.330078 0.604492 0.337891 0.605469 0.338867 0.605469 0.348633 0.606445 0.349609 0.607422 0.349609 0.608398 0.350586 0.609375 0.350586 0.611328 0.352539 0.612305 0.352539 0.613281 0.353516 0.614258 0.353516 0.616211 0.355469 0.617188 0.355469 0.618164 0.356445 0.619141 0.356445 0.621094 0.358398 0.622070 0.358398 0.623047 0.359375 0.624023 0.359375 0.625000 0.360352 0.625977 0.360352 0.627930 0.358398 0.628906 0.358398 0.635742 0.351562 0.636719 0.351562 0.643555 0.344727 0.643555 0.335938 0.642578 0.334961 0.642578 0.327148 0.640625 0.325195 0.639648 0.325195 0.638672 0.324219 0.637695 0.324219 0.635742 0.322266 0.634766 0.322266 0.632812 0.320312 0.631836 0.320312 0.629883 0.318359 0.628906 0.318359 0.627930 0.317383 0.626953 0.317383 0.625000 0.315430 0.624023 0.315430 0.623047 0.314453
1 0.641602 0.347656 0.640625 0.348633 0.640625 0.349609 0.641602 0.349609 0.643555 0.351562 0.644531 0.351562 0.646484 0.353516 0.647461 0.352539 0.647461 0.351562 0.648438 0.350586 0.647461 0.351562 0.646484 0.350586 0.646484 0.349609 0.645508 0.348633 0.644531 0.348633 0.643555 0.347656
0 0.605469 0.325195 0.606445 0.326172 0.605469 0.327148 0.602539 0.327148 0.603516 0.328125 0.604492 0.328125 0.605469 0.329102 0.607422 0.327148 0.607422 0.326172 0.606445 0.326172
0 0.604492 0.298828 0.603516 0.298828 0.598633 0.303711 0.597656 0.303711 0.595703 0.305664 0.595703 0.306641 0.594727 0.307617 0.594727 0.314453 0.593750 0.315430 0.593750 0.322266 0.594727 0.322266 0.595703 0.323242 0.596680 0.323242 0.598633 0.325195 0.599609 0.325195 0.600586 0.326172 0.600586 0.325195 0.601562 0.324219 0.601562 0.322266 0.602539 0.321289 0.601562 0.320312 0.600586 0.321289 0.597656 0.321289 0.595703 0.319336 0.598633 0.316406 0.598633 0.315430 0.597656 0.314453 0.608398 0.303711 0.606445 0.301758 0.606445 0.300781
0 0.608398 0.293945 0.607422 0.294922 0.607422 0.295898 0.609375 0.297852 0.609375 0.298828 0.611328 0.300781 0.612305 0.300781 0.614258 0.298828 0.614258 0.297852 0.613281 0.297852 0.611328 0.295898 0.610352 0.295898
1 0.596680 0.324219 0.595703 0.324219 0.594727 0.325195 0.593750 0.325195 0.593750 0.327148 0.594727 0.328125 0.595703 0.327148 0.595703 0.326172 0.596680 0.325195 0.597656 0.325195
0 0.277344 0.479492 0.274414 0.479492 0.273438 0.480469 0.270508 0.480469 0.269531 0.481445 0.266602 0.481445 0.265625 0.482422 0.263672 0.482422 0.262695 0.483398 0.259766 0.483398 0.258789 0.484375 0.255859 0.484375 0.255859 0.486328 0.254883 0.487305 0.254883 0.490234 0.253906 0.491211 0.253906 0.493164 0.252930 0.494141 0.252930 0.497070 0.253906 0.498047 0.253906 0.499023 0.254883 0.500000 0.254883 0.501953 0.255859 0.502930 0.255859 0.503906 0.256836 0.504883 0.256836 0.505859 0.257812 0.506836 0.257812 0.507812 0.258789 0.508789 0.258789 0.509766 0.259766 0.510742 0.259766 0.511719 0.260742 0.512695 0.260742 0.513672 0.261719 0.514648 0.262695 0.514648 0.263672 0.513672 0.266602 0.513672 0.267578 0.512695 0.270508 0.512695 0.271484 0.511719 0.274414 0.511719 0.275391 0.510742 0.277344 0.510742 0.278320 0.509766 0.281250 0.509766 0.282227 0.508789 0.283203 0.508789 0.283203 0.505859 0.284180 0.504883 0.284180 0.500977 0.285156 0.500000 0.285156 0.496094 0.284180 0.495117 0.284180 0.494141 0.283203 0.493164 0.283203 0.491211 0.282227 0.490234 0.282227 0.489258 0.281250 0.488281 0.281250 0.487305 0.280273 0.486328 0.280273 0.485352 0.279297 0.484375 0.279297 0.483398 0.278320 0.482422 0.278320 0.480469
1 0.253906 0.500000 0.251953 0.500000 0.250977 0.500977 0.248047 0.500977 0.247070 0.501953 0.244141 0.501953 0.244141 0.504883 0.245117 0.503906 0.248047 0.503906 0.249023 0.502930 0.251953 0.502930 0.252930 0.501953 0.253906 0.501953
