0 0.314453 0.751953 0.314453 0.754883 0.313477 0.755859 0.313477 0.761719 0.312500 0.762695 0.312500 0.767578 0.311523 0.768555 0.311523 0.774414 0.310547 0.775391 0.310547 0.776367 0.311523 0.777344 0.311523 0.786133 0.312500 0.787109 0.312500 0.794922 0.313477 0.795898 0.342773 0.795898 0.342773 0.794922 0.343750 0.793945 0.343750 0.789062 0.344727 0.788086 0.344727 0.784180 0.345703 0.783203 0.345703 0.778320 0.346680 0.777344 0.346680 0.772461 0.347656 0.771484 0.346680 0.770508 0.346680 0.765625 0.345703 0.764648 0.345703 0.759766 0.344727 0.758789 0.344727 0.752930 0.343750 0.751953
1 0.347656 0.775391 0.352539 0.775391 0.353516 0.774414 0.363281 0.774414 0.364258 0.773438 0.364258 0.772461 0.363281 0.771484 0.348633 0.771484 0.347656 0.772461
0 0.589844 0.475586 0.585938 0.475586 0.584961 0.476562 0.582031 0.476562 0.581055 0.477539 0.578125 0.477539 0.577148 0.478516 0.574219 0.478516 0.573242 0.479492 0.569336 0.479492 0.568359 0.480469 0.565430 0.480469 0.565430 0.486328 0.566406 0.487305 0.566406 0.493164 0.567383 0.494141 0.567383 0.499023 0.568359 0.500000 0.568359 0.504883 0.574219 0.510742 0.574219 0.511719 0.575195 0.512695 0.579102 0.512695 0.580078 0.511719 0.583008 0.511719 0.583984 0.510742 0.586914 0.510742 0.587891 0.509766 0.590820 0.509766 0.591797 0.508789 0.594727 0.508789 0.595703 0.507812 0.599609 0.507812 0.600586 0.506836 0.600586 0.502930 0.599609 0.501953 0.599609 0.495117 0.598633 0.494141 0.598633 0.488281 0.597656 0.487305 0.597656 0.482422 0.595703 0.480469 0.594727 0.480469
1 0.583984 0.511719 0.583984 0.512695 0.584961 0.513672 0.584961 0.519531 0.585938 0.520508 0.585938 0.522461 0.587891 0.522461 0.587891 0.518555 0.586914 0.517578 0.586914 0.511719
0 0.475586 0.381836 0.474609 0.381836 0.473633 0.382812 0.470703 0.382812 0.469727 0.383789 0.465820 0.383789 0.464844 0.384766 0.461914 0.384766 0.460938 0.385742 0.458008 0.385742 0.457031 0.386719 0.454102 0.386719 0.453125 0.387695 0.450195 0.387695 0.449219 0.388672 0.446289 0.388672 0.445312 0.389648 0.445312 0.395508 0.444336 0.396484 0.444336 0.414062 0.445312 0.415039 0.445312 0.416016 0.446289 0.416992 0.446289 0.417969 0.448242 0.419922 0.448242 0.420898 0.449219 0.421875 0.449219 0.422852 0.450195 0.423828 0.450195 0.424805 0.451172 0.425781 0.451172 0.426758 0.453125 0.428711 0.453125 0.429688 0.454102 0.430664 0.454102 0.431641 0.455078 0.432617 0.455078 0.433594 0.456055 0.434570 0.457031 0.434570 0.458008 0.433594 0.460938 0.433594 0.461914 0.432617 0.465820 0.432617 0.466797 0.431641 0.469727 0.431641 0.470703 0.430664 0.473633 0.430664 0.474609 0.429688 0.478516 0.429688 0.479492 0.428711 0.482422 0.428711 0.483398 0.427734 0.486328 0.427734 0.486328 0.402344 0.485352 0.401367 0.485352 0.400391 0.484375 0.399414 0.484375 0.398438 0.483398 0.397461 0.483398 0.396484 0.482422 0.395508 0.482422 0.394531 0.481445 0.393555 0.481445 0.392578 0.480469 0.391602 0.480469 0.390625 0.479492 0.389648 0.479492 0.388672 0.478516 0.387695 0.478516 0.386719 0.477539 0.385742 0.477539 0.384766 0.476562 0.383789 0.476562 0.382812
1 0.444336 0.415039 0.443359 0.414062 0.443359 0.412109 0.439453 0.412109 0.438477 0.413086 0.435547 0.413086 0.434570 0.414062 0.431641 0.414062 0.430664 0.415039 0.429688 0.415039 0.429688 0.417969 0.430664 0.418945 0.431641 0.417969 0.434570 0.417969 0.435547 0.416992 0.438477 0.416992 0.439453 0.416016 0.442383 0.416016 0.443359 0.415039
0 0.368164 0.425781 0.364258 0.425781 0.363281 0.426758 0.362305 0.426758 0.361328 0.427734 0.359375 0.427734 0.358398 0.428711 0.357422 0.428711 0.356445 0.429688 0.355469 0.429688 0.354492 0.430664 0.352539 0.430664 0.351562 0.431641 0.350586 0.431641 0.349609 0.432617 0.348633 0.432617 0.347656 0.433594 0.345703 0.433594 0.345703 0.454102 0.359375 0.467773 0.360352 0.467773 0.361328 0.466797 0.363281 0.466797 0.364258 0.465820 0.365234 0.465820 0.366211 0.464844 0.367188 0.464844 0.368164 0.463867 0.369141 0.463867 0.370117 0.462891 0.372070 0.462891 0.373047 0.461914 0.374023 0.461914 0.375000 0.460938 0.375977 0.460938 0.376953 0.459961 0.377930 0.459961 0.378906 0.458984 0.380859 0.458984 0.380859 0.453125 0.381836 0.452148 0.381836 0.439453
1 0.687500 0.646484 0.688477 0.646484 0.689453 0.647461 0.690430 0.647461 0.691406 0.648438 0.688477 0.645508
1 0.388672 0.434570 0.386719 0.434570 0.385742 0.435547 0.383789 0.435547 0.382812 0.436523 0.381836 0.436523 0.380859 0.437500 0.382812 0.439453 0.383789 0.439453 0.384766 0.438477 0.385742 0.438477 0.386719 0.437500 0.387695 0.437500 0.388672 0.436523
0 0.676758 0.616211 0.672852 0.620117 0.671875 0.620117 0.665039 0.626953 0.664062 0.626953 0.664062 0.627930 0.663086 0.628906 0.663086 0.629883 0.662109 0.630859 0.662109 0.631836 0.661133 0.632812 0.661133 0.633789 0.660156 0.634766 0.660156 0.635742 0.659180 0.636719 0.659180 0.637695 0.657227 0.639648 0.657227 0.640625 0.656250 0.641602 0.656250 0.642578 0.655273 0.643555 0.655273 0.645508 0.656250 0.646484 0.657227 0.646484 0.660156 0.649414 0.661133 0.649414 0.664062 0.652344 0.665039 0.652344 0.667969 0.655273 0.668945 0.655273 0.671875 0.658203 0.672852 0.658203 0.675781 0.661133 0.686523 0.650391 0.687500 0.650391 0.687500 0.649414 0.685547 0.647461 0.688477 0.644531 0.689453 0.645508 0.690430 0.645508 0.691406 0.644531 0.691406 0.643555 0.692383 0.642578 0.692383 0.641602 0.693359 0.640625 0.693359 0.639648 0.694336 0.638672 0.694336 0.637695 0.695312 0.636719 0.695312 0.634766 0.698242 0.631836 0.697266 0.630859 0.696289 0.630859 0.693359 0.627930 0.692383 0.627930 0.689453 0.625000 0.688477 0.625000 0.686523 0.623047 0.685547 0.623047 0.682617 0.620117 0.681641 0.620117 0.678711 0.617188 0.677734 0.617188
1 0.686523 0.647461 0.689453 0.650391 0.690430 0.650391 0.693359 0.653320 0.694336 0.653320 0.697266 0.656250 0.698242 0.656250 0.700195 0.658203 0.701172 0.658203 0.702148 0.657227 0.702148 0.656250 0.699219 0.653320 0.698242 0.653320 0.697266 0.652344 0.696289 0.652344 0.695312 0.651367 0.695312 0.650391 0.694336 0.650391 0.691406 0.647461 0.690430 0.648438 0.689453 0.648438 0.688477 0.647461
