0 0.345703 0.467773 0.342773 0.470703 0.342773 0.471680 0.339844 0.474609 0.339844 0.478516 0.338867 0.479492 0.338867 0.485352 0.337891 0.486328 0.337891 0.493164 0.340820 0.493164 0.341797 0.494141 0.344727 0.494141 0.345703 0.495117 0.347656 0.495117 0.347656 0.492188 0.349609 0.490234 0.350586 0.490234 0.351562 0.491211 0.351562 0.495117 0.350586 0.496094 0.353516 0.496094 0.354492 0.497070 0.356445 0.497070 0.358398 0.495117 0.358398 0.494141 0.362305 0.490234 0.362305 0.486328 0.363281 0.485352 0.363281 0.478516 0.364258 0.477539 0.364258 0.472656 0.363281 0.471680 0.361328 0.471680 0.360352 0.470703 0.357422 0.470703 0.356445 0.469727 0.353516 0.469727 0.352539 0.468750 0.349609 0.468750 0.348633 0.467773
1 0.350586 0.491211 0.349609 0.491211 0.348633 0.492188 0.348633 0.498047 0.347656 0.499023 0.347656 0.502930 0.348633 0.503906 0.349609 0.502930 0.349609 0.496094 0.350586 0.495117
0 0.510742 0.601562 0.508789 0.603516 0.508789 0.604492 0.498047 0.615234 0.498047 0.619141 0.499023 0.620117 0.499023 0.627930 0.500000 0.628906 0.500000 0.635742 0.501953 0.635742 0.502930 0.636719 0.505859 0.636719 0.506836 0.637695 0.508789 0.637695 0.509766 0.638672 0.511719 0.638672 0.512695 0.639648 0.514648 0.639648 0.515625 0.640625 0.517578 0.640625 0.518555 0.641602 0.521484 0.641602 0.535156 0.627930 0.535156 0.625977 0.534180 0.625000 0.534180 0.620117 0.533203 0.619141 0.533203 0.613281 0.532227 0.612305 0.532227 0.608398 0.531250 0.608398 0.530273 0.607422 0.528320 0.607422 0.527344 0.606445 0.525391 0.606445 0.524414 0.605469 0.522461 0.605469 0.521484 0.604492 0.519531 0.604492 0.518555 0.603516 0.516602 0.603516 0.515625 0.602539 0.513672 0.602539 0.512695 0.601562
1 0.500000 0.636719 0.500000 0.638672 0.501953 0.638672 0.502930 0.637695 0.501953 0.636719
0 0.472656 0.398438 0.471680 0.399414 0.471680 0.400391 0.470703 0.401367 0.470703 0.402344 0.469727 0.403320 0.469727 0.404297 0.467773 0.406250 0.467773 0.432617 0.472656 0.432617 0.473633 0.433594 0.484375 0.433594 0.485352 0.434570 0.493164 0.434570 0.494141 0.433594 0.494141 0.431641 0.495117 0.430664 0.495117 0.429688 0.496094 0.428711 0.496094 0.427734 0.497070 0.426758 0.497070 0.421875 0.498047 0.420898 0.498047 0.400391 0.490234 0.400391 0.489258 0.399414 0.478516 0.399414 0.477539 0.398438
0 0.590820 0.451172 0.588867 0.451172 0.587891 0.452148 0.585938 0.452148 0.584961 0.453125 0.583984 0.453125 0.583008 0.454102 0.581055 0.454102 0.580078 0.455078 0.579102 0.455078 0.578125 0.456055 0.576172 0.456055 0.575195 0.457031 0.574219 0.457031 0.573242 0.458008 0.572266 0.458008 0.572266 0.458984 0.571289 0.459961 0.571289 0.461914 0.570312 0.462891 0.570312 0.465820 0.569336 0.466797 0.569336 0.468750 0.568359 0.469727 0.568359 0.471680 0.570312 0.473633 0.570312 0.474609 0.573242 0.477539 0.573242 0.478516 0.575195 0.480469 0.575195 0.481445 0.578125 0.484375 0.578125 0.485352 0.580078 0.487305 0.581055 0.486328 0.582031 0.486328 0.583008 0.485352 0.584961 0.485352 0.585938 0.484375 0.586914 0.484375 0.587891 0.483398 0.588867 0.483398 0.589844 0.482422 0.591797 0.482422 0.591797 0.481445 0.590820 0.480469 0.590820 0.479492 0.589844 0.478516 0.589844 0.476562 0.590820 0.475586 0.591797 0.475586 0.595703 0.479492 0.595703 0.480469 0.596680 0.480469 0.597656 0.479492 0.597656 0.478516 0.598633 0.477539 0.598633 0.475586 0.599609 0.474609 0.599609 0.472656 0.600586 0.471680 0.600586 0.469727 0.601562 0.468750 0.601562 0.465820 0.600586 0.464844 0.600586 0.463867 0.597656 0.460938 0.597656 0.459961 0.593750 0.456055 0.593750 0.455078 0.590820 0.452148
1 0.388672 0.742188 0.387695 0.741211 0.386719 0.742188 0.385742 0.742188 0.383789 0.744141 0.382812 0.744141 0.381836 0.745117 0.382812 0.746094 0.382812 0.747070 0.381836 0.748047 0.383789 0.746094 0.384766 0.746094 0.384766 0.745117 0.385742 0.744141 0.386719 0.744141
1 0.590820 0.476562 0.590820 0.478516 0.591797 0.479492 0.591797 0.480469 0.594727 0.483398 0.594727 0.484375 0.597656 0.487305 0.597656 0.488281 0.599609 0.488281 0.599609 0.486328 0.597656 0.484375 0.597656 0.483398 0.594727 0.480469 0.594727 0.479492 0.591797 0.476562
0 0.404297 0.714844 0.402344 0.716797 0.401367 0.716797 0.400391 0.717773 0.399414 0.717773 0.397461 0.719727 0.396484 0.719727 0.394531 0.721680 0.393555 0.721680 0.392578 0.722656 0.391602 0.722656 0.389648 0.724609 0.388672 0.724609 0.386719 0.726562 0.385742 0.726562 0.382812 0.729492 0.382812 0.732422 0.381836 0.733398 0.381836 0.734375 0.383789 0.736328 0.383789 0.737305 0.384766 0.738281 0.384766 0.739258 0.386719 0.741211 0.387695 0.740234 0.388672 0.740234 0.389648 0.741211 0.389648 0.743164 0.388672 0.744141 0.388672 0.745117 0.389648 0.746094 0.389648 0.747070 0.391602 0.749023 0.391602 0.750000 0.393555 0.751953 0.393555 0.752930 0.394531 0.753906 0.394531 0.754883 0.395508 0.754883 0.397461 0.752930 0.398438 0.752930 0.400391 0.750977 0.401367 0.750977 0.403320 0.749023 0.404297 0.749023 0.406250 0.747070 0.407227 0.747070 0.409180 0.745117 0.410156 0.745117 0.412109 0.743164 0.413086 0.743164 0.414062 0.742188 0.415039 0.742188 0.416016 0.741211 0.416016 0.739258 0.416992 0.738281 0.416992 0.737305 0.417969 0.736328 0.417969 0.735352 0.416016 0.733398 0.416016 0.732422 0.415039 0.731445 0.415039 0.730469 0.413086 0.728516 0.413086 0.727539 0.411133 0.725586 0.411133 0.724609 0.409180 0.722656 0.409180 0.721680 0.407227 0.719727 0.407227 0.718750 0.406250 0.717773 0.406250 0.716797
1 0.381836 0.746094 0.379883 0.746094 0.377930 0.748047 0.376953 0.748047 0.375977 0.749023 0.375000 0.749023 0.374023 0.750000 0.375000 0.750977 0.375000 0.751953 0.375977 0.750977 0.376953 0.750977 0.377930 0.750000 0.378906 0.750000 0.381836 0.747070
