0 0.684404 0.704587 0.677064 0.711927 0.675229 0.711927 0.664220 0.722936 0.662385 0.722936 0.653211 0.732110 0.653211 0.733945 0.660550 0.741284 0.660550 0.743119 0.666055 0.748624 0.666055 0.750459 0.673394 0.757798 0.673394 0.759633 0.686239 0.772477 0.688073 0.772477 0.691743 0.776147 0.693578 0.776147 0.704587 0.765138 0.706422 0.765138 0.715596 0.755963 0.717431 0.755963 0.724771 0.748624 0.721101 0.744954 0.721101 0.743119 0.715596 0.737615 0.715596 0.735780 0.710092 0.730275 0.710092 0.728440 0.704587 0.722936 0.704587 0.721101 0.697248 0.713761 0.695413 0.713761 0.686239 0.704587
1 0.728440 0.708257 0.726606 0.706422 0.724771 0.706422 0.717431 0.713761 0.715596 0.713761 0.706422 0.722936 0.708257 0.724771 0.710092 0.724771 0.711927 0.722936 0.713761 0.722936 0.724771 0.711927 0.726606 0.711927 0.728440 0.710092
0 0.678899 0.979817 0.678899 0.987156 0.677064 0.988991 0.677064 0.996330 0.675229 0.998165 0.715596 0.998165 0.715596 0.987156 0.708257 0.987156 0.706422 0.985321 0.699083 0.985321 0.697248 0.983486 0.689908 0.983486 0.688073 0.981651 0.680734 0.981651
0 0.653211 0.711927 0.651376 0.713761 0.651376 0.717431 0.649541 0.719266 0.649541 0.722936 0.647706 0.724771 0.647706 0.728440 0.645872 0.730275 0.645872 0.733945 0.644037 0.735780 0.644037 0.737615 0.642202 0.739450 0.642202 0.743119 0.640367 0.744954 0.640367 0.746789 0.642202 0.746789 0.645872 0.750459 0.647706 0.750459 0.651376 0.754128 0.653211 0.754128 0.655046 0.755963 0.656881 0.755963 0.660550 0.759633 0.667890 0.759633 0.669725 0.761468 0.673394 0.761468 0.671560 0.759633 0.671560 0.757798 0.664220 0.750459 0.664220 0.748624 0.658716 0.743119 0.658716 0.741284 0.651376 0.733945 0.651376 0.732110 0.662385 0.721101 0.664220 0.721101 0.669725 0.715596 0.667890 0.713761 0.660550 0.713761 0.658716 0.711927
1 0.636697 0.730275 0.636697 0.732110 0.638532 0.733945 0.644037 0.733945 0.644037 0.732110 0.642202 0.732110 0.640367 0.730275
0 0.592661 0.464220 0.590826 0.464220 0.588991 0.466055 0.583486 0.466055 0.581651 0.467890 0.576147 0.467890 0.574312 0.469725 0.568807 0.469725 0.566972 0.471560 0.559633 0.471560 0.557798 0.473394 0.555963 0.473394 0.546789 0.482569 0.544954 0.482569 0.541284 0.486239 0.541284 0.488073 0.543119 0.489908 0.543119 0.493578 0.544954 0.495413 0.544954 0.499083 0.546789 0.500917 0.546789 0.504587 0.548624 0.506422 0.548624 0.508257 0.550459 0.510092 0.550459 0.513761 0.552294 0.515596 0.552294 0.519266 0.554128 0.521101 0.554128 0.524771 0.555963 0.524771 0.557798 0.522936 0.565138 0.522936 0.566972 0.521101 0.572477 0.521101 0.574312 0.519266 0.581651 0.519266 0.583486 0.517431 0.588991 0.517431 0.594495 0.511927 0.596330 0.511927 0.605505 0.502752 0.605505 0.499083 0.603670 0.497248 0.603670 0.495413 0.601835 0.493578 0.601835 0.489908 0.600000 0.488073 0.600000 0.484404 0.598165 0.482569 0.598165 0.478899 0.596330 0.477064 0.596330 0.473394 0.594495 0.471560 0.594495 0.467890 0.592661 0.466055
0 0.477064 0.844037 0.475229 0.845872 0.469725 0.845872 0.467890 0.847706 0.462385 0.847706 0.460550 0.849541 0.456881 0.849541 0.455046 0.851376 0.449541 0.851376 0.447706 0.853211 0.444037 0.853211 0.442202 0.855046 0.436697 0.855046 0.434862 0.856881 0.431193 0.856881 0.429358 0.858716 0.429358 0.864220 0.431193 0.866055 0.431193 0.873394 0.433028 0.875229 0.433028 0.884404 0.434862 0.886239 0.434862 0.893578 0.436697 0.895413 0.436697 0.902752 0.438532 0.904587 0.438532 0.906422 0.442202 0.910092 0.444037 0.910092 0.445872 0.911927 0.447706 0.911927 0.451376 0.915596 0.455046 0.915596 0.456881 0.913761 0.462385 0.913761 0.464220 0.911927 0.469725 0.911927 0.471560 0.910092 0.475229 0.910092 0.477064 0.908257 0.482569 0.908257 0.484404 0.906422 0.489908 0.906422 0.491743 0.904587 0.495413 0.904587 0.497248 0.902752 0.500917 0.902752 0.500917 0.900917 0.499083 0.899083 0.499083 0.893578 0.497248 0.891743 0.497248 0.884404 0.495413 0.882569 0.495413 0.875229 0.493578 0.873394 0.493578 0.866055 0.491743 0.864220 0.491743 0.858716 0.489908 0.856881 0.489908 0.855046 0.484404 0.849541 0.482569 0.849541
1 0.488073 0.330275 0.488073 0.332110 0.491743 0.335780 0.491743 0.337615 0.502752 0.348624 0.504587 0.346789 0.499083 0.341284 0.497248 0.343119 0.493578 0.339450 0.493578 0.333945 0.489908 0.330275
0 0.478899 0.277064 0.475229 0.277064 0.473394 0.278899 0.471560 0.278899 0.467890 0.282569 0.466055 0.282569 0.462385 0.286239 0.460550 0.286239 0.436697 0.310092 0.436697 0.313761 0.449541 0.326606 0.449541 0.328440 0.462385 0.341284 0.462385 0.343119 0.464220 0.343119 0.466055 0.341284 0.467890 0.341284 0.469725 0.339450 0.471560 0.339450 0.473394 0.337615 0.475229 0.337615 0.504587 0.308257 0.500917 0.304587 0.500917 0.302752 0.489908 0.291743 0.489908 0.289908 0.478899 0.278899
1 0.552294 0.856881 0.552294 0.860550 0.554128 0.862385 0.554128 0.856881
1 0.495413 0.335780 0.495413 0.339450 0.493578 0.341284 0.500917 0.348624 0.497248 0.344954 0.499083 0.343119 0.497248 0.341284 0.499083 0.339450
1 0.488073 0.326606 0.484404 0.330275 0.489908 0.335780 0.486239 0.332110 0.486239 0.330275 0.488073 0.328440
0 0.548624 0.811009 0.546789 0.812844 0.544954 0.812844 0.543119 0.814679 0.541284 0.814679 0.537615 0.818349 0.535780 0.818349 0.533945 0.820183 0.532110 0.820183 0.528440 0.823853 0.526606 0.823853 0.522936 0.827523 0.521101 0.827523 0.519266 0.829358 0.521101 0.831193 0.521101 0.834862 0.522936 0.836697 0.522936 0.842202 0.524771 0.844037 0.524771 0.847706 0.526606 0.849541 0.526606 0.853211 0.528440 0.855046 0.528440 0.858716 0.530275 0.858716 0.532110 0.860550 0.533945 0.860550 0.537615 0.864220 0.539450 0.864220 0.541284 0.866055 0.543119 0.866055 0.544954 0.867890 0.546789 0.867890 0.548624 0.869725 0.550459 0.867890 0.552294 0.867890 0.552294 0.862385 0.550459 0.860550 0.550459 0.856881 0.554128 0.853211 0.557798 0.856881 0.557798 0.860550 0.559633 0.862385 0.561468 0.862385 0.565138 0.858716 0.566972 0.858716 0.568807 0.856881 0.570642 0.856881 0.574312 0.853211 0.576147 0.853211 0.577982 0.851376 0.576147 0.849541 0.576147 0.845872 0.574312 0.844037 0.574312 0.840367 0.572477 0.838532 0.572477 0.834862 0.570642 0.833028 0.570642 0.829358 0.568807 0.827523 0.568807 0.823853 0.565138 0.820183 0.563303 0.820183 0.561468 0.818349 0.559633 0.818349 0.557798 0.816514 0.555963 0.816514 0.552294 0.812844 0.550459 0.812844
1 0.554128 0.855046 0.555963 0.856881 0.555963 0.862385 0.554128 0.864220 0.554128 0.866055 0.555963 0.867890 0.555963 0.871560 0.557798 0.873394 0.557798 0.877064 0.559633 0.877064 0.561468 0.875229 0.561468 0.873394 0.559633 0.871560 0.559633 0.867890 0.557798 0.866055 0.557798 0.862385 0.555963 0.860550 0.555963 0.856881
0 0.218349 0.647706 0.212844 0.653211 0.211009 0.653211 0.200000 0.664220 0.198165 0.664220 0.188991 0.673394 0.187156 0.673394 0.188991 0.675229 0.188991 0.677064 0.194495 0.682569 0.194495 0.684404 0.198165 0.688073 0.198165 0.689908 0.203670 0.695413 0.203670 0.697248 0.207339 0.700917 0.207339 0.702752 0.212844 0.708257 0.233028 0.708257 0.242202 0.699083 0.244037 0.699083 0.258716 0.684404 0.260550 0.684404 0.262385 0.682569 0.260550 0.680734 0.260550 0.678899 0.256881 0.675229 0.256881 0.673394 0.253211 0.669725 0.253211 0.667890 0.247706 0.662385 0.247706 0.660550 0.244037 0.656881 0.244037 0.655046 0.240367 0.651376 0.240367 0.649541 0.238532 0.647706
0 0.600000 0.396330 0.598165 0.398165 0.596330 0.398165 0.594495 0.396330 0.596330 0.398165 0.592661 0.401835 0.594495 0.401835
1 0.242202 0.700917 0.242202 0.702752 0.240367 0.704587 0.245872 0.710092 0.245872 0.711927 0.249541 0.715596 0.249541 0.717431 0.251376 0.719266 0.255046 0.715596 0.249541 0.710092 0.249541 0.708257 0.245872 0.704587 0.245872 0.702752 0.244037 0.700917
0 0.607339 0.337615 0.601835 0.343119 0.600000 0.343119 0.596330 0.346789 0.594495 0.346789 0.590826 0.350459 0.588991 0.350459 0.583486 0.355963 0.581651 0.355963 0.577982 0.359633 0.576147 0.359633 0.572477 0.363303 0.572477 0.365138 0.570642 0.366972 0.570642 0.368807 0.574312 0.372477 0.574312 0.374312 0.577982 0.377982 0.577982 0.379817 0.581651 0.383486 0.581651 0.385321 0.588991 0.392661 0.588991 0.396330 0.592661 0.400000 0.596330 0.396330 0.598165 0.396330 0.600000 0.394495 0.601835 0.396330 0.605505 0.392661 0.607339 0.392661 0.612844 0.387156 0.614679 0.387156 0.618349 0.383486 0.620183 0.383486 0.623853 0.379817 0.625688 0.379817 0.631193 0.374312 0.631193 0.372477 0.627523 0.368807 0.627523 0.366972 0.623853 0.363303 0.623853 0.361468 0.620183 0.357798 0.620183 0.355963 0.616514 0.352294 0.616514 0.350459 0.612844 0.346789 0.612844 0.344954 0.609174 0.341284 0.609174 0.339450
1 0.605505 0.361468 0.603670 0.363303 0.601835 0.363303 0.601835 0.365138 0.600000 0.366972 0.601835 0.368807 0.603670 0.368807 0.607339 0.365138 0.605505 0.363303
