0 0.654297 0.364258 0.650391 0.364258 0.649414 0.365234 0.635742 0.365234 0.634766 0.366211 0.624023 0.366211 0.624023 0.367188 0.623047 0.368164 0.623047 0.391602 0.624023 0.392578 0.624023 0.405273 0.625000 0.406250 0.625000 0.408203 0.625977 0.408203 0.626953 0.407227 0.643555 0.407227 0.644531 0.406250 0.656250 0.406250 0.656250 0.387695 0.655273 0.386719 0.655273 0.367188 0.654297 0.366211
0 0.767578 0.342773 0.756836 0.353516 0.756836 0.354492 0.752930 0.358398 0.752930 0.359375 0.749023 0.363281 0.749023 0.364258 0.745117 0.368164 0.745117 0.369141 0.741211 0.373047 0.741211 0.374023 0.740234 0.375000 0.740234 0.375977 0.742188 0.377930 0.743164 0.377930 0.747070 0.381836 0.748047 0.381836 0.750977 0.384766 0.751953 0.384766 0.755859 0.388672 0.756836 0.388672 0.759766 0.391602 0.760742 0.391602 0.764648 0.395508 0.771484 0.388672 0.771484 0.387695 0.777344 0.381836 0.777344 0.380859 0.782227 0.375977 0.782227 0.375000 0.788086 0.369141 0.788086 0.368164 0.792969 0.363281 0.792969 0.362305 0.791016 0.360352 0.790039 0.360352 0.786133 0.356445 0.785156 0.356445 0.782227 0.353516 0.781250 0.353516 0.778320 0.350586 0.777344 0.350586 0.774414 0.347656 0.773438 0.347656 0.770508 0.344727 0.769531 0.344727
0 0.327148 0.504883 0.326172 0.505859 0.326172 0.506836 0.325195 0.507812 0.325195 0.510742 0.324219 0.511719 0.324219 0.514648 0.323242 0.515625 0.323242 0.517578 0.322266 0.518555 0.322266 0.521484 0.321289 0.522461 0.321289 0.524414 0.320312 0.525391 0.320312 0.528320 0.319336 0.529297 0.319336 0.531250 0.318359 0.532227 0.316406 0.532227 0.315430 0.531250 0.311523 0.531250 0.310547 0.530273 0.309570 0.530273 0.310547 0.531250 0.310547 0.534180 0.311523 0.535156 0.311523 0.538086 0.312500 0.539062 0.312500 0.541992 0.313477 0.542969 0.314453 0.542969 0.315430 0.543945 0.316406 0.543945 0.317383 0.544922 0.318359 0.544922 0.319336 0.545898 0.320312 0.545898 0.321289 0.546875 0.322266 0.546875 0.324219 0.548828 0.325195 0.548828 0.326172 0.549805 0.327148 0.549805 0.328125 0.550781 0.329102 0.550781 0.330078 0.551758 0.331055 0.551758 0.332031 0.552734 0.333008 0.552734 0.333984 0.553711 0.335938 0.553711 0.348633 0.541016 0.347656 0.541016 0.346680 0.540039 0.345703 0.540039 0.344727 0.539062 0.343750 0.539062 0.341797 0.537109 0.341797 0.535156 0.343750 0.533203 0.344727 0.534180 0.345703 0.534180 0.346680 0.535156 0.347656 0.535156 0.348633 0.536133 0.349609 0.536133 0.350586 0.537109 0.352539 0.537109 0.353516 0.536133 0.353516 0.532227 0.352539 0.531250 0.352539 0.527344 0.351562 0.526367 0.351562 0.521484 0.350586 0.520508 0.350586 0.516602 0.349609 0.516602 0.348633 0.515625 0.347656 0.515625 0.346680 0.514648 0.345703 0.514648 0.344727 0.513672 0.343750 0.513672 0.342773 0.512695 0.341797 0.512695 0.340820 0.511719 0.339844 0.511719 0.338867 0.510742 0.337891 0.510742 0.336914 0.509766 0.335938 0.509766 0.333984 0.507812 0.333008 0.507812 0.332031 0.506836 0.331055 0.506836 0.330078 0.505859 0.329102 0.505859 0.328125 0.504883
1 0.342773 0.535156 0.342773 0.537109 0.343750 0.538086 0.344727 0.538086 0.345703 0.539062 0.346680 0.539062 0.347656 0.540039 0.348633 0.540039 0.350586 0.541992 0.351562 0.541992 0.352539 0.542969 0.353516 0.542969 0.354492 0.543945 0.355469 0.543945 0.356445 0.544922 0.358398 0.544922 0.359375 0.543945 0.359375 0.541992 0.358398 0.541992 0.357422 0.541016 0.356445 0.541016 0.355469 0.540039 0.354492 0.540039 0.353516 0.539062 0.352539 0.539062 0.351562 0.538086 0.350586 0.538086 0.349609 0.537109 0.348633 0.537109 0.347656 0.536133 0.346680 0.536133 0.345703 0.535156 0.344727 0.535156 0.343750 0.534180
0 0.441406 0.612305 0.442383 0.613281 0.443359 0.612305 0.442383 0.613281
0 0.445312 0.547852 0.440430 0.547852 0.439453 0.548828 0.435547 0.548828 0.434570 0.549805 0.430664 0.549805 0.429688 0.550781 0.425781 0.550781 0.424805 0.551758 0.420898 0.551758 0.420898 0.552734 0.419922 0.553711 0.419922 0.557617 0.418945 0.558594 0.418945 0.561523 0.417969 0.562500 0.417969 0.565430 0.416992 0.566406 0.416992 0.569336 0.416016 0.570312 0.416016 0.573242 0.415039 0.574219 0.415039 0.578125 0.416016 0.579102 0.416992 0.579102 0.421875 0.583984 0.420898 0.584961 0.419922 0.584961 0.420898 0.585938 0.420898 0.586914 0.419922 0.587891 0.419922 0.590820 0.418945 0.591797 0.418945 0.594727 0.417969 0.595703 0.417969 0.598633 0.416992 0.599609 0.416992 0.603516 0.416016 0.604492 0.416016 0.607422 0.418945 0.607422 0.419922 0.608398 0.423828 0.608398 0.424805 0.609375 0.427734 0.609375 0.428711 0.610352 0.432617 0.610352 0.433594 0.611328 0.436523 0.611328 0.437500 0.612305 0.439453 0.612305 0.439453 0.610352 0.440430 0.609375 0.441406 0.610352 0.442383 0.609375 0.444336 0.609375 0.444336 0.605469 0.445312 0.604492 0.445312 0.601562 0.446289 0.600586 0.446289 0.597656 0.447266 0.596680 0.447266 0.592773 0.448242 0.591797 0.448242 0.589844 0.449219 0.588867 0.451172 0.588867 0.452148 0.587891 0.455078 0.587891 0.455078 0.586914 0.456055 0.585938 0.456055 0.583008 0.457031 0.582031 0.457031 0.578125 0.458008 0.577148 0.458008 0.573242 0.458984 0.572266 0.458984 0.568359 0.459961 0.567383 0.459961 0.563477 0.460938 0.562500 0.456055 0.557617 0.455078 0.557617
1 0.427734 0.610352 0.426758 0.610352 0.426758 0.616211 0.425781 0.617188 0.425781 0.618164 0.424805 0.619141 0.424805 0.622070 0.423828 0.623047 0.423828 0.625977 0.422852 0.626953 0.422852 0.627930 0.424805 0.627930 0.424805 0.625977 0.425781 0.625000 0.425781 0.623047 0.426758 0.622070 0.426758 0.619141 0.427734 0.618164 0.427734 0.616211 0.426758 0.615234 0.428711 0.613281 0.428711 0.611328
1 0.415039 0.572266 0.414062 0.572266 0.413086 0.573242 0.410156 0.573242 0.409180 0.574219 0.409180 0.575195 0.410156 0.576172 0.414062 0.576172 0.414062 0.574219 0.415039 0.573242
1 0.425781 0.613281 0.425781 0.616211 0.424805 0.617188 0.424805 0.618164 0.424805 0.617188 0.425781 0.616211
1 0.403320 0.510742 0.403320 0.511719 0.404297 0.511719
1 0.403320 0.505859 0.404297 0.506836 0.404297 0.505859
0 0.399414 0.503906 0.397461 0.505859 0.397461 0.506836 0.395508 0.508789 0.395508 0.509766 0.392578 0.512695 0.392578 0.513672 0.390625 0.515625 0.390625 0.519531 0.391602 0.520508 0.391602 0.526367 0.392578 0.527344 0.392578 0.531250 0.393555 0.532227 0.397461 0.532227 0.398438 0.533203 0.401367 0.533203 0.401367 0.532227 0.402344 0.531250 0.404297 0.531250 0.405273 0.532227 0.404297 0.533203 0.406250 0.535156 0.409180 0.535156 0.409180 0.534180 0.411133 0.532227 0.412109 0.532227 0.413086 0.533203 0.412109 0.534180 0.413086 0.533203 0.413086 0.532227 0.415039 0.530273 0.415039 0.529297 0.416992 0.527344 0.416992 0.526367 0.418945 0.524414 0.418945 0.515625 0.417969 0.514648 0.417969 0.507812 0.416016 0.507812 0.415039 0.506836 0.411133 0.506836 0.410156 0.505859 0.406250 0.505859 0.405273 0.504883 0.405273 0.507812 0.406250 0.508789 0.406250 0.511719 0.405273 0.512695 0.403320 0.512695 0.402344 0.511719 0.402344 0.508789 0.401367 0.507812 0.401367 0.503906
1 0.298828 0.504883 0.297852 0.505859 0.298828 0.506836 0.299805 0.505859
1 0.402344 0.500000 0.402344 0.500977 0.403320 0.501953 0.402344 0.502930 0.402344 0.507812 0.403320 0.508789 0.403320 0.509766 0.405273 0.511719 0.405273 0.508789 0.402344 0.505859 0.403320 0.504883 0.404297 0.504883 0.404297 0.500977 0.403320 0.500977
0 0.288086 0.488281 0.288086 0.489258 0.287109 0.490234 0.287109 0.492188 0.286133 0.493164 0.286133 0.496094 0.285156 0.497070 0.285156 0.499023 0.284180 0.500000 0.284180 0.501953 0.283203 0.502930 0.283203 0.505859 0.282227 0.506836 0.282227 0.508789 0.281250 0.509766 0.281250 0.512695 0.280273 0.513672 0.280273 0.515625 0.279297 0.516602 0.279297 0.518555 0.280273 0.519531 0.281250 0.519531 0.283203 0.521484 0.284180 0.521484 0.286133 0.523438 0.287109 0.523438 0.289062 0.525391 0.292969 0.525391 0.293945 0.526367 0.296875 0.526367 0.297852 0.527344 0.301758 0.527344 0.302734 0.528320 0.306641 0.528320 0.307617 0.529297 0.310547 0.529297 0.311523 0.530273 0.315430 0.530273 0.316406 0.531250 0.318359 0.531250 0.318359 0.529297 0.319336 0.528320 0.319336 0.525391 0.320312 0.524414 0.320312 0.522461 0.321289 0.521484 0.321289 0.518555 0.322266 0.517578 0.322266 0.515625 0.323242 0.514648 0.323242 0.511719 0.324219 0.510742 0.324219 0.507812 0.325195 0.506836 0.325195 0.504883 0.326172 0.503906 0.326172 0.501953 0.318359 0.494141 0.315430 0.494141 0.314453 0.493164 0.310547 0.493164 0.309570 0.492188 0.305664 0.492188 0.304688 0.491211 0.300781 0.491211 0.299805 0.490234 0.296875 0.490234 0.295898 0.489258 0.291992 0.489258 0.291016 0.488281
1 0.291016 0.500000 0.291016 0.502930 0.291992 0.502930 0.295898 0.506836 0.297852 0.506836 0.298828 0.507812 0.299805 0.506836 0.298828 0.505859 0.299805 0.504883 0.297852 0.502930 0.296875 0.502930 0.293945 0.500000
1 0.579102 0.394531 0.579102 0.395508 0.580078 0.395508 0.580078 0.394531
0 0.563477 0.393555 0.560547 0.396484 0.560547 0.397461 0.555664 0.402344 0.555664 0.403320 0.550781 0.408203 0.550781 0.410156 0.549805 0.411133 0.549805 0.412109 0.548828 0.413086 0.548828 0.415039 0.547852 0.416016 0.547852 0.416992 0.546875 0.417969 0.546875 0.420898 0.548828 0.422852 0.549805 0.422852 0.551758 0.424805 0.552734 0.424805 0.554688 0.426758 0.555664 0.426758 0.557617 0.428711 0.558594 0.428711 0.561523 0.431641 0.562500 0.431641 0.564453 0.433594 0.565430 0.433594 0.567383 0.431641 0.567383 0.430664 0.571289 0.426758 0.571289 0.425781 0.576172 0.420898 0.576172 0.419922 0.578125 0.417969 0.578125 0.416992 0.579102 0.416016 0.579102 0.415039 0.580078 0.414062 0.580078 0.413086 0.581055 0.412109 0.581055 0.410156 0.582031 0.409180 0.582031 0.408203 0.583008 0.407227 0.583008 0.406250 0.581055 0.404297 0.580078 0.404297 0.577148 0.401367 0.576172 0.401367 0.574219 0.399414 0.573242 0.399414 0.571289 0.397461 0.570312 0.397461 0.568359 0.395508 0.567383 0.395508 0.565430 0.393555
1 0.574219 0.574219 0.575195 0.575195 0.576172 0.574219 0.577148 0.574219
1 0.580078 0.396484 0.579102 0.396484 0.578125 0.395508 0.575195 0.398438 0.575195 0.399414 0.576172 0.400391
0 0.561523 0.559570 0.556641 0.559570 0.555664 0.560547 0.548828 0.560547 0.547852 0.561523 0.540039 0.561523 0.540039 0.564453 0.539062 0.565430 0.539062 0.569336 0.538086 0.570312 0.538086 0.574219 0.537109 0.575195 0.537109 0.577148 0.538086 0.578125 0.538086 0.580078 0.539062 0.581055 0.539062 0.583008 0.540039 0.583984 0.540039 0.585938 0.541016 0.586914 0.541016 0.587891 0.541992 0.588867 0.541992 0.590820 0.542969 0.591797 0.542969 0.593750 0.543945 0.592773 0.551758 0.592773 0.552734 0.591797 0.560547 0.591797 0.561523 0.590820 0.564453 0.590820 0.564453 0.588867 0.565430 0.587891 0.565430 0.582031 0.566406 0.581055 0.566406 0.577148 0.563477 0.577148 0.562500 0.576172 0.562500 0.574219 0.563477 0.573242 0.564453 0.573242 0.565430 0.572266 0.565430 0.571289 0.564453 0.570312 0.564453 0.567383 0.563477 0.566406 0.563477 0.564453 0.562500 0.563477 0.562500 0.561523 0.561523 0.560547
1 0.225586 0.631836 0.226562 0.631836 0.227539 0.632812 0.229492 0.632812 0.229492 0.631836 0.230469 0.630859 0.225586 0.630859
1 0.578125 0.572266 0.574219 0.572266 0.573242 0.573242 0.571289 0.573242 0.570312 0.574219 0.567383 0.574219 0.566406 0.573242 0.565430 0.573242 0.564453 0.574219 0.563477 0.574219 0.563477 0.576172 0.568359 0.576172 0.569336 0.575195 0.574219 0.575195 0.573242 0.574219 0.574219 0.573242 0.577148 0.573242 0.578125 0.574219
0 0.242188 0.614258 0.236328 0.620117 0.235352 0.620117 0.231445 0.624023 0.231445 0.631836 0.230469 0.632812 0.230469 0.650391 0.235352 0.650391 0.236328 0.651367 0.242188 0.651367 0.243164 0.652344 0.249023 0.652344 0.250000 0.653320 0.255859 0.653320 0.256836 0.654297 0.267578 0.643555 0.267578 0.622070 0.268555 0.621094 0.268555 0.618164 0.264648 0.618164 0.263672 0.617188 0.257812 0.617188 0.256836 0.616211 0.250977 0.616211 0.250000 0.615234 0.243164 0.615234
1 0.217773 0.628906 0.217773 0.630859 0.218750 0.630859 0.219727 0.631836 0.224609 0.631836 0.224609 0.630859 0.225586 0.629883 0.230469 0.629883 0.226562 0.629883 0.225586 0.628906
