0 0.509766 0.324219 0.507812 0.324219 0.506836 0.325195 0.501953 0.325195 0.500977 0.326172 0.497070 0.326172 0.496094 0.327148 0.492188 0.327148 0.491211 0.328125 0.486328 0.328125 0.485352 0.329102 0.481445 0.329102 0.480469 0.330078 0.478516 0.330078 0.475586 0.333008 0.474609 0.333008 0.472656 0.334961 0.473633 0.335938 0.473633 0.339844 0.474609 0.340820 0.474609 0.344727 0.475586 0.345703 0.475586 0.348633 0.476562 0.349609 0.476562 0.353516 0.477539 0.354492 0.477539 0.358398 0.478516 0.359375 0.478516 0.362305 0.479492 0.363281 0.479492 0.367188 0.480469 0.366211 0.485352 0.366211 0.486328 0.365234 0.491211 0.365234 0.492188 0.364258 0.496094 0.364258 0.497070 0.363281 0.501953 0.363281 0.502930 0.362305 0.507812 0.362305 0.508789 0.361328 0.511719 0.361328 0.511719 0.360352 0.516602 0.355469 0.516602 0.354492 0.515625 0.353516 0.515625 0.349609 0.514648 0.348633 0.514648 0.344727 0.513672 0.343750 0.513672 0.339844 0.512695 0.338867 0.512695 0.334961 0.511719 0.333984 0.511719 0.330078 0.510742 0.329102 0.510742 0.325195
1 0.475586 0.349609 0.474609 0.348633 0.474609 0.347656 0.471680 0.347656 0.470703 0.348633 0.466797 0.348633 0.465820 0.349609 0.460938 0.349609 0.459961 0.350586 0.458008 0.350586 0.458008 0.351562 0.458984 0.352539 0.458984 0.353516 0.459961 0.353516 0.460938 0.352539 0.464844 0.352539 0.465820 0.351562 0.470703 0.351562 0.471680 0.350586 0.475586 0.350586
0 0.489258 0.306641 0.488281 0.307617 0.488281 0.309570 0.487305 0.310547 0.487305 0.327148 0.491211 0.327148 0.492188 0.326172 0.496094 0.326172 0.497070 0.325195 0.500977 0.325195 0.501953 0.324219 0.506836 0.324219 0.507812 0.323242 0.509766 0.323242 0.511719 0.325195 0.511719 0.329102 0.512695 0.330078 0.512695 0.333984 0.513672 0.334961 0.513672 0.338867 0.514648 0.339844 0.514648 0.340820 0.515625 0.339844 0.518555 0.339844 0.519531 0.338867 0.521484 0.338867 0.522461 0.337891 0.524414 0.337891 0.525391 0.336914 0.526367 0.336914 0.526367 0.330078 0.527344 0.329102 0.527344 0.311523 0.525391 0.309570 0.524414 0.309570 0.522461 0.307617 0.521484 0.307617 0.518555 0.304688 0.517578 0.304688 0.515625 0.302734 0.514648 0.302734 0.512695 0.300781 0.511719 0.300781 0.510742 0.299805 0.509766 0.299805 0.508789 0.300781 0.506836 0.300781 0.505859 0.301758 0.503906 0.301758 0.502930 0.302734 0.500977 0.302734 0.500000 0.303711 0.498047 0.303711 0.497070 0.304688 0.495117 0.304688 0.494141 0.305664 0.492188 0.305664 0.491211 0.306641
0 0.602539 0.602539 0.602539 0.605469 0.603516 0.606445 0.605469 0.606445 0.604492 0.605469 0.604492 0.603516 0.603516 0.602539
0 0.607422 0.595703 0.606445 0.596680 0.607422 0.597656 0.608398 0.597656 0.609375 0.596680 0.608398 0.595703
0 0.600586 0.594727 0.599609 0.593750 0.598633 0.593750 0.595703 0.596680 0.594727 0.596680 0.594727 0.598633 0.597656 0.598633 0.598633 0.597656 0.599609 0.597656 0.600586 0.596680
0 0.515625 0.561523 0.515625 0.570312 0.514648 0.571289 0.514648 0.579102 0.513672 0.580078 0.513672 0.588867 0.512695 0.589844 0.512695 0.598633 0.511719 0.599609 0.511719 0.608398 0.510742 0.609375 0.511719 0.609375 0.512695 0.610352 0.514648 0.610352 0.515625 0.611328 0.517578 0.611328 0.518555 0.612305 0.521484 0.612305 0.522461 0.613281 0.524414 0.613281 0.525391 0.614258 0.527344 0.614258 0.528320 0.615234 0.531250 0.615234 0.532227 0.616211 0.534180 0.616211 0.535156 0.617188 0.537109 0.617188 0.538086 0.618164 0.540039 0.618164 0.541016 0.619141 0.543945 0.619141 0.544922 0.620117 0.546875 0.620117 0.547852 0.621094 0.549805 0.621094 0.550781 0.622070 0.555664 0.622070 0.558594 0.620117 0.560547 0.620117 0.563477 0.618164 0.565430 0.618164 0.568359 0.616211 0.570312 0.616211 0.573242 0.614258 0.575195 0.614258 0.576172 0.613281 0.577148 0.613281 0.578125 0.612305 0.579102 0.612305 0.579102 0.608398 0.580078 0.607422 0.580078 0.601562 0.581055 0.600586 0.583008 0.600586 0.583984 0.601562 0.585938 0.601562 0.586914 0.600586 0.586914 0.598633 0.587891 0.597656 0.587891 0.595703 0.588867 0.594727 0.588867 0.591797 0.589844 0.590820 0.589844 0.588867 0.590820 0.587891 0.588867 0.587891 0.587891 0.588867 0.587891 0.591797 0.585938 0.593750 0.582031 0.593750 0.581055 0.592773 0.581055 0.591797 0.582031 0.590820 0.582031 0.583984 0.583008 0.583008 0.583008 0.575195 0.583984 0.574219 0.583984 0.566406 0.584961 0.565430 0.583984 0.564453 0.581055 0.564453 0.580078 0.563477 0.577148 0.563477 0.576172 0.562500 0.573242 0.562500 0.572266 0.561523 0.569336 0.561523 0.568359 0.560547 0.566406 0.560547 0.565430 0.559570 0.562500 0.559570 0.561523 0.558594 0.558594 0.558594 0.557617 0.557617 0.554688 0.557617 0.553711 0.556641 0.550781 0.556641 0.549805 0.555664 0.546875 0.555664 0.545898 0.554688 0.540039 0.554688 0.539062 0.555664 0.536133 0.555664 0.535156 0.556641 0.533203 0.556641 0.532227 0.557617 0.529297 0.557617 0.528320 0.558594 0.525391 0.558594 0.524414 0.559570 0.521484 0.559570 0.520508 0.560547 0.517578 0.560547 0.516602 0.561523
0 0.593750 0.666992 0.592773 0.667969 0.591797 0.666992 0.591797 0.667969 0.589844 0.669922 0.590820 0.669922
0 0.561523 0.666992 0.561523 0.667969 0.560547 0.668945 0.560547 0.671875 0.562500 0.673828 0.564453 0.673828 0.563477 0.672852 0.563477 0.668945 0.562500 0.667969 0.562500 0.666992
0 0.586914 0.665039 0.585938 0.664062 0.584961 0.665039 0.583984 0.665039 0.583008 0.666016 0.582031 0.666016 0.582031 0.667969 0.583008 0.667969 0.583984 0.668945 0.585938 0.668945 0.586914 0.667969
0 0.555664 0.663086 0.553711 0.665039 0.557617 0.668945 0.558594 0.667969 0.558594 0.666016 0.559570 0.665039 0.557617 0.663086
0 0.604492 0.652344 0.603516 0.652344 0.603516 0.656250 0.604492 0.655273
0 0.602539 0.650391 0.594727 0.642578 0.593750 0.642578 0.576172 0.625000 0.574219 0.625000 0.572266 0.626953 0.571289 0.626953 0.571289 0.627930 0.567383 0.631836 0.567383 0.632812 0.564453 0.635742 0.563477 0.635742 0.560547 0.638672 0.561523 0.638672 0.562500 0.637695 0.563477 0.638672 0.563477 0.640625 0.562500 0.641602 0.562500 0.642578 0.561523 0.643555 0.560547 0.643555 0.559570 0.642578 0.559570 0.641602 0.558594 0.641602 0.553711 0.646484 0.553711 0.647461 0.557617 0.651367 0.557617 0.653320 0.558594 0.654297 0.558594 0.656250 0.556641 0.658203 0.555664 0.657227 0.553711 0.657227 0.552734 0.658203 0.552734 0.659180 0.551758 0.660156 0.550781 0.659180 0.550781 0.658203 0.549805 0.657227 0.549805 0.656250 0.550781 0.655273 0.550781 0.653320 0.551758 0.652344 0.550781 0.651367 0.550781 0.649414 0.551758 0.648438 0.548828 0.651367 0.548828 0.652344 0.547852 0.653320 0.546875 0.653320 0.546875 0.654297 0.544922 0.656250 0.550781 0.662109 0.550781 0.661133 0.551758 0.660156 0.552734 0.660156 0.553711 0.659180 0.555664 0.659180 0.556641 0.658203 0.557617 0.659180 0.563477 0.659180 0.565430 0.657227 0.567383 0.659180 0.567383 0.661133 0.566406 0.662109 0.566406 0.666016 0.567383 0.666016 0.568359 0.666992 0.570312 0.666992 0.572266 0.665039 0.573242 0.665039 0.575195 0.663086 0.575195 0.659180 0.574219 0.658203 0.576172 0.656250 0.577148 0.656250 0.578125 0.655273 0.581055 0.655273 0.583008 0.657227 0.583008 0.658203 0.586914 0.658203 0.587891 0.659180 0.587891 0.660156 0.588867 0.661133 0.588867 0.662109 0.589844 0.662109 0.590820 0.661133 0.591797 0.661133 0.591797 0.658203 0.590820 0.658203 0.589844 0.657227 0.588867 0.657227 0.587891 0.656250 0.587891 0.653320 0.588867 0.652344 0.593750 0.652344 0.593750 0.651367 0.596680 0.648438 0.597656 0.648438 0.600586 0.651367 0.601562 0.650391
0 0.584961 0.541992 0.583984 0.542969 0.583984 0.544922 0.583008 0.545898 0.583008 0.547852 0.582031 0.548828 0.582031 0.550781 0.581055 0.551758 0.581055 0.553711 0.580078 0.554688 0.580078 0.556641 0.579102 0.557617 0.579102 0.559570 0.578125 0.560547 0.578125 0.562500 0.580078 0.562500 0.581055 0.563477 0.583984 0.563477 0.585938 0.565430 0.584961 0.566406 0.584961 0.574219 0.583984 0.575195 0.583984 0.583008 0.583008 0.583984 0.583008 0.590820 0.582031 0.591797 0.582031 0.592773 0.585938 0.592773 0.586914 0.591797 0.586914 0.588867 0.588867 0.586914 0.592773 0.586914 0.593750 0.587891 0.594727 0.587891 0.595703 0.588867 0.595703 0.590820 0.594727 0.591797 0.594727 0.593750 0.593750 0.594727 0.593750 0.596680 0.592773 0.597656 0.592773 0.600586 0.591797 0.601562 0.591797 0.603516 0.593750 0.603516 0.594727 0.604492 0.596680 0.604492 0.597656 0.605469 0.600586 0.605469 0.601562 0.606445 0.602539 0.606445 0.601562 0.605469 0.601562 0.602539 0.602539 0.601562 0.603516 0.601562 0.605469 0.603516 0.605469 0.605469 0.606445 0.606445 0.605469 0.607422 0.607422 0.607422 0.608398 0.608398 0.609375 0.607422 0.610352 0.607422 0.610352 0.605469 0.611328 0.604492 0.611328 0.601562 0.612305 0.600586 0.612305 0.597656 0.613281 0.596680 0.613281 0.594727 0.614258 0.593750 0.614258 0.590820 0.615234 0.589844 0.615234 0.586914 0.616211 0.585938 0.616211 0.583984 0.617188 0.583008 0.617188 0.580078 0.618164 0.579102 0.618164 0.576172 0.619141 0.575195 0.619141 0.572266 0.620117 0.571289 0.620117 0.568359 0.621094 0.567383 0.621094 0.564453 0.622070 0.563477 0.622070 0.560547 0.623047 0.559570 0.623047 0.555664 0.624023 0.554688 0.624023 0.551758 0.622070 0.551758 0.621094 0.550781 0.619141 0.550781 0.618164 0.549805 0.615234 0.549805 0.614258 0.548828 0.611328 0.548828 0.610352 0.547852 0.607422 0.547852 0.606445 0.546875 0.603516 0.546875 0.602539 0.545898 0.599609 0.545898 0.598633 0.544922 0.596680 0.544922 0.595703 0.543945 0.592773 0.543945 0.591797 0.542969 0.588867 0.542969 0.587891 0.541992
1 0.601562 0.676758 0.598633 0.679688 0.600586 0.681641 0.601562 0.681641 0.604492 0.684570 0.605469 0.684570 0.606445 0.685547 0.606445 0.686523 0.609375 0.689453 0.610352 0.689453 0.612305 0.687500
1 0.590820 0.670898 0.590820 0.671875 0.594727 0.675781 0.596680 0.675781 0.596680 0.674805 0.597656 0.673828 0.598633 0.673828 0.599609 0.674805 0.595703 0.670898 0.594727 0.670898 0.592773 0.668945
1 0.592773 0.587891 0.591797 0.587891 0.590820 0.588867 0.590820 0.590820 0.589844 0.591797 0.589844 0.593750 0.590820 0.592773 0.591797 0.593750 0.591797 0.595703 0.590820 0.596680 0.589844 0.595703 0.588867 0.596680 0.588867 0.597656 0.587891 0.598633 0.587891 0.600586 0.586914 0.601562 0.586914 0.604492 0.585938 0.605469 0.585938 0.607422 0.584961 0.608398 0.584961 0.610352 0.588867 0.610352 0.588867 0.608398 0.589844 0.607422 0.589844 0.604492 0.590820 0.603516 0.590820 0.601562 0.591797 0.600586 0.591797 0.597656 0.592773 0.596680 0.591797 0.595703 0.593750 0.593750 0.593750 0.591797 0.594727 0.590820 0.594727 0.588867 0.593750 0.588867
0 0.568359 0.648438 0.568359 0.650391 0.569336 0.650391 0.570312 0.651367 0.572266 0.649414 0.571289 0.649414 0.570312 0.648438
0 0.552734 0.647461 0.552734 0.648438 0.551758 0.649414 0.551758 0.651367 0.552734 0.652344 0.551758 0.653320 0.551758 0.655273 0.550781 0.656250 0.550781 0.657227 0.551758 0.658203 0.551758 0.659180 0.551758 0.658203 0.553711 0.656250 0.555664 0.656250 0.556641 0.657227 0.557617 0.656250 0.557617 0.654297 0.556641 0.653320 0.556641 0.651367
0 0.603516 0.651367 0.601562 0.651367 0.600586 0.652344 0.597656 0.649414 0.596680 0.649414 0.594727 0.651367 0.594727 0.652344 0.593750 0.653320 0.588867 0.653320 0.587891 0.652344 0.587891 0.650391 0.586914 0.649414 0.585938 0.649414 0.583984 0.647461 0.583984 0.645508 0.583008 0.644531 0.581055 0.644531 0.579102 0.642578 0.579102 0.641602 0.576172 0.641602 0.576172 0.642578 0.578125 0.644531 0.579102 0.644531 0.580078 0.645508 0.580078 0.647461 0.579102 0.648438 0.578125 0.648438 0.577148 0.649414 0.578125 0.650391 0.578125 0.651367 0.582031 0.651367 0.583008 0.650391 0.584961 0.650391 0.586914 0.652344 0.587891 0.652344 0.588867 0.653320 0.588867 0.656250 0.589844 0.656250 0.590820 0.657227 0.591797 0.657227 0.592773 0.658203 0.592773 0.661133 0.591797 0.662109 0.590820 0.662109 0.589844 0.663086 0.588867 0.663086 0.587891 0.662109 0.587891 0.661133 0.586914 0.660156 0.586914 0.659180 0.583008 0.659180 0.582031 0.658203 0.582031 0.657227 0.581055 0.656250 0.578125 0.656250 0.577148 0.657227 0.576172 0.657227 0.575195 0.658203 0.576172 0.659180 0.576172 0.663086 0.573242 0.666016 0.572266 0.666016 0.570312 0.667969 0.568359 0.667969 0.567383 0.666992 0.566406 0.666992 0.565430 0.666016 0.565430 0.662109 0.566406 0.661133 0.566406 0.659180 0.565430 0.658203 0.563477 0.660156 0.557617 0.660156 0.556641 0.659180 0.555664 0.660156 0.553711 0.660156 0.552734 0.661133 0.551758 0.661133 0.551758 0.663086 0.552734 0.664062 0.553711 0.664062 0.555664 0.662109 0.557617 0.662109 0.560547 0.665039 0.559570 0.666016 0.559570 0.667969 0.558594 0.668945 0.557617 0.667969 0.558594 0.668945 0.558594 0.669922 0.559570 0.670898 0.559570 0.668945 0.560547 0.667969 0.560547 0.666992 0.561523 0.666016 0.562500 0.666016 0.563477 0.666992 0.563477 0.667969 0.564453 0.668945 0.564453 0.672852 0.565430 0.673828 0.564453 0.674805 0.563477 0.674805 0.566406 0.674805 0.567383 0.675781 0.566406 0.676758 0.565430 0.676758 0.566406 0.676758 0.575195 0.685547 0.576172 0.685547 0.583008 0.678711 0.583008 0.677734 0.589844 0.670898 0.588867 0.669922 0.590820 0.667969 0.590820 0.666992 0.591797 0.666016 0.592773 0.666992 0.593750 0.666016 0.594727 0.666016 0.597656 0.663086 0.597656 0.662109 0.602539 0.657227 0.602539 0.652344
0 0.562500 0.638672 0.561523 0.639648 0.559570 0.639648 0.556641 0.642578 0.558594 0.640625 0.559570 0.640625 0.560547 0.641602 0.560547 0.642578 0.561523 0.642578 0.561523 0.641602 0.562500 0.640625
1 0.153320 0.875977 0.151367 0.875977 0.150391 0.876953 0.150391 0.878906 0.151367 0.879883 0.151367 0.882812 0.150391 0.883789 0.148438 0.883789 0.148438 0.885742 0.149414 0.886719 0.150391 0.886719 0.151367 0.885742 0.150391 0.884766 0.150391 0.883789 0.152344 0.881836 0.153320 0.881836
1 0.149414 0.865234 0.147461 0.867188 0.146484 0.867188 0.145508 0.868164 0.146484 0.869141 0.146484 0.873047 0.147461 0.873047 0.148438 0.872070 0.148438 0.868164 0.149414 0.867188 0.148438 0.866211
1 0.597656 0.674805 0.597656 0.675781 0.596680 0.676758 0.595703 0.676758 0.597656 0.678711 0.598633 0.678711 0.600586 0.676758 0.600586 0.675781 0.599609 0.675781 0.598633 0.674805
0 0.153320 0.873047 0.153320 0.875000 0.154297 0.875977 0.154297 0.880859 0.155273 0.881836 0.155273 0.886719 0.156250 0.887695 0.156250 0.888672 0.155273 0.889648 0.154297 0.889648 0.152344 0.891602 0.150391 0.891602 0.148438 0.889648 0.148438 0.886719 0.147461 0.885742 0.147461 0.880859 0.146484 0.879883 0.146484 0.877930 0.145508 0.877930 0.141602 0.881836 0.140625 0.881836 0.136719 0.885742 0.135742 0.885742 0.131836 0.889648 0.130859 0.889648 0.126953 0.893555 0.125977 0.893555 0.123047 0.896484 0.122070 0.896484 0.120117 0.898438 0.120117 0.901367 0.121094 0.902344 0.121094 0.907227 0.122070 0.908203 0.122070 0.912109 0.123047 0.913086 0.123047 0.917969 0.124023 0.918945 0.124023 0.923828 0.125000 0.924805 0.125000 0.929688 0.125977 0.930664 0.125977 0.934570 0.126953 0.935547 0.126953 0.936523 0.128906 0.936523 0.129883 0.937500 0.132812 0.937500 0.133789 0.938477 0.135742 0.938477 0.136719 0.939453 0.139648 0.939453 0.140625 0.940430 0.142578 0.940430 0.143555 0.941406 0.145508 0.941406 0.146484 0.942383 0.149414 0.942383 0.150391 0.943359 0.152344 0.943359 0.153320 0.944336 0.156250 0.944336 0.157227 0.945312 0.159180 0.945312 0.163086 0.941406 0.164062 0.941406 0.173828 0.931641 0.174805 0.931641 0.183594 0.922852 0.184570 0.922852 0.189453 0.917969 0.189453 0.915039 0.188477 0.914062 0.188477 0.908203 0.187500 0.907227 0.187500 0.902344 0.186523 0.901367 0.186523 0.895508 0.185547 0.894531 0.185547 0.889648 0.184570 0.888672 0.184570 0.883789 0.183594 0.882812 0.183594 0.880859 0.181641 0.880859 0.180664 0.879883 0.177734 0.879883 0.176758 0.878906 0.173828 0.878906 0.172852 0.877930 0.169922 0.877930 0.168945 0.876953 0.166016 0.876953 0.165039 0.875977 0.162109 0.875977 0.161133 0.875000 0.158203 0.875000 0.157227 0.874023 0.154297 0.874023
1 0.147461 0.863281 0.145508 0.865234 0.145508 0.867188 0.146484 0.866211 0.147461 0.866211 0.149414 0.868164 0.149414 0.872070 0.147461 0.874023 0.146484 0.874023 0.147461 0.875000 0.147461 0.879883 0.148438 0.880859 0.148438 0.882812 0.150391 0.882812 0.151367 0.883789 0.151367 0.884766 0.152344 0.885742 0.150391 0.887695 0.149414 0.887695 0.149414 0.889648 0.150391 0.890625 0.152344 0.890625 0.154297 0.888672 0.155273 0.888672 0.155273 0.887695 0.154297 0.886719 0.154297 0.881836 0.153320 0.882812 0.152344 0.882812 0.151367 0.883789 0.150391 0.882812 0.150391 0.879883 0.149414 0.878906 0.149414 0.876953 0.151367 0.875000 0.152344 0.875000 0.152344 0.870117 0.151367 0.869141 0.151367 0.863281
0 0.605469 0.457031 0.604492 0.458008 0.603516 0.458008 0.602539 0.458984 0.600586 0.458984 0.599609 0.459961 0.597656 0.459961 0.595703 0.461914 0.595703 0.462891 0.593750 0.464844 0.593750 0.465820 0.590820 0.468750 0.590820 0.469727 0.588867 0.471680 0.588867 0.472656 0.585938 0.475586 0.585938 0.476562 0.583984 0.478516 0.583984 0.479492 0.582031 0.481445 0.582031 0.482422 0.579102 0.485352 0.579102 0.486328 0.577148 0.488281 0.577148 0.489258 0.574219 0.492188 0.574219 0.493164 0.572266 0.495117 0.572266 0.496094 0.569336 0.499023 0.569336 0.500000 0.567383 0.501953 0.567383 0.502930 0.566406 0.503906 0.567383 0.503906 0.570312 0.506836 0.571289 0.506836 0.574219 0.509766 0.575195 0.509766 0.578125 0.512695 0.579102 0.512695 0.582031 0.515625 0.583008 0.515625 0.585938 0.518555 0.586914 0.518555 0.589844 0.521484 0.590820 0.521484 0.592773 0.523438 0.593750 0.523438 0.596680 0.526367 0.597656 0.526367 0.600586 0.529297 0.601562 0.529297 0.604492 0.532227 0.605469 0.532227 0.608398 0.535156 0.610352 0.535156 0.620117 0.525391 0.620117 0.524414 0.622070 0.522461 0.622070 0.521484 0.625000 0.518555 0.625000 0.517578 0.627930 0.514648 0.627930 0.513672 0.630859 0.510742 0.630859 0.509766 0.633789 0.506836 0.633789 0.505859 0.635742 0.503906 0.635742 0.502930 0.638672 0.500000 0.638672 0.499023 0.641602 0.496094 0.641602 0.495117 0.644531 0.492188 0.644531 0.491211 0.647461 0.488281 0.647461 0.487305 0.646484 0.486328 0.645508 0.486328 0.642578 0.483398 0.641602 0.483398 0.639648 0.481445 0.638672 0.481445 0.635742 0.478516 0.634766 0.478516 0.632812 0.476562 0.631836 0.476562 0.628906 0.473633 0.627930 0.473633 0.625000 0.476562 0.623047 0.474609 0.622070 0.474609 0.620117 0.472656 0.621094 0.471680 0.621094 0.470703 0.622070 0.469727 0.622070 0.468750 0.621094 0.468750 0.618164 0.465820 0.617188 0.465820 0.615234 0.463867 0.614258 0.463867 0.611328 0.460938 0.610352 0.460938 0.607422 0.458008 0.606445 0.458008
1 0.643555 0.444336 0.641602 0.444336 0.640625 0.445312 0.640625 0.446289 0.637695 0.449219 0.637695 0.450195 0.634766 0.453125 0.634766 0.454102 0.632812 0.456055 0.632812 0.457031 0.629883 0.459961 0.629883 0.460938 0.627930 0.462891 0.627930 0.463867 0.625000 0.466797 0.625000 0.467773 0.622070 0.470703 0.622070 0.471680 0.621094 0.472656 0.622070 0.473633 0.623047 0.473633 0.625000 0.475586 0.626953 0.473633 0.626953 0.472656 0.628906 0.470703 0.628906 0.469727 0.631836 0.466797 0.631836 0.465820 0.634766 0.462891 0.634766 0.461914 0.636719 0.459961 0.636719 0.458984 0.639648 0.456055 0.639648 0.455078 0.642578 0.452148 0.642578 0.451172 0.644531 0.449219 0.644531 0.448242 0.646484 0.446289 0.645508 0.446289
0 0.268555 0.515625 0.268555 0.516602 0.267578 0.517578 0.267578 0.519531 0.266602 0.520508 0.266602 0.521484 0.265625 0.522461 0.265625 0.524414 0.264648 0.525391 0.264648 0.526367 0.263672 0.527344 0.263672 0.529297 0.262695 0.530273 0.262695 0.531250 0.261719 0.532227 0.261719 0.534180 0.260742 0.535156 0.260742 0.536133 0.259766 0.537109 0.259766 0.539062 0.258789 0.540039 0.258789 0.541016 0.257812 0.541992 0.257812 0.543945 0.256836 0.544922 0.256836 0.545898 0.257812 0.546875 0.258789 0.546875 0.260742 0.548828 0.261719 0.548828 0.262695 0.549805 0.263672 0.549805 0.265625 0.551758 0.266602 0.551758 0.267578 0.552734 0.268555 0.552734 0.270508 0.554688 0.271484 0.554688 0.272461 0.555664 0.273438 0.555664 0.275391 0.557617 0.276367 0.557617 0.277344 0.558594 0.282227 0.558594 0.283203 0.559570 0.288086 0.559570 0.289062 0.560547 0.292969 0.560547 0.293945 0.561523 0.298828 0.561523 0.299805 0.562500 0.300781 0.562500 0.300781 0.561523 0.301758 0.560547 0.301758 0.559570 0.302734 0.558594 0.302734 0.556641 0.303711 0.555664 0.303711 0.554688 0.304688 0.553711 0.304688 0.551758 0.305664 0.550781 0.305664 0.549805 0.306641 0.548828 0.306641 0.546875 0.307617 0.545898 0.307617 0.544922 0.308594 0.543945 0.308594 0.541992 0.309570 0.541016 0.309570 0.540039 0.310547 0.539062 0.310547 0.537109 0.311523 0.536133 0.311523 0.535156 0.312500 0.534180 0.312500 0.532227 0.311523 0.531250 0.310547 0.531250 0.309570 0.530273 0.308594 0.530273 0.307617 0.529297 0.306641 0.529297 0.305664 0.528320 0.304688 0.528320 0.302734 0.526367 0.301758 0.526367 0.300781 0.525391 0.299805 0.525391 0.298828 0.524414 0.297852 0.524414 0.296875 0.523438 0.295898 0.523438 0.293945 0.521484 0.291992 0.521484 0.291016 0.520508 0.288086 0.520508 0.287109 0.519531 0.283203 0.519531 0.282227 0.518555 0.279297 0.518555 0.278320 0.517578 0.275391 0.517578 0.274414 0.516602 0.269531 0.516602
0 0.378906 0.724609 0.377930 0.725586 0.377930 0.726562 0.376953 0.727539 0.376953 0.728516 0.375977 0.729492 0.375977 0.730469 0.375000 0.731445 0.375000 0.733398 0.374023 0.734375 0.374023 0.735352 0.373047 0.736328 0.373047 0.737305 0.372070 0.738281 0.372070 0.740234 0.371094 0.741211 0.371094 0.742188 0.370117 0.743164 0.370117 0.744141 0.369141 0.745117 0.369141 0.749023 0.370117 0.750000 0.370117 0.752930 0.371094 0.753906 0.371094 0.755859 0.372070 0.756836 0.372070 0.759766 0.373047 0.760742 0.373047 0.762695 0.374023 0.763672 0.374023 0.766602 0.375000 0.767578 0.375000 0.769531 0.375977 0.770508 0.375977 0.771484 0.406250 0.771484 0.406250 0.770508 0.407227 0.769531 0.407227 0.767578 0.408203 0.766602 0.408203 0.764648 0.409180 0.763672 0.409180 0.762695 0.410156 0.761719 0.410156 0.759766 0.411133 0.758789 0.411133 0.756836 0.412109 0.755859 0.412109 0.754883 0.413086 0.753906 0.413086 0.751953 0.414062 0.750977 0.414062 0.745117 0.413086 0.744141 0.413086 0.741211 0.412109 0.740234 0.412109 0.738281 0.411133 0.737305 0.411133 0.734375 0.410156 0.733398 0.410156 0.730469 0.409180 0.729492 0.409180 0.726562 0.408203 0.725586 0.408203 0.724609
1 0.611328 0.911133 0.612305 0.912109 0.613281 0.911133 0.612305 0.912109
1 0.609375 0.909180 0.608398 0.910156 0.609375 0.911133 0.608398 0.910156
1 0.615234 0.887695 0.614258 0.888672 0.612305 0.888672 0.611328 0.889648 0.611328 0.893555 0.613281 0.895508 0.614258 0.895508 0.615234 0.896484 0.615234 0.894531 0.616211 0.893555 0.618164 0.893555 0.619141 0.894531 0.618164 0.893555 0.619141 0.892578 0.618164 0.891602 0.618164 0.890625 0.617188 0.889648 0.617188 0.888672 0.616211 0.888672
1 0.401367 0.720703 0.400391 0.721680 0.400391 0.723633 0.403320 0.723633 0.404297 0.722656 0.403320 0.721680 0.403320 0.720703
0 0.631836 0.822266 0.630859 0.823242 0.628906 0.823242 0.625977 0.825195 0.624023 0.825195 0.621094 0.827148 0.619141 0.827148 0.616211 0.829102 0.614258 0.829102 0.611328 0.831055 0.609375 0.831055 0.608398 0.832031 0.606445 0.832031 0.603516 0.833984 0.601562 0.833984 0.598633 0.835938 0.596680 0.835938 0.593750 0.837891 0.591797 0.837891 0.588867 0.839844 0.586914 0.839844 0.583984 0.841797 0.582031 0.841797 0.581055 0.842773 0.581055 0.844727 0.580078 0.845703 0.580078 0.849609 0.579102 0.850586 0.579102 0.853516 0.578125 0.854492 0.578125 0.858398 0.577148 0.859375 0.577148 0.863281 0.576172 0.864258 0.576172 0.868164 0.575195 0.869141 0.575195 0.873047 0.574219 0.874023 0.574219 0.875000 0.576172 0.876953 0.576172 0.877930 0.577148 0.878906 0.577148 0.879883 0.578125 0.880859 0.578125 0.881836 0.579102 0.882812 0.579102 0.883789 0.580078 0.884766 0.581055 0.887695 0.583008 0.889648 0.583008 0.890625 0.583984 0.891602 0.583984 0.892578 0.584961 0.893555 0.584961 0.894531 0.585938 0.895508 0.585938 0.896484 0.586914 0.897461 0.587891 0.900391 0.589844 0.902344 0.589844 0.903320 0.590820 0.904297 0.590820 0.905273 0.591797 0.906250 0.591797 0.907227 0.592773 0.908203 0.593750 0.911133 0.595703 0.913086 0.595703 0.914062 0.596680 0.915039 0.596680 0.916016 0.597656 0.916992 0.597656 0.917969 0.598633 0.918945 0.598633 0.919922 0.599609 0.920898 0.600586 0.923828 0.602539 0.925781 0.602539 0.926758 0.603516 0.925781 0.605469 0.925781 0.606445 0.924805 0.608398 0.924805 0.609375 0.923828 0.611328 0.923828 0.614258 0.921875 0.616211 0.921875 0.617188 0.920898 0.619141 0.920898 0.622070 0.918945 0.624023 0.918945 0.625000 0.917969 0.626953 0.917969 0.627930 0.916992 0.629883 0.916992 0.632812 0.915039 0.634766 0.915039 0.635742 0.914062 0.637695 0.914062 0.640625 0.912109 0.642578 0.912109 0.643555 0.911133 0.645508 0.911133 0.646484 0.910156 0.648438 0.910156 0.651367 0.908203 0.653320 0.908203 0.654297 0.907227 0.656250 0.907227 0.656250 0.906250 0.657227 0.905273 0.657227 0.881836 0.658203 0.880859 0.658203 0.872070 0.657227 0.871094 0.657227 0.870117 0.656250 0.869141 0.656250 0.868164 0.655273 0.867188 0.654297 0.864258 0.652344 0.862305 0.652344 0.861328 0.651367 0.860352 0.651367 0.859375 0.650391 0.858398 0.650391 0.857422 0.649414 0.856445 0.649414 0.855469 0.648438 0.854492 0.648438 0.853516 0.647461 0.852539 0.646484 0.849609 0.644531 0.847656 0.644531 0.846680 0.643555 0.845703 0.643555 0.844727 0.642578 0.843750 0.642578 0.842773 0.641602 0.841797 0.641602 0.840820 0.640625 0.839844 0.639648 0.836914 0.637695 0.834961 0.637695 0.833984 0.636719 0.833008 0.636719 0.832031 0.635742 0.831055 0.635742 0.830078 0.634766 0.829102 0.634766 0.828125 0.633789 0.827148 0.633789 0.826172 0.632812 0.825195
1 0.619141 0.893555 0.618164 0.894531 0.616211 0.894531 0.616211 0.896484 0.615234 0.897461 0.614258 0.896484 0.613281 0.896484 0.611328 0.894531 0.610352 0.895508 0.610352 0.902344 0.609375 0.903320 0.609375 0.908203 0.610352 0.909180 0.608398 0.911133 0.608398 0.914062 0.609375 0.915039 0.609375 0.916016 0.610352 0.916992 0.610352 0.917969 0.611328 0.918945 0.612305 0.918945 0.613281 0.917969 0.614258 0.917969 0.615234 0.916992 0.616211 0.916992 0.616211 0.913086 0.617188 0.912109 0.617188 0.904297 0.618164 0.903320 0.618164 0.894531
1 0.616211 0.887695 0.615234 0.888672 0.616211 0.889648 0.615234 0.888672
