0 0.612305 0.355469 0.612305 0.357422 0.611328 0.358398 0.611328 0.363281 0.610352 0.364258 0.610352 0.368164 0.609375 0.369141 0.609375 0.373047 0.608398 0.374023 0.608398 0.377930 0.607422 0.378906 0.607422 0.382812 0.606445 0.383789 0.606445 0.387695 0.607422 0.388672 0.608398 0.388672 0.611328 0.391602 0.612305 0.391602 0.614258 0.393555 0.621094 0.393555 0.622070 0.394531 0.627930 0.394531 0.628906 0.395508 0.634766 0.395508 0.635742 0.396484 0.642578 0.396484 0.643555 0.397461 0.645508 0.397461 0.645508 0.393555 0.646484 0.392578 0.646484 0.389648 0.647461 0.388672 0.647461 0.384766 0.648438 0.383789 0.648438 0.379883 0.649414 0.378906 0.649414 0.375000 0.650391 0.374023 0.650391 0.370117 0.651367 0.369141 0.651367 0.365234 0.650391 0.364258 0.649414 0.364258 0.647461 0.362305 0.646484 0.362305 0.645508 0.361328 0.644531 0.361328 0.643555 0.360352 0.639648 0.360352 0.638672 0.359375 0.632812 0.359375 0.631836 0.358398 0.626953 0.358398 0.625977 0.357422 0.620117 0.357422 0.619141 0.356445 0.613281 0.356445
1 0.649414 0.379883 0.649414 0.380859 0.653320 0.380859 0.654297 0.381836 0.660156 0.381836 0.661133 0.382812 0.662109 0.381836 0.662109 0.379883 0.660156 0.379883 0.659180 0.378906 0.653320 0.378906 0.652344 0.377930 0.650391 0.377930 0.650391 0.378906
0 0.669922 0.364258 0.668945 0.365234 0.668945 0.366211 0.667969 0.367188 0.667969 0.369141 0.666992 0.370117 0.666992 0.371094 0.666016 0.372070 0.666016 0.374023 0.665039 0.375000 0.665039 0.376953 0.664062 0.377930 0.664062 0.378906 0.663086 0.379883 0.663086 0.381836 0.662109 0.382812 0.662109 0.384766 0.661133 0.385742 0.661133 0.386719 0.660156 0.387695 0.660156 0.389648 0.659180 0.390625 0.659180 0.392578 0.658203 0.393555 0.658203 0.395508 0.657227 0.396484 0.657227 0.398438 0.656250 0.399414 0.656250 0.401367 0.655273 0.402344 0.655273 0.403320 0.654297 0.404297 0.654297 0.406250 0.653320 0.407227 0.653320 0.409180 0.652344 0.410156 0.652344 0.412109 0.651367 0.413086 0.651367 0.415039 0.653320 0.415039 0.654297 0.416016 0.656250 0.416016 0.657227 0.416992 0.659180 0.416992 0.660156 0.417969 0.662109 0.417969 0.663086 0.418945 0.665039 0.418945 0.666016 0.419922 0.667969 0.419922 0.668945 0.420898 0.670898 0.420898 0.671875 0.421875 0.673828 0.421875 0.674805 0.422852 0.676758 0.422852 0.677734 0.423828 0.679688 0.423828 0.680664 0.424805 0.682617 0.424805 0.683594 0.425781 0.685547 0.425781 0.686523 0.426758 0.687500 0.425781 0.687500 0.424805 0.688477 0.423828 0.688477 0.421875 0.689453 0.420898 0.689453 0.419922 0.690430 0.418945 0.690430 0.416992 0.691406 0.416016 0.691406 0.415039 0.692383 0.414062 0.692383 0.412109 0.693359 0.411133 0.693359 0.410156 0.694336 0.409180 0.694336 0.407227 0.695312 0.406250 0.695312 0.405273 0.696289 0.404297 0.696289 0.402344 0.697266 0.401367 0.697266 0.400391 0.698242 0.399414 0.698242 0.397461 0.699219 0.396484 0.699219 0.394531 0.700195 0.393555 0.700195 0.391602 0.701172 0.390625 0.701172 0.388672 0.702148 0.387695 0.702148 0.385742 0.703125 0.384766 0.703125 0.382812 0.704102 0.381836 0.704102 0.379883 0.705078 0.378906 0.705078 0.376953 0.706055 0.375977 0.705078 0.375977 0.704102 0.375000 0.702148 0.375000 0.701172 0.374023 0.699219 0.374023 0.698242 0.373047 0.696289 0.373047 0.695312 0.372070 0.693359 0.372070 0.692383 0.371094 0.690430 0.371094 0.689453 0.370117 0.687500 0.370117 0.686523 0.369141 0.684570 0.369141 0.683594 0.368164 0.681641 0.368164 0.680664 0.367188 0.678711 0.367188 0.677734 0.366211 0.675781 0.366211 0.674805 0.365234 0.672852 0.365234 0.671875 0.364258
1 0.697266 0.402344 0.697266 0.404297 0.698242 0.404297 0.699219 0.405273 0.701172 0.405273 0.702148 0.406250 0.704102 0.406250 0.705078 0.407227 0.707031 0.407227 0.708008 0.408203 0.709961 0.408203 0.710938 0.409180 0.712891 0.409180 0.713867 0.410156 0.715820 0.410156 0.716797 0.411133 0.718750 0.411133 0.719727 0.412109 0.720703 0.411133 0.720703 0.410156 0.721680 0.409180 0.721680 0.407227 0.719727 0.407227 0.718750 0.406250 0.716797 0.406250 0.715820 0.405273 0.713867 0.405273 0.712891 0.404297 0.710938 0.404297 0.709961 0.403320 0.708008 0.403320 0.707031 0.402344 0.705078 0.402344 0.704102 0.401367 0.702148 0.401367 0.701172 0.400391 0.698242 0.400391 0.698242 0.401367
0 0.483398 0.475586 0.481445 0.475586 0.480469 0.476562 0.478516 0.476562 0.479492 0.477539 0.480469 0.476562 0.481445 0.476562 0.482422 0.475586
0 0.496094 0.472656 0.495117 0.473633 0.494141 0.472656 0.493164 0.473633 0.492188 0.473633 0.493164 0.473633 0.494141 0.472656 0.495117 0.473633
0 0.502930 0.470703 0.501953 0.471680 0.502930 0.471680
0 0.486328 0.393555 0.484375 0.395508 0.484375 0.396484 0.480469 0.400391 0.480469 0.401367 0.479492 0.402344 0.479492 0.407227 0.480469 0.408203 0.480469 0.416016 0.481445 0.416992 0.481445 0.423828 0.496094 0.423828 0.497070 0.424805 0.503906 0.424805 0.503906 0.423828 0.505859 0.421875 0.505859 0.420898 0.508789 0.417969 0.508789 0.416992 0.509766 0.416016 0.509766 0.406250 0.508789 0.405273 0.508789 0.395508 0.507812 0.394531 0.501953 0.394531 0.500977 0.393555
1 0.492188 0.413086 0.490234 0.413086 0.488281 0.415039 0.488281 0.416016 0.485352 0.418945 0.485352 0.420898 0.487305 0.420898 0.489258 0.418945 0.489258 0.417969 0.492188 0.415039
0 0.503906 0.495117 0.504883 0.496094 0.505859 0.496094 0.506836 0.497070 0.507812 0.497070 0.506836 0.496094 0.506836 0.495117 0.505859 0.494141 0.504883 0.495117
0 0.501953 0.484375 0.502930 0.483398 0.503906 0.484375 0.504883 0.484375 0.505859 0.485352 0.506836 0.485352 0.505859 0.484375 0.503906 0.484375 0.502930 0.483398
0 0.500000 0.479492 0.499023 0.479492 0.498047 0.478516 0.496094 0.480469 0.495117 0.480469 0.492188 0.483398 0.492188 0.484375 0.496094 0.484375 0.497070 0.485352 0.498047 0.485352 0.499023 0.486328 0.499023 0.488281 0.498047 0.489258 0.494141 0.489258 0.492188 0.487305 0.486328 0.487305 0.483398 0.490234 0.482422 0.490234 0.481445 0.491211 0.480469 0.491211 0.480469 0.495117 0.481445 0.496094 0.481445 0.497070 0.482422 0.498047 0.481445 0.499023 0.482422 0.500000 0.482422 0.502930 0.483398 0.503906 0.483398 0.506836 0.484375 0.507812 0.487305 0.504883 0.488281 0.504883 0.491211 0.501953 0.492188 0.501953 0.492188 0.500977 0.493164 0.500000 0.495117 0.500000 0.498047 0.497070 0.499023 0.497070 0.500977 0.495117 0.501953 0.495117 0.501953 0.491211 0.500977 0.490234 0.500977 0.488281 0.500000 0.487305 0.500000 0.483398 0.499023 0.482422 0.500977 0.480469
0 0.497070 0.445312 0.496094 0.446289 0.492188 0.446289 0.491211 0.447266 0.488281 0.447266 0.487305 0.448242 0.484375 0.448242 0.483398 0.449219 0.480469 0.449219 0.479492 0.450195 0.476562 0.450195 0.475586 0.451172 0.472656 0.451172 0.472656 0.453125 0.473633 0.454102 0.473633 0.458008 0.474609 0.458984 0.474609 0.461914 0.475586 0.462891 0.475586 0.465820 0.476562 0.466797 0.476562 0.469727 0.477539 0.470703 0.477539 0.474609 0.478516 0.475586 0.480469 0.475586 0.481445 0.474609 0.483398 0.474609 0.484375 0.475586 0.483398 0.476562 0.482422 0.476562 0.483398 0.476562 0.484375 0.475586 0.487305 0.475586 0.488281 0.474609 0.491211 0.474609 0.491211 0.473633 0.492188 0.472656 0.493164 0.472656 0.494141 0.473633 0.495117 0.472656 0.496094 0.473633 0.497070 0.472656 0.500000 0.472656 0.502930 0.469727 0.502930 0.468750 0.501953 0.467773 0.501953 0.464844 0.500977 0.463867 0.500977 0.459961 0.500000 0.458984 0.500000 0.456055 0.499023 0.455078 0.499023 0.452148 0.498047 0.451172 0.498047 0.448242 0.497070 0.447266
0 0.482422 0.497070 0.481445 0.498047 0.482422 0.499023 0.481445 0.498047
0 0.485352 0.489258 0.484375 0.488281 0.483398 0.489258 0.484375 0.488281
0 0.487305 0.486328 0.492188 0.486328 0.494141 0.488281 0.498047 0.488281 0.498047 0.486328 0.497070 0.486328 0.496094 0.485352 0.492188 0.485352 0.491211 0.484375 0.491211 0.483398 0.489258 0.485352 0.488281 0.485352
0 0.500000 0.480469 0.500977 0.481445 0.500000 0.482422 0.500977 0.483398 0.500977 0.487305 0.501953 0.488281 0.501953 0.490234 0.502930 0.491211 0.502930 0.495117 0.501953 0.496094 0.500977 0.496094 0.499023 0.498047 0.498047 0.498047 0.495117 0.500977 0.493164 0.500977 0.493164 0.501953 0.492188 0.502930 0.491211 0.502930 0.488281 0.505859 0.487305 0.505859 0.484375 0.508789 0.485352 0.509766 0.486328 0.509766 0.490234 0.513672 0.491211 0.513672 0.494141 0.516602 0.495117 0.516602 0.499023 0.520508 0.501953 0.517578 0.502930 0.517578 0.504883 0.515625 0.505859 0.515625 0.508789 0.512695 0.509766 0.512695 0.511719 0.510742 0.512695 0.510742 0.515625 0.507812 0.516602 0.507812 0.517578 0.506836 0.517578 0.505859 0.516602 0.504883 0.516602 0.501953 0.515625 0.500977 0.515625 0.499023 0.514648 0.498047 0.514648 0.495117 0.513672 0.494141 0.513672 0.492188 0.512695 0.491211 0.512695 0.490234 0.510742 0.488281 0.509766 0.488281 0.507812 0.486328 0.505859 0.486328 0.504883 0.485352 0.503906 0.485352 0.502930 0.484375 0.503906 0.483398 0.501953 0.481445 0.500977 0.481445
1 0.688477 0.548828 0.688477 0.551758 0.687500 0.552734 0.686523 0.552734 0.686523 0.553711 0.687500 0.553711 0.688477 0.552734
1 0.688477 0.541992 0.689453 0.542969 0.689453 0.544922 0.689453 0.541992
1 0.485352 0.510742 0.484375 0.509766 0.481445 0.509766 0.479492 0.511719 0.478516 0.511719 0.476562 0.513672 0.477539 0.514648 0.476562 0.515625 0.478516 0.515625 0.480469 0.513672 0.481445 0.513672 0.483398 0.511719 0.484375 0.511719
0 0.675781 0.547852 0.675781 0.552734 0.674805 0.553711 0.674805 0.558594 0.673828 0.559570 0.673828 0.564453 0.672852 0.565430 0.673828 0.566406 0.673828 0.571289 0.674805 0.572266 0.674805 0.575195 0.678711 0.575195 0.679688 0.576172 0.689453 0.576172 0.690430 0.577148 0.695312 0.577148 0.695312 0.575195 0.696289 0.574219 0.696289 0.569336 0.697266 0.568359 0.697266 0.563477 0.698242 0.562500 0.698242 0.556641 0.697266 0.555664 0.697266 0.552734 0.696289 0.551758 0.696289 0.549805 0.690430 0.549805 0.689453 0.548828 0.689453 0.552734 0.687500 0.554688 0.686523 0.554688 0.685547 0.553711 0.685547 0.549805 0.686523 0.548828 0.679688 0.548828 0.678711 0.547852
1 0.688477 0.542969 0.687500 0.543945 0.687500 0.548828 0.686523 0.549805 0.686523 0.551758 0.687500 0.551758 0.687500 0.548828 0.689453 0.546875 0.689453 0.545898 0.688477 0.544922
1 0.458984 0.352539 0.458008 0.353516 0.458984 0.354492 0.459961 0.353516
1 0.451172 0.341797 0.450195 0.342773 0.450195 0.343750 0.452148 0.345703 0.452148 0.342773
0 0.469727 0.343750 0.468750 0.344727 0.467773 0.344727 0.465820 0.346680 0.464844 0.346680 0.463867 0.347656 0.462891 0.347656 0.460938 0.349609 0.459961 0.349609 0.458984 0.350586 0.460938 0.352539 0.460938 0.353516 0.458984 0.355469 0.458008 0.355469 0.457031 0.354492 0.457031 0.353516 0.456055 0.352539 0.455078 0.353516 0.454102 0.353516 0.452148 0.355469 0.451172 0.355469 0.450195 0.356445 0.450195 0.366211 0.453125 0.369141 0.453125 0.370117 0.456055 0.373047 0.456055 0.374023 0.458984 0.376953 0.458984 0.377930 0.461914 0.380859 0.461914 0.381836 0.462891 0.382812 0.464844 0.382812 0.466797 0.380859 0.467773 0.380859 0.469727 0.378906 0.470703 0.378906 0.472656 0.376953 0.473633 0.376953 0.474609 0.375977 0.475586 0.375977 0.477539 0.374023 0.478516 0.374023 0.480469 0.372070 0.481445 0.372070 0.482422 0.371094 0.482422 0.361328 0.479492 0.358398 0.479492 0.357422 0.477539 0.355469 0.477539 0.354492 0.474609 0.351562 0.474609 0.350586 0.472656 0.348633 0.472656 0.347656 0.469727 0.344727
1 0.453125 0.343750 0.453125 0.347656 0.456055 0.350586 0.456055 0.351562 0.457031 0.352539 0.458008 0.352539 0.458984 0.353516 0.458008 0.354492 0.459961 0.352539 0.457031 0.349609 0.457031 0.348633 0.453125 0.344727
1 0.452148 0.341797 0.451172 0.340820 0.450195 0.341797 0.449219 0.341797 0.450195 0.341797 0.451172 0.340820
0 0.745117 0.478516 0.745117 0.480469 0.744141 0.481445 0.744141 0.488281 0.743164 0.489258 0.743164 0.496094 0.742188 0.497070 0.743164 0.498047 0.743164 0.501953 0.744141 0.502930 0.744141 0.506836 0.745117 0.507812 0.745117 0.511719 0.746094 0.512695 0.746094 0.515625 0.773438 0.515625 0.773438 0.513672 0.774414 0.512695 0.774414 0.502930 0.775391 0.501953 0.775391 0.499023 0.774414 0.499023 0.772461 0.497070 0.772461 0.495117 0.773438 0.494141 0.775391 0.494141 0.775391 0.493164 0.774414 0.492188 0.774414 0.487305 0.773438 0.486328 0.773438 0.481445 0.772461 0.480469 0.772461 0.477539 0.757812 0.477539 0.756836 0.478516
1 0.773438 0.495117 0.773438 0.497070 0.774414 0.498047 0.776367 0.498047 0.777344 0.497070 0.791992 0.497070 0.791992 0.494141 0.777344 0.494141 0.776367 0.495117
0 0.645508 0.629883 0.645508 0.635742 0.644531 0.636719 0.644531 0.646484 0.643555 0.647461 0.643555 0.654297 0.647461 0.658203 0.647461 0.659180 0.650391 0.662109 0.673828 0.662109 0.674805 0.661133 0.674805 0.652344 0.675781 0.651367 0.675781 0.642578 0.676758 0.641602 0.676758 0.638672 0.668945 0.630859 0.648438 0.630859 0.647461 0.629883
0 0.449219 0.450195 0.449219 0.451172 0.452148 0.451172 0.453125 0.452148 0.452148 0.453125 0.453125 0.454102 0.454102 0.453125 0.455078 0.454102 0.456055 0.453125 0.457031 0.454102 0.458984 0.454102 0.459961 0.455078 0.459961 0.456055 0.461914 0.458008 0.460938 0.458984 0.460938 0.462891 0.462891 0.464844 0.460938 0.466797 0.458984 0.466797 0.457031 0.464844 0.458008 0.463867 0.458008 0.462891 0.457031 0.461914 0.456055 0.461914 0.454102 0.459961 0.455078 0.458984 0.453125 0.457031 0.451172 0.457031 0.450195 0.458008 0.452148 0.459961 0.451172 0.460938 0.451172 0.461914 0.453125 0.463867 0.454102 0.463867 0.457031 0.466797 0.457031 0.467773 0.454102 0.470703 0.452148 0.470703 0.453125 0.471680 0.453125 0.478516 0.456055 0.478516 0.457031 0.477539 0.458008 0.478516 0.458008 0.479492 0.458984 0.479492 0.459961 0.480469 0.460938 0.479492 0.460938 0.478516 0.461914 0.477539 0.461914 0.476562 0.463867 0.474609 0.463867 0.473633 0.464844 0.472656 0.464844 0.471680 0.466797 0.469727 0.466797 0.468750 0.467773 0.467773 0.467773 0.462891 0.466797 0.461914 0.466797 0.458008 0.465820 0.458008 0.464844 0.457031 0.463867 0.457031 0.462891 0.456055 0.461914 0.456055 0.460938 0.455078 0.459961 0.455078 0.458984 0.454102 0.457031 0.454102 0.456055 0.453125 0.455078 0.453125 0.454102 0.452148 0.453125 0.452148 0.452148 0.451172 0.450195 0.451172
1 0.663086 0.649414 0.664062 0.650391 0.663086 0.651367 0.664062 0.652344 0.664062 0.653320 0.667969 0.657227 0.668945 0.657227 0.669922 0.656250 0.669922 0.655273 0.666992 0.652344 0.666016 0.652344 0.665039 0.651367 0.665039 0.650391 0.664062 0.649414
0 0.458008 0.471680 0.457031 0.472656 0.457031 0.473633 0.458008 0.474609 0.458008 0.475586 0.458984 0.475586 0.459961 0.474609 0.459961 0.473633
0 0.448242 0.450195 0.448242 0.451172 0.447266 0.452148 0.447266 0.453125 0.445312 0.455078 0.445312 0.456055 0.444336 0.457031 0.444336 0.458008 0.443359 0.458984 0.443359 0.459961 0.441406 0.461914 0.441406 0.462891 0.440430 0.463867 0.440430 0.464844 0.439453 0.465820 0.439453 0.470703 0.440430 0.471680 0.440430 0.475586 0.441406 0.475586 0.442383 0.476562 0.443359 0.476562 0.444336 0.477539 0.446289 0.477539 0.447266 0.478516 0.448242 0.478516 0.449219 0.479492 0.450195 0.479492 0.451172 0.480469 0.452148 0.480469 0.453125 0.481445 0.455078 0.481445 0.456055 0.482422 0.457031 0.482422 0.458008 0.483398 0.459961 0.481445 0.458984 0.480469 0.458008 0.480469 0.457031 0.479492 0.457031 0.478516 0.456055 0.479492 0.453125 0.479492 0.452148 0.478516 0.452148 0.471680 0.451172 0.470703 0.452148 0.469727 0.454102 0.469727 0.456055 0.467773 0.456055 0.466797 0.454102 0.464844 0.453125 0.464844 0.450195 0.461914 0.450195 0.460938 0.451172 0.459961 0.449219 0.458008 0.451172 0.456055 0.453125 0.456055 0.456055 0.458984 0.455078 0.459961 0.456055 0.460938 0.457031 0.460938 0.458984 0.462891 0.458984 0.463867 0.458008 0.464844 0.458984 0.465820 0.460938 0.465820 0.461914 0.464844 0.459961 0.462891 0.459961 0.458984 0.461914 0.457031 0.460938 0.456055 0.459961 0.457031 0.458984 0.456055 0.458984 0.455078 0.457031 0.455078 0.456055 0.454102 0.457031 0.453125 0.455078 0.455078 0.454102 0.454102 0.453125 0.455078 0.451172 0.453125 0.452148 0.452148 0.449219 0.452148 0.448242 0.451172
