0 0.511719 0.564453 0.510742 0.565430 0.509766 0.565430 0.506836 0.568359 0.505859 0.568359 0.502930 0.571289 0.501953 0.571289 0.499023 0.574219 0.498047 0.574219 0.497070 0.575195 0.497070 0.576172 0.498047 0.577148 0.498047 0.578125 0.499023 0.579102 0.499023 0.580078 0.500000 0.581055 0.500000 0.583008 0.503906 0.586914 0.503906 0.587891 0.507812 0.591797 0.507812 0.592773 0.510742 0.595703 0.512695 0.593750 0.513672 0.593750 0.515625 0.591797 0.516602 0.591797 0.519531 0.588867 0.520508 0.588867 0.523438 0.585938 0.524414 0.585938 0.525391 0.584961 0.524414 0.583984 0.524414 0.583008 0.523438 0.582031 0.523438 0.581055 0.522461 0.580078 0.522461 0.579102 0.521484 0.578125 0.521484 0.577148 0.518555 0.574219 0.518555 0.573242 0.515625 0.570312 0.515625 0.569336 0.511719 0.565430
1 0.511719 0.583984 0.512695 0.584961 0.512695 0.585938 0.513672 0.586914 0.513672 0.587891 0.515625 0.589844 0.515625 0.587891 0.514648 0.586914 0.514648 0.584961 0.513672 0.583984
0 0.518555 0.411133 0.517578 0.410156 0.510742 0.410156 0.509766 0.411133 0.502930 0.411133 0.501953 0.412109 0.497070 0.412109 0.496094 0.413086 0.491211 0.413086 0.490234 0.414062 0.489258 0.414062 0.489258 0.416016 0.490234 0.416992 0.490234 0.422852 0.491211 0.423828 0.491211 0.429688 0.492188 0.430664 0.492188 0.433594 0.500977 0.433594 0.501953 0.432617 0.508789 0.432617 0.509766 0.431641 0.513672 0.431641 0.514648 0.430664 0.518555 0.430664 0.519531 0.429688 0.520508 0.429688 0.520508 0.425781 0.519531 0.424805 0.519531 0.421875 0.515625 0.421875 0.514648 0.422852 0.513672 0.422852 0.512695 0.421875 0.512695 0.419922 0.513672 0.418945 0.519531 0.418945 0.519531 0.417969 0.518555 0.416992
1 0.524414 0.418945 0.522461 0.418945 0.521484 0.419922 0.513672 0.419922 0.513672 0.421875 0.514648 0.421875 0.515625 0.420898 0.524414 0.420898
0 0.472656 0.498047 0.471680 0.499023 0.470703 0.499023 0.465820 0.503906 0.464844 0.503906 0.463867 0.504883 0.463867 0.505859 0.462891 0.506836 0.462891 0.507812 0.460938 0.509766 0.460938 0.510742 0.459961 0.511719 0.459961 0.512695 0.458984 0.513672 0.458984 0.514648 0.458008 0.515625 0.458008 0.516602 0.457031 0.517578 0.459961 0.520508 0.460938 0.520508 0.463867 0.523438 0.464844 0.523438 0.467773 0.526367 0.468750 0.526367 0.470703 0.528320 0.471680 0.528320 0.476562 0.523438 0.477539 0.523438 0.479492 0.521484 0.479492 0.520508 0.478516 0.519531 0.478516 0.518555 0.479492 0.517578 0.481445 0.517578 0.482422 0.516602 0.482422 0.515625 0.484375 0.513672 0.484375 0.512695 0.485352 0.511719 0.485352 0.510742 0.487305 0.508789 0.485352 0.506836 0.484375 0.506836 0.481445 0.503906 0.480469 0.503906 0.477539 0.500977 0.476562 0.500977 0.474609 0.499023 0.473633 0.499023
1 0.479492 0.518555 0.479492 0.519531 0.482422 0.522461 0.483398 0.522461 0.486328 0.525391 0.487305 0.525391 0.488281 0.526367 0.489258 0.526367 0.489258 0.525391 0.485352 0.521484 0.484375 0.521484 0.481445 0.518555
0 0.730469 0.522461 0.721680 0.522461 0.720703 0.523438 0.710938 0.523438 0.709961 0.524414 0.708984 0.524414 0.708008 0.525391 0.708008 0.526367 0.707031 0.527344 0.707031 0.528320 0.706055 0.529297 0.706055 0.530273 0.705078 0.531250 0.705078 0.532227 0.703125 0.534180 0.703125 0.535156 0.702148 0.536133 0.703125 0.537109 0.703125 0.538086 0.704102 0.539062 0.704102 0.541016 0.705078 0.541992 0.705078 0.543945 0.706055 0.544922 0.706055 0.546875 0.707031 0.547852 0.707031 0.548828 0.708008 0.549805 0.708008 0.551758 0.708984 0.552734 0.708984 0.554688 0.711914 0.554688 0.709961 0.552734 0.709961 0.551758 0.710938 0.550781 0.710938 0.549805 0.711914 0.548828 0.711914 0.547852 0.712891 0.546875 0.712891 0.545898 0.715820 0.542969 0.716797 0.542969 0.717773 0.543945 0.717773 0.546875 0.716797 0.547852 0.716797 0.548828 0.715820 0.549805 0.715820 0.550781 0.714844 0.551758 0.714844 0.552734 0.713867 0.553711 0.724609 0.553711 0.725586 0.552734 0.730469 0.552734 0.730469 0.551758 0.731445 0.550781 0.731445 0.549805 0.732422 0.548828 0.732422 0.547852 0.733398 0.546875 0.733398 0.545898 0.734375 0.544922 0.734375 0.543945 0.735352 0.542969 0.735352 0.541992 0.736328 0.541016 0.736328 0.540039 0.735352 0.539062 0.735352 0.537109 0.734375 0.536133 0.734375 0.534180 0.733398 0.533203 0.733398 0.531250 0.732422 0.530273 0.732422 0.528320 0.731445 0.527344 0.731445 0.525391 0.730469 0.524414
1 0.716797 0.543945 0.715820 0.543945 0.713867 0.545898 0.713867 0.546875 0.712891 0.547852 0.712891 0.548828 0.711914 0.549805 0.711914 0.550781 0.710938 0.551758 0.710938 0.552734 0.711914 0.553711 0.712891 0.553711 0.713867 0.552734 0.713867 0.551758 0.714844 0.550781 0.714844 0.549805 0.715820 0.548828 0.715820 0.547852 0.716797 0.546875
0 0.470703 0.468750 0.470703 0.488281 0.469727 0.489258 0.469727 0.496094 0.470703 0.497070 0.472656 0.497070 0.473633 0.498047 0.475586 0.498047 0.476562 0.499023 0.478516 0.499023 0.479492 0.500000 0.482422 0.500000 0.483398 0.500977 0.485352 0.500977 0.486328 0.501953 0.489258 0.501953 0.490234 0.500977 0.498047 0.500977 0.499023 0.500000 0.505859 0.500000 0.506836 0.499023 0.509766 0.499023 0.510742 0.498047 0.510742 0.474609 0.511719 0.473633 0.511719 0.470703 0.509766 0.470703 0.508789 0.469727 0.505859 0.469727 0.504883 0.468750 0.501953 0.468750 0.500977 0.467773 0.498047 0.467773 0.497070 0.466797 0.484375 0.466797 0.483398 0.467773 0.472656 0.467773 0.471680 0.468750
0 0.689453 0.660156 0.689453 0.668945 0.690430 0.669922 0.690430 0.689453 0.691406 0.690430 0.712891 0.690430 0.712891 0.673828 0.711914 0.672852 0.711914 0.660156
0 0.347656 0.439453 0.345703 0.441406 0.344727 0.441406 0.342773 0.443359 0.341797 0.443359 0.339844 0.445312 0.338867 0.445312 0.336914 0.447266 0.337891 0.447266 0.338867 0.448242 0.339844 0.448242 0.340820 0.449219 0.341797 0.449219 0.342773 0.450195 0.343750 0.450195 0.344727 0.451172 0.344727 0.453125 0.343750 0.454102 0.342773 0.454102 0.341797 0.453125 0.339844 0.453125 0.338867 0.452148 0.337891 0.452148 0.336914 0.451172 0.335938 0.451172 0.333984 0.449219 0.333984 0.451172 0.334961 0.452148 0.334961 0.454102 0.335938 0.455078 0.335938 0.457031 0.336914 0.458008 0.336914 0.459961 0.337891 0.460938 0.337891 0.462891 0.338867 0.463867 0.338867 0.465820 0.339844 0.465820 0.340820 0.466797 0.342773 0.466797 0.343750 0.467773 0.344727 0.467773 0.345703 0.468750 0.346680 0.468750 0.347656 0.469727 0.349609 0.469727 0.350586 0.470703 0.352539 0.470703 0.354492 0.468750 0.355469 0.468750 0.357422 0.466797 0.358398 0.466797 0.360352 0.464844 0.361328 0.464844 0.363281 0.462891 0.364258 0.462891 0.366211 0.460938 0.366211 0.458984 0.365234 0.458008 0.365234 0.456055 0.364258 0.455078 0.364258 0.453125 0.363281 0.452148 0.363281 0.450195 0.362305 0.449219 0.362305 0.447266 0.361328 0.446289 0.361328 0.445312 0.360352 0.444336 0.359375 0.444336 0.358398 0.443359 0.357422 0.443359 0.356445 0.442383 0.355469 0.442383 0.354492 0.441406 0.353516 0.441406 0.352539 0.440430 0.351562 0.440430 0.350586 0.439453
1 0.333984 0.448242 0.335938 0.450195 0.336914 0.450195 0.337891 0.451172 0.338867 0.451172 0.339844 0.452148 0.341797 0.452148 0.342773 0.453125 0.343750 0.453125 0.343750 0.451172 0.342773 0.451172 0.341797 0.450195 0.340820 0.450195 0.339844 0.449219 0.338867 0.449219 0.337891 0.448242 0.335938 0.448242 0.334961 0.447266
0 0.322266 0.314453 0.318359 0.314453 0.317383 0.315430 0.315430 0.315430 0.314453 0.316406 0.312500 0.316406 0.311523 0.317383 0.309570 0.317383 0.308594 0.318359 0.306641 0.318359 0.305664 0.319336 0.303711 0.319336 0.302734 0.320312 0.301758 0.320312 0.292969 0.329102 0.293945 0.330078 0.293945 0.331055 0.294922 0.332031 0.294922 0.333008 0.295898 0.333984 0.295898 0.334961 0.296875 0.335938 0.296875 0.336914 0.297852 0.337891 0.297852 0.338867 0.298828 0.339844 0.298828 0.340820 0.299805 0.341797 0.299805 0.342773 0.300781 0.343750 0.300781 0.344727 0.301758 0.345703 0.301758 0.346680 0.302734 0.347656 0.302734 0.348633 0.303711 0.349609 0.303711 0.350586 0.304688 0.349609 0.306641 0.349609 0.307617 0.348633 0.309570 0.348633 0.310547 0.347656 0.312500 0.347656 0.313477 0.346680 0.315430 0.346680 0.316406 0.345703 0.318359 0.345703 0.319336 0.344727 0.321289 0.344727 0.322266 0.343750 0.323242 0.343750 0.330078 0.336914 0.331055 0.336914 0.333008 0.334961 0.332031 0.333984 0.332031 0.333008 0.330078 0.331055 0.330078 0.330078 0.329102 0.329102 0.329102 0.328125 0.328125 0.327148 0.328125 0.326172 0.327148 0.325195 0.327148 0.324219 0.326172 0.323242 0.326172 0.322266 0.325195 0.321289 0.325195 0.320312 0.324219 0.319336 0.324219 0.318359 0.323242 0.317383 0.323242 0.316406 0.322266 0.315430
