0 0.558594 0.625000 0.556641 0.625000 0.555664 0.625977 0.553711 0.625977 0.552734 0.626953 0.550781 0.626953 0.549805 0.627930 0.547852 0.627930 0.547852 0.628906 0.545898 0.630859 0.545898 0.631836 0.543945 0.633789 0.543945 0.634766 0.541992 0.636719 0.541992 0.637695 0.539062 0.640625 0.539062 0.641602 0.538086 0.642578 0.538086 0.643555 0.551758 0.657227 0.552734 0.657227 0.553711 0.656250 0.555664 0.656250 0.556641 0.655273 0.558594 0.655273 0.559570 0.654297 0.560547 0.654297 0.561523 0.653320 0.562500 0.653320 0.563477 0.652344 0.563477 0.651367 0.566406 0.648438 0.566406 0.647461 0.568359 0.645508 0.568359 0.644531 0.570312 0.642578 0.570312 0.641602 0.573242 0.638672 0.562500 0.627930 0.561523 0.627930
1 0.539062 0.624023 0.538086 0.625000 0.544922 0.631836 0.544922 0.630859 0.545898 0.629883 0.540039 0.624023
0 0.553711 0.465820 0.553711 0.466797 0.551758 0.468750 0.551758 0.469727 0.550781 0.470703 0.550781 0.471680 0.548828 0.473633 0.548828 0.474609 0.547852 0.475586 0.547852 0.476562 0.545898 0.478516 0.545898 0.479492 0.547852 0.479492 0.548828 0.480469 0.548828 0.483398 0.547852 0.484375 0.546875 0.484375 0.545898 0.483398 0.544922 0.483398 0.544922 0.491211 0.543945 0.492188 0.543945 0.498047 0.544922 0.499023 0.547852 0.499023 0.548828 0.500000 0.550781 0.500000 0.551758 0.500977 0.554688 0.500977 0.555664 0.501953 0.558594 0.501953 0.559570 0.502930 0.561523 0.502930 0.562500 0.503906 0.566406 0.503906 0.567383 0.502930 0.567383 0.501953 0.569336 0.500000 0.569336 0.499023 0.571289 0.497070 0.571289 0.496094 0.573242 0.494141 0.573242 0.493164 0.574219 0.492188 0.574219 0.489258 0.575195 0.488281 0.575195 0.477539 0.576172 0.476562 0.576172 0.472656 0.575195 0.472656 0.574219 0.471680 0.572266 0.471680 0.571289 0.470703 0.568359 0.470703 0.567383 0.469727 0.565430 0.469727 0.564453 0.468750 0.561523 0.468750 0.560547 0.467773 0.558594 0.467773 0.557617 0.466797 0.554688 0.466797
1 0.533203 0.476562 0.533203 0.479492 0.535156 0.479492 0.536133 0.480469 0.539062 0.480469 0.540039 0.481445 0.541992 0.481445 0.542969 0.482422 0.545898 0.482422 0.546875 0.483398 0.547852 0.483398 0.547852 0.480469 0.545898 0.480469 0.544922 0.479492 0.541992 0.479492 0.541016 0.478516 0.539062 0.478516 0.538086 0.477539 0.535156 0.477539 0.534180 0.476562
0 0.622070 0.587891 0.621094 0.588867 0.619141 0.588867 0.618164 0.589844 0.617188 0.589844 0.616211 0.590820 0.614258 0.590820 0.613281 0.591797 0.612305 0.591797 0.611328 0.592773 0.609375 0.592773 0.608398 0.593750 0.606445 0.593750 0.605469 0.594727 0.604492 0.594727 0.603516 0.595703 0.602539 0.595703 0.602539 0.597656 0.603516 0.598633 0.603516 0.601562 0.604492 0.602539 0.604492 0.606445 0.605469 0.607422 0.605469 0.610352 0.606445 0.611328 0.606445 0.613281 0.608398 0.615234 0.608398 0.616211 0.611328 0.619141 0.611328 0.620117 0.614258 0.623047 0.614258 0.624023 0.615234 0.624023 0.616211 0.623047 0.618164 0.623047 0.619141 0.622070 0.621094 0.622070 0.622070 0.621094 0.623047 0.621094 0.624023 0.620117 0.625977 0.620117 0.626953 0.619141 0.627930 0.619141 0.628906 0.618164 0.630859 0.618164 0.631836 0.617188 0.633789 0.617188 0.634766 0.616211 0.634766 0.615234 0.633789 0.614258 0.633789 0.611328 0.632812 0.610352 0.632812 0.607422 0.631836 0.606445 0.631836 0.603516 0.630859 0.602539 0.630859 0.600586 0.629883 0.599609 0.629883 0.598633 0.628906 0.597656 0.628906 0.596680 0.626953 0.594727 0.626953 0.593750 0.624023 0.590820 0.624023 0.589844
1 0.605469 0.611328 0.604492 0.610352 0.603516 0.610352 0.602539 0.611328 0.601562 0.611328 0.600586 0.612305 0.598633 0.612305 0.597656 0.613281 0.595703 0.613281 0.594727 0.614258 0.594727 0.615234 0.595703 0.616211 0.596680 0.616211 0.597656 0.615234 0.598633 0.615234 0.599609 0.614258 0.601562 0.614258 0.602539 0.613281 0.603516 0.613281 0.604492 0.612305 0.605469 0.612305
0 0.302734 0.539062 0.302734 0.540039 0.301758 0.541016 0.301758 0.543945 0.300781 0.544922 0.300781 0.546875 0.299805 0.547852 0.299805 0.549805 0.298828 0.550781 0.298828 0.552734 0.297852 0.553711 0.297852 0.557617 0.296875 0.558594 0.296875 0.562500 0.295898 0.563477 0.295898 0.567383 0.294922 0.568359 0.294922 0.570312 0.298828 0.570312 0.299805 0.571289 0.302734 0.571289 0.303711 0.572266 0.306641 0.572266 0.307617 0.573242 0.311523 0.573242 0.312500 0.574219 0.315430 0.574219 0.316406 0.575195 0.317383 0.575195 0.317383 0.574219 0.318359 0.573242 0.318359 0.571289 0.319336 0.570312 0.319336 0.568359 0.320312 0.567383 0.320312 0.565430 0.321289 0.564453 0.321289 0.562500 0.322266 0.561523 0.322266 0.559570 0.323242 0.558594 0.323242 0.552734 0.324219 0.551758 0.324219 0.546875 0.325195 0.545898 0.325195 0.543945 0.323242 0.543945 0.322266 0.542969 0.319336 0.542969 0.318359 0.541992 0.315430 0.541992 0.314453 0.541016 0.311523 0.541016 0.310547 0.540039 0.306641 0.540039 0.305664 0.539062
0 0.323242 0.596680 0.321289 0.594727 0.320312 0.595703 0.319336 0.595703 0.318359 0.596680 0.318359 0.597656 0.317383 0.598633 0.318359 0.599609 0.317383 0.600586 0.318359 0.599609 0.321289 0.599609 0.322266 0.598633 0.321289 0.597656 0.322266 0.596680
0 0.313477 0.590820 0.313477 0.592773 0.314453 0.591797 0.316406 0.591797 0.316406 0.590820
0 0.330078 0.587891 0.328125 0.587891 0.327148 0.588867 0.328125 0.589844 0.327148 0.590820 0.326172 0.590820 0.327148 0.591797 0.326172 0.592773 0.327148 0.593750 0.327148 0.594727 0.328125 0.594727 0.329102 0.595703 0.329102 0.593750 0.330078 0.592773 0.330078 0.591797 0.331055 0.590820 0.332031 0.590820 0.331055 0.589844 0.331055 0.588867
0 0.425781 0.282227 0.423828 0.284180 0.423828 0.285156 0.421875 0.287109 0.421875 0.288086 0.419922 0.290039 0.419922 0.291016 0.417969 0.292969 0.417969 0.293945 0.416992 0.294922 0.416992 0.309570 0.417969 0.310547 0.418945 0.310547 0.419922 0.311523 0.421875 0.311523 0.422852 0.312500 0.424805 0.312500 0.425781 0.313477 0.426758 0.313477 0.427734 0.314453 0.429688 0.314453 0.430664 0.315430 0.432617 0.315430 0.433594 0.316406 0.435547 0.316406 0.436523 0.315430 0.436523 0.314453 0.437500 0.313477 0.437500 0.312500 0.439453 0.310547 0.439453 0.309570 0.441406 0.307617 0.441406 0.306641 0.442383 0.305664 0.441406 0.305664 0.439453 0.303711 0.439453 0.302734 0.440430 0.301758 0.443359 0.301758 0.443359 0.298828 0.444336 0.297852 0.444336 0.289062 0.443359 0.288086 0.442383 0.288086 0.441406 0.287109 0.439453 0.287109 0.438477 0.286133 0.436523 0.286133 0.435547 0.285156 0.433594 0.285156 0.432617 0.284180 0.431641 0.284180 0.430664 0.283203 0.428711 0.283203 0.427734 0.282227
1 0.440430 0.303711 0.441406 0.304688 0.442383 0.304688 0.443359 0.305664 0.445312 0.305664 0.446289 0.306641 0.448242 0.306641 0.449219 0.307617 0.450195 0.307617 0.451172 0.308594 0.452148 0.308594 0.453125 0.307617 0.453125 0.306641 0.452148 0.306641 0.451172 0.305664 0.452148 0.306641 0.451172 0.307617 0.450195 0.307617 0.449219 0.306641 0.449219 0.305664 0.448242 0.304688 0.447266 0.304688 0.446289 0.303711 0.444336 0.303711 0.443359 0.302734 0.441406 0.302734
0 0.327148 0.587891 0.326172 0.588867 0.322266 0.588867 0.321289 0.589844 0.318359 0.589844 0.317383 0.590820 0.317383 0.591797 0.316406 0.592773 0.314453 0.592773 0.313477 0.593750 0.312500 0.592773 0.312500 0.591797 0.311523 0.592773 0.311523 0.598633 0.312500 0.599609 0.312500 0.607422 0.313477 0.608398 0.313477 0.610352 0.314453 0.611328 0.314453 0.612305 0.315430 0.613281 0.315430 0.614258 0.316406 0.615234 0.316406 0.617188 0.317383 0.618164 0.318359 0.618164 0.319336 0.617188 0.323242 0.617188 0.324219 0.616211 0.327148 0.616211 0.328125 0.615234 0.332031 0.615234 0.333008 0.614258 0.335938 0.614258 0.336914 0.613281 0.335938 0.612305 0.335938 0.602539 0.334961 0.601562 0.334961 0.596680 0.333984 0.595703 0.333984 0.594727 0.333008 0.593750 0.333008 0.592773 0.332031 0.591797 0.331055 0.591797 0.331055 0.592773 0.330078 0.593750 0.330078 0.595703 0.329102 0.596680 0.328125 0.595703 0.327148 0.595703 0.326172 0.594727 0.326172 0.593750 0.325195 0.592773 0.326172 0.591797 0.325195 0.590820 0.326172 0.589844 0.327148 0.589844 0.326172 0.588867
1 0.324219 0.617188 0.325195 0.618164 0.325195 0.623047 0.326172 0.623047 0.326172 0.617188
0 0.687500 0.451172 0.687500 0.472656 0.688477 0.472656 0.689453 0.473633 0.691406 0.473633 0.692383 0.474609 0.695312 0.474609 0.696289 0.475586 0.698242 0.475586 0.699219 0.476562 0.702148 0.476562 0.703125 0.475586 0.710938 0.475586 0.711914 0.474609 0.717773 0.474609 0.717773 0.458008 0.718750 0.457031 0.718750 0.453125 0.716797 0.453125 0.715820 0.452148 0.713867 0.452148 0.712891 0.451172 0.710938 0.451172 0.709961 0.450195 0.708984 0.450195 0.708008 0.449219 0.702148 0.449219 0.701172 0.450195 0.694336 0.450195 0.693359 0.451172
1 0.704102 0.437500 0.703125 0.438477 0.702148 0.438477 0.702148 0.448242 0.704102 0.448242 0.704102 0.442383 0.705078 0.441406 0.705078 0.438477
0 0.683594 0.267578 0.673828 0.277344 0.673828 0.278320 0.667969 0.284180 0.667969 0.289062 0.666992 0.290039 0.666992 0.293945 0.669922 0.296875 0.670898 0.296875 0.674805 0.300781 0.675781 0.300781 0.679688 0.304688 0.680664 0.304688 0.683594 0.307617 0.684570 0.307617 0.701172 0.291016 0.701172 0.281250 0.698242 0.278320 0.697266 0.278320 0.693359 0.274414 0.692383 0.274414 0.687500 0.269531 0.686523 0.269531 0.684570 0.267578
1 0.695312 0.297852 0.699219 0.301758 0.700195 0.301758 0.703125 0.304688 0.705078 0.304688 0.705078 0.302734 0.704102 0.301758 0.703125 0.301758 0.699219 0.297852 0.698242 0.297852 0.697266 0.296875 0.696289 0.296875
