0 0.495117 0.468750 0.489258 0.468750 0.488281 0.469727 0.481445 0.469727 0.480469 0.470703 0.478516 0.470703 0.476562 0.472656 0.476562 0.473633 0.473633 0.476562 0.473633 0.477539 0.471680 0.479492 0.471680 0.480469 0.470703 0.481445 0.470703 0.482422 0.471680 0.483398 0.472656 0.483398 0.473633 0.482422 0.477539 0.482422 0.479492 0.484375 0.477539 0.486328 0.472656 0.486328 0.473633 0.487305 0.473633 0.488281 0.474609 0.489258 0.474609 0.491211 0.475586 0.492188 0.475586 0.493164 0.476562 0.494141 0.476562 0.495117 0.477539 0.496094 0.477539 0.497070 0.478516 0.498047 0.479492 0.497070 0.486328 0.497070 0.487305 0.496094 0.493164 0.496094 0.494141 0.495117 0.495117 0.495117 0.495117 0.494141 0.498047 0.491211 0.498047 0.490234 0.500977 0.487305 0.500977 0.486328 0.501953 0.485352 0.501953 0.483398 0.500977 0.482422 0.500977 0.480469 0.500000 0.479492 0.500000 0.478516 0.499023 0.477539 0.499023 0.476562 0.498047 0.475586 0.498047 0.474609 0.497070 0.473633 0.497070 0.472656 0.496094 0.471680 0.496094 0.470703 0.495117 0.469727
1 0.478516 0.484375 0.477539 0.483398 0.473633 0.483398 0.472656 0.484375 0.466797 0.484375 0.465820 0.485352 0.466797 0.486328 0.471680 0.486328 0.472656 0.485352 0.477539 0.485352
0 0.559570 0.441406 0.549805 0.441406 0.548828 0.442383 0.540039 0.442383 0.539062 0.443359 0.538086 0.443359 0.538086 0.446289 0.537109 0.447266 0.537109 0.450195 0.536133 0.451172 0.536133 0.453125 0.535156 0.454102 0.535156 0.456055 0.536133 0.457031 0.536133 0.459961 0.537109 0.460938 0.537109 0.463867 0.538086 0.464844 0.538086 0.466797 0.539062 0.467773 0.539062 0.470703 0.540039 0.471680 0.540039 0.472656 0.543945 0.472656 0.544922 0.471680 0.555664 0.471680 0.556641 0.470703 0.560547 0.470703 0.560547 0.469727 0.561523 0.468750 0.561523 0.464844 0.562500 0.463867 0.562500 0.460938 0.563477 0.459961 0.563477 0.457031 0.562500 0.456055 0.562500 0.453125 0.561523 0.452148 0.561523 0.449219 0.560547 0.448242 0.560547 0.445312 0.559570 0.444336
1 0.535156 0.457031 0.530273 0.457031 0.529297 0.458008 0.525391 0.458008 0.525391 0.459961 0.530273 0.459961 0.531250 0.458984 0.535156 0.458984
0 0.593750 0.332031 0.587891 0.337891 0.587891 0.338867 0.585938 0.340820 0.585938 0.345703 0.584961 0.346680 0.584961 0.353516 0.583984 0.354492 0.583984 0.357422 0.584961 0.358398 0.586914 0.358398 0.587891 0.359375 0.589844 0.359375 0.590820 0.360352 0.592773 0.360352 0.593750 0.361328 0.595703 0.361328 0.596680 0.362305 0.598633 0.362305 0.599609 0.363281 0.602539 0.363281 0.608398 0.357422 0.608398 0.356445 0.610352 0.354492 0.610352 0.351562 0.611328 0.350586 0.611328 0.344727 0.612305 0.343750 0.612305 0.336914 0.610352 0.336914 0.609375 0.335938 0.607422 0.335938 0.606445 0.334961 0.604492 0.334961 0.603516 0.333984 0.601562 0.333984 0.600586 0.333008 0.597656 0.333008 0.596680 0.332031
1 0.576172 0.340820 0.576172 0.341797 0.578125 0.341797 0.579102 0.342773 0.581055 0.342773 0.582031 0.343750 0.583984 0.343750 0.584961 0.344727 0.584961 0.341797 0.582031 0.341797 0.581055 0.340820 0.579102 0.340820 0.578125 0.339844 0.577148 0.339844
0 0.479492 0.386719 0.471680 0.386719 0.470703 0.387695 0.468750 0.387695 0.467773 0.388672 0.465820 0.388672 0.464844 0.389648 0.463867 0.389648 0.462891 0.390625 0.460938 0.390625 0.459961 0.391602 0.458008 0.391602 0.457031 0.392578 0.456055 0.392578 0.456055 0.394531 0.457031 0.395508 0.457031 0.397461 0.458008 0.398438 0.458008 0.400391 0.458984 0.401367 0.458984 0.403320 0.459961 0.404297 0.459961 0.406250 0.460938 0.407227 0.460938 0.410156 0.461914 0.411133 0.467773 0.411133 0.468750 0.410156 0.470703 0.410156 0.471680 0.409180 0.473633 0.409180 0.474609 0.408203 0.476562 0.408203 0.477539 0.407227 0.478516 0.407227 0.479492 0.406250 0.481445 0.406250 0.482422 0.405273 0.484375 0.405273 0.485352 0.404297 0.485352 0.403320 0.484375 0.402344 0.484375 0.400391 0.483398 0.399414 0.483398 0.397461 0.482422 0.396484 0.482422 0.394531 0.481445 0.393555 0.481445 0.391602 0.480469 0.390625 0.480469 0.388672 0.479492 0.387695
1 0.462891 0.376953 0.462891 0.377930 0.463867 0.378906 0.463867 0.380859 0.464844 0.381836 0.464844 0.383789 0.465820 0.384766 0.465820 0.387695 0.467773 0.387695 0.467773 0.385742 0.466797 0.384766 0.466797 0.382812 0.465820 0.381836 0.465820 0.379883 0.464844 0.378906 0.464844 0.376953
0 0.418945 0.414062 0.416016 0.414062 0.415039 0.415039 0.414062 0.415039 0.412109 0.416992 0.411133 0.416992 0.407227 0.420898 0.406250 0.420898 0.402344 0.424805 0.401367 0.424805 0.396484 0.429688 0.398438 0.431641 0.398438 0.432617 0.402344 0.436523 0.402344 0.437500 0.406250 0.441406 0.406250 0.442383 0.410156 0.446289 0.410156 0.447266 0.411133 0.448242 0.415039 0.448242 0.417969 0.445312 0.418945 0.445312 0.423828 0.440430 0.424805 0.440430 0.429688 0.435547 0.430664 0.435547 0.433594 0.432617 0.429688 0.428711 0.429688 0.427734 0.426758 0.424805 0.426758 0.423828 0.422852 0.419922 0.422852 0.418945 0.418945 0.415039
1 0.436523 0.414062 0.435547 0.413086 0.434570 0.414062 0.433594 0.414062 0.428711 0.418945 0.427734 0.418945 0.425781 0.420898 0.425781 0.421875 0.426758 0.422852 0.430664 0.418945 0.431641 0.418945 0.435547 0.415039 0.436523 0.415039
0 0.723633 0.560547 0.722656 0.561523 0.719727 0.561523 0.718750 0.562500 0.715820 0.562500 0.714844 0.563477 0.712891 0.563477 0.711914 0.564453 0.708984 0.564453 0.708008 0.565430 0.705078 0.565430 0.704102 0.566406 0.703125 0.566406 0.703125 0.588867 0.704102 0.588867 0.706055 0.590820 0.707031 0.590820 0.708984 0.592773 0.709961 0.592773 0.711914 0.594727 0.712891 0.594727 0.713867 0.595703 0.714844 0.595703 0.716797 0.597656 0.720703 0.597656 0.721680 0.596680 0.724609 0.596680 0.725586 0.595703 0.727539 0.595703 0.728516 0.594727 0.731445 0.594727 0.732422 0.593750 0.734375 0.593750 0.735352 0.592773 0.738281 0.592773 0.738281 0.582031 0.739258 0.581055 0.739258 0.570312 0.738281 0.569336 0.737305 0.569336 0.735352 0.567383 0.734375 0.567383 0.733398 0.566406 0.732422 0.566406 0.730469 0.564453 0.729492 0.564453 0.728516 0.563477 0.727539 0.563477 0.725586 0.561523 0.724609 0.561523
0 0.578125 0.445312 0.578125 0.452148 0.582031 0.452148 0.581055 0.451172 0.582031 0.450195 0.581055 0.449219 0.581055 0.447266 0.579102 0.445312
1 0.745117 0.572266 0.744141 0.571289 0.743164 0.571289 0.741211 0.573242 0.740234 0.572266 0.741211 0.573242 0.740234 0.574219 0.740234 0.575195 0.741211 0.575195 0.742188 0.574219 0.745117 0.574219
0 0.579102 0.433594 0.579102 0.443359 0.578125 0.444336 0.579102 0.444336 0.582031 0.447266 0.582031 0.449219 0.583008 0.450195 0.582031 0.451172 0.583008 0.452148 0.582031 0.453125 0.578125 0.453125 0.583008 0.458008 0.602539 0.458008 0.602539 0.450195 0.603516 0.449219 0.603516 0.438477 0.599609 0.434570 0.599609 0.433594
1 0.583984 0.438477 0.583984 0.440430 0.586914 0.443359 0.588867 0.443359 0.588867 0.442383 0.585938 0.439453 0.585938 0.438477
0 0.366211 0.542969 0.366211 0.543945 0.365234 0.544922 0.365234 0.545898 0.364258 0.546875 0.364258 0.547852 0.363281 0.548828 0.363281 0.549805 0.362305 0.550781 0.362305 0.551758 0.361328 0.552734 0.361328 0.553711 0.360352 0.554688 0.360352 0.555664 0.359375 0.556641 0.359375 0.558594 0.358398 0.559570 0.358398 0.560547 0.357422 0.561523 0.357422 0.562500 0.356445 0.563477 0.356445 0.564453 0.355469 0.565430 0.355469 0.567383 0.356445 0.567383 0.357422 0.568359 0.358398 0.568359 0.360352 0.570312 0.361328 0.570312 0.363281 0.572266 0.364258 0.572266 0.366211 0.574219 0.367188 0.574219 0.368164 0.575195 0.370117 0.575195 0.371094 0.576172 0.372070 0.576172 0.373047 0.577148 0.375000 0.577148 0.375977 0.578125 0.377930 0.578125 0.378906 0.579102 0.380859 0.579102 0.381836 0.580078 0.382812 0.580078 0.383789 0.581055 0.385742 0.581055 0.386719 0.582031 0.388672 0.582031 0.389648 0.581055 0.389648 0.579102 0.390625 0.578125 0.390625 0.577148 0.391602 0.576172 0.391602 0.575195 0.392578 0.574219 0.391602 0.573242 0.390625 0.573242 0.388672 0.571289 0.387695 0.571289 0.386719 0.570312 0.385742 0.570312 0.383789 0.568359 0.382812 0.568359 0.381836 0.567383 0.382812 0.566406 0.382812 0.565430 0.383789 0.564453 0.384766 0.564453 0.385742 0.565430 0.386719 0.565430 0.388672 0.567383 0.389648 0.567383 0.390625 0.568359 0.391602 0.568359 0.393555 0.570312 0.394531 0.570312 0.394531 0.569336 0.395508 0.568359 0.395508 0.566406 0.396484 0.565430 0.396484 0.564453 0.397461 0.563477 0.397461 0.562500 0.398438 0.561523 0.398438 0.560547 0.399414 0.559570 0.399414 0.558594 0.398438 0.557617 0.397461 0.557617 0.395508 0.555664 0.394531 0.555664 0.393555 0.554688 0.392578 0.554688 0.391602 0.553711 0.390625 0.553711 0.388672 0.551758 0.387695 0.551758 0.386719 0.550781 0.384766 0.550781 0.383789 0.549805 0.382812 0.549805 0.381836 0.548828 0.379883 0.548828 0.378906 0.547852 0.377930 0.547852 0.376953 0.546875 0.375000 0.546875 0.374023 0.545898 0.373047 0.545898 0.372070 0.544922 0.370117 0.544922 0.369141 0.543945 0.368164 0.543945 0.367188 0.542969
1 0.483398 0.654297 0.482422 0.654297 0.482422 0.655273 0.481445 0.656250 0.482422 0.657227 0.481445 0.656250
1 0.383789 0.565430 0.383789 0.566406 0.382812 0.567383 0.383789 0.567383 0.385742 0.569336 0.386719 0.569336 0.387695 0.570312 0.388672 0.570312 0.390625 0.572266 0.391602 0.572266 0.392578 0.573242 0.393555 0.573242 0.394531 0.572266 0.394531 0.571289 0.393555 0.571289 0.391602 0.569336 0.390625 0.569336 0.389648 0.568359 0.388672 0.568359 0.386719 0.566406 0.385742 0.566406 0.384766 0.565430
0 0.455078 0.638672 0.455078 0.649414 0.454102 0.650391 0.454102 0.663086 0.456055 0.663086 0.457031 0.664062 0.458984 0.664062 0.459961 0.665039 0.461914 0.665039 0.462891 0.666016 0.485352 0.666016 0.486328 0.665039 0.486328 0.659180 0.487305 0.658203 0.487305 0.640625 0.484375 0.640625 0.483398 0.639648 0.481445 0.639648 0.480469 0.638672 0.477539 0.638672 0.476562 0.637695 0.471680 0.637695 0.470703 0.638672
1 0.379883 0.673828 0.378906 0.673828 0.378906 0.674805 0.377930 0.675781 0.376953 0.674805 0.376953 0.675781 0.379883 0.675781 0.378906 0.674805
1 0.475586 0.653320 0.475586 0.654297 0.476562 0.655273 0.478516 0.655273 0.479492 0.656250 0.480469 0.656250 0.481445 0.655273 0.483398 0.657227 0.484375 0.657227 0.484375 0.655273 0.483398 0.655273 0.482422 0.656250 0.481445 0.655273 0.481445 0.654297 0.480469 0.653320
0 0.413086 0.655273 0.405273 0.655273 0.404297 0.656250 0.400391 0.656250 0.399414 0.657227 0.396484 0.657227 0.395508 0.658203 0.392578 0.658203 0.391602 0.659180 0.389648 0.659180 0.388672 0.660156 0.385742 0.660156 0.384766 0.661133 0.382812 0.661133 0.382812 0.663086 0.383789 0.664062 0.383789 0.667969 0.384766 0.668945 0.384766 0.672852 0.385742 0.673828 0.385742 0.677734 0.386719 0.678711 0.386719 0.682617 0.387695 0.683594 0.391602 0.683594 0.392578 0.682617 0.398438 0.682617 0.399414 0.681641 0.401367 0.681641 0.402344 0.680664 0.405273 0.680664 0.406250 0.679688 0.409180 0.679688 0.410156 0.678711 0.412109 0.678711 0.413086 0.677734 0.416016 0.677734 0.416992 0.676758 0.417969 0.676758 0.416992 0.675781 0.416992 0.671875 0.416016 0.670898 0.416016 0.667969 0.415039 0.666992 0.415039 0.663086 0.414062 0.662109 0.414062 0.658203 0.413086 0.657227
