0 0.516602 0.554688 0.515625 0.555664 0.515625 0.556641 0.510742 0.561523 0.510742 0.562500 0.506836 0.566406 0.509766 0.566406 0.510742 0.567383 0.512695 0.567383 0.513672 0.568359 0.513672 0.569336 0.511719 0.571289 0.509766 0.571289 0.508789 0.570312 0.506836 0.570312 0.506836 0.571289 0.507812 0.572266 0.507812 0.579102 0.508789 0.580078 0.508789 0.583984 0.510742 0.583984 0.511719 0.584961 0.514648 0.584961 0.515625 0.585938 0.519531 0.585938 0.520508 0.586914 0.523438 0.586914 0.524414 0.587891 0.527344 0.587891 0.532227 0.583008 0.532227 0.582031 0.537109 0.577148 0.537109 0.572266 0.536133 0.571289 0.536133 0.565430 0.535156 0.564453 0.535156 0.559570 0.533203 0.559570 0.532227 0.558594 0.529297 0.558594 0.528320 0.557617 0.525391 0.557617 0.524414 0.556641 0.521484 0.556641 0.520508 0.555664 0.517578 0.555664
1 0.499023 0.566406 0.500977 0.568359 0.504883 0.568359 0.505859 0.569336 0.508789 0.569336 0.509766 0.570312 0.511719 0.570312 0.512695 0.569336 0.512695 0.568359 0.510742 0.568359 0.509766 0.567383 0.506836 0.567383 0.505859 0.566406 0.501953 0.566406 0.500977 0.565430 0.500000 0.565430
0 0.581055 0.531250 0.572266 0.540039 0.572266 0.545898 0.573242 0.546875 0.573242 0.560547 0.574219 0.561523 0.581055 0.561523 0.582031 0.562500 0.589844 0.562500 0.590820 0.563477 0.595703 0.563477 0.598633 0.560547 0.598633 0.559570 0.603516 0.554688 0.603516 0.551758 0.602539 0.550781 0.602539 0.533203 0.593750 0.533203 0.592773 0.532227 0.583008 0.532227 0.582031 0.531250
1 0.562500 0.543945 0.562500 0.545898 0.567383 0.545898 0.568359 0.546875 0.572266 0.546875 0.571289 0.545898 0.571289 0.544922 0.570312 0.544922 0.569336 0.543945
0 0.668945 0.446289 0.667969 0.447266 0.666016 0.447266 0.665039 0.448242 0.663086 0.448242 0.662109 0.449219 0.660156 0.449219 0.658203 0.451172 0.658203 0.453125 0.657227 0.454102 0.657227 0.457031 0.656250 0.458008 0.656250 0.459961 0.655273 0.460938 0.655273 0.463867 0.654297 0.464844 0.654297 0.467773 0.653320 0.468750 0.654297 0.469727 0.655273 0.469727 0.656250 0.470703 0.657227 0.470703 0.658203 0.471680 0.659180 0.471680 0.660156 0.472656 0.661133 0.472656 0.662109 0.473633 0.663086 0.473633 0.664062 0.474609 0.665039 0.474609 0.666016 0.475586 0.666992 0.475586 0.667969 0.476562 0.668945 0.476562 0.669922 0.477539 0.671875 0.477539 0.672852 0.476562 0.674805 0.476562 0.675781 0.475586 0.676758 0.475586 0.677734 0.474609 0.679688 0.474609 0.680664 0.473633 0.682617 0.473633 0.682617 0.471680 0.683594 0.470703 0.683594 0.467773 0.684570 0.466797 0.684570 0.464844 0.685547 0.463867 0.685547 0.460938 0.686523 0.459961 0.686523 0.458008 0.687500 0.457031 0.687500 0.454102 0.686523 0.454102 0.685547 0.453125 0.684570 0.453125 0.683594 0.452148 0.682617 0.452148 0.681641 0.451172 0.680664 0.451172 0.679688 0.450195 0.678711 0.450195 0.677734 0.449219 0.676758 0.449219 0.675781 0.448242 0.674805 0.448242 0.673828 0.447266 0.672852 0.447266 0.671875 0.446289
1 0.650391 0.451172 0.650391 0.453125 0.651367 0.453125 0.652344 0.454102 0.653320 0.454102 0.654297 0.455078 0.655273 0.455078 0.656250 0.456055 0.656250 0.453125 0.655273 0.453125 0.654297 0.452148 0.653320 0.452148 0.652344 0.451172
0 0.536133 0.473633 0.531250 0.473633 0.530273 0.474609 0.526367 0.474609 0.525391 0.475586 0.520508 0.475586 0.519531 0.476562 0.516602 0.476562 0.516602 0.486328 0.517578 0.487305 0.517578 0.496094 0.518555 0.497070 0.519531 0.497070 0.520508 0.498047 0.521484 0.498047 0.522461 0.499023 0.523438 0.499023 0.524414 0.500000 0.530273 0.500000 0.531250 0.499023 0.536133 0.499023 0.537109 0.498047 0.541992 0.498047 0.542969 0.497070 0.543945 0.497070 0.543945 0.488281 0.542969 0.487305 0.542969 0.478516 0.541016 0.476562 0.540039 0.476562 0.539062 0.475586 0.538086 0.475586
1 0.528320 0.463867 0.528320 0.473633 0.530273 0.473633 0.530273 0.464844 0.529297 0.463867
1 0.469727 0.461914 0.468750 0.461914 0.467773 0.460938 0.466797 0.461914 0.465820 0.461914 0.465820 0.463867 0.466797 0.463867 0.467773 0.462891 0.469727 0.462891
0 0.457031 0.452148 0.455078 0.452148 0.454102 0.453125 0.453125 0.453125 0.452148 0.454102 0.450195 0.454102 0.449219 0.455078 0.448242 0.455078 0.447266 0.456055 0.445312 0.456055 0.444336 0.457031 0.443359 0.457031 0.442383 0.458008 0.440430 0.458008 0.439453 0.458984 0.438477 0.458984 0.437500 0.459961 0.435547 0.459961 0.433594 0.461914 0.433594 0.466797 0.434570 0.467773 0.434570 0.469727 0.435547 0.470703 0.435547 0.471680 0.436523 0.472656 0.436523 0.473633 0.437500 0.474609 0.437500 0.476562 0.438477 0.477539 0.438477 0.478516 0.439453 0.479492 0.439453 0.480469 0.440430 0.481445 0.440430 0.483398 0.441406 0.484375 0.441406 0.485352 0.442383 0.486328 0.442383 0.487305 0.443359 0.487305 0.444336 0.486328 0.446289 0.486328 0.447266 0.485352 0.448242 0.485352 0.449219 0.484375 0.451172 0.484375 0.452148 0.483398 0.453125 0.483398 0.454102 0.482422 0.456055 0.482422 0.457031 0.481445 0.458008 0.481445 0.458984 0.480469 0.459961 0.480469 0.460938 0.479492 0.462891 0.479492 0.463867 0.478516 0.464844 0.478516 0.465820 0.477539 0.465820 0.476562 0.466797 0.475586 0.466797 0.472656 0.465820 0.471680 0.465820 0.470703 0.464844 0.469727 0.464844 0.468750 0.463867 0.467773 0.463867 0.465820 0.462891 0.464844 0.462891 0.463867 0.461914 0.462891 0.461914 0.461914 0.460938 0.460938 0.460938 0.458984 0.459961 0.458008 0.459961 0.457031 0.458984 0.456055 0.458984 0.455078 0.458008 0.454102 0.458008 0.453125
1 0.463867 0.462891 0.463867 0.464844 0.464844 0.464844 0.464844 0.462891
1 0.476562 0.458008 0.475586 0.458008 0.474609 0.458984 0.472656 0.458984 0.471680 0.459961 0.470703 0.459961 0.469727 0.460938 0.468750 0.460938 0.469727 0.460938 0.470703 0.461914 0.472656 0.461914 0.473633 0.460938 0.474609 0.460938 0.475586 0.459961 0.476562 0.459961
0 0.717773 0.680664 0.717773 0.682617 0.716797 0.683594 0.716797 0.687500 0.715820 0.688477 0.715820 0.692383 0.714844 0.693359 0.714844 0.697266 0.713867 0.698242 0.713867 0.703125 0.712891 0.704102 0.712891 0.708984 0.713867 0.708984 0.719727 0.714844 0.720703 0.714844 0.724609 0.718750 0.726562 0.718750 0.727539 0.719727 0.739258 0.719727 0.740234 0.720703 0.751953 0.720703 0.751953 0.718750 0.752930 0.717773 0.752930 0.713867 0.753906 0.712891 0.753906 0.708984 0.754883 0.708008 0.754883 0.704102 0.755859 0.703125 0.755859 0.699219 0.756836 0.698242 0.756836 0.694336 0.757812 0.693359 0.756836 0.693359 0.753906 0.690430 0.752930 0.690430 0.750000 0.687500 0.749023 0.687500 0.747070 0.685547 0.746094 0.685547 0.744141 0.683594 0.742188 0.683594 0.741211 0.682617 0.730469 0.682617 0.729492 0.681641 0.719727 0.681641 0.718750 0.680664
0 0.625977 0.553711 0.625977 0.555664 0.625000 0.556641 0.625000 0.558594 0.624023 0.559570 0.625000 0.558594 0.625977 0.558594 0.626953 0.557617 0.626953 0.556641 0.627930 0.555664
0 0.632812 0.543945 0.631836 0.544922 0.630859 0.543945 0.628906 0.545898 0.628906 0.547852 0.627930 0.548828 0.630859 0.548828 0.630859 0.545898
1 0.755859 0.704102 0.761719 0.704102 0.762695 0.705078 0.765625 0.705078 0.765625 0.703125 0.764648 0.702148 0.761719 0.702148 0.760742 0.701172 0.756836 0.701172 0.756836 0.703125
1 0.631836 0.545898 0.631836 0.547852 0.632812 0.548828 0.633789 0.548828 0.632812 0.547852 0.632812 0.545898
0 0.630859 0.542969 0.629883 0.543945 0.630859 0.542969 0.632812 0.544922 0.633789 0.544922 0.635742 0.546875 0.635742 0.547852 0.636719 0.548828 0.636719 0.549805 0.637695 0.550781 0.637695 0.551758 0.638672 0.552734 0.638672 0.553711 0.637695 0.554688 0.635742 0.554688 0.633789 0.552734 0.633789 0.551758 0.632812 0.550781 0.632812 0.549805 0.631836 0.548828 0.630859 0.549805 0.627930 0.549805 0.627930 0.550781 0.626953 0.551758 0.626953 0.553711 0.628906 0.555664 0.627930 0.556641 0.627930 0.557617 0.625977 0.559570 0.625000 0.559570 0.623047 0.561523 0.625000 0.563477 0.625000 0.564453 0.625977 0.565430 0.625977 0.566406 0.626953 0.567383 0.626953 0.568359 0.628906 0.570312 0.628906 0.571289 0.629883 0.572266 0.632812 0.572266 0.633789 0.573242 0.638672 0.573242 0.639648 0.574219 0.644531 0.574219 0.645508 0.575195 0.649414 0.575195 0.650391 0.574219 0.650391 0.572266 0.651367 0.571289 0.651367 0.569336 0.652344 0.568359 0.652344 0.566406 0.653320 0.565430 0.653320 0.563477 0.654297 0.562500 0.654297 0.560547 0.655273 0.559570 0.655273 0.558594 0.656250 0.557617 0.655273 0.556641 0.655273 0.555664 0.654297 0.554688 0.654297 0.553711 0.653320 0.552734 0.653320 0.551758 0.652344 0.550781 0.652344 0.549805 0.651367 0.548828 0.651367 0.547852 0.650391 0.546875 0.650391 0.545898 0.645508 0.545898 0.644531 0.544922 0.638672 0.544922 0.637695 0.543945 0.633789 0.543945 0.632812 0.544922
1 0.633789 0.545898 0.633789 0.547852 0.634766 0.548828 0.633789 0.549805 0.633789 0.550781 0.634766 0.551758 0.634766 0.552734 0.635742 0.553711 0.637695 0.553711 0.636719 0.552734 0.636719 0.550781 0.635742 0.549805 0.635742 0.548828 0.634766 0.547852 0.634766 0.546875
0 0.357422 0.546875 0.354492 0.549805 0.354492 0.550781 0.344727 0.560547 0.344727 0.561523 0.338867 0.567383 0.345703 0.574219 0.346680 0.574219 0.354492 0.582031 0.355469 0.582031 0.361328 0.587891 0.362305 0.587891 0.366211 0.591797 0.373047 0.584961 0.373047 0.583984 0.380859 0.576172 0.380859 0.575195 0.385742 0.570312 0.381836 0.566406 0.380859 0.566406 0.371094 0.556641 0.370117 0.556641 0.364258 0.550781 0.363281 0.550781 0.361328 0.548828 0.360352 0.548828 0.358398 0.546875
1 0.366211 0.570312 0.365234 0.571289 0.365234 0.573242 0.366211 0.573242 0.370117 0.577148 0.371094 0.577148 0.372070 0.578125 0.373047 0.577148 0.373047 0.576172 0.370117 0.573242 0.369141 0.573242
0 0.424805 0.689453 0.424805 0.691406 0.423828 0.692383 0.423828 0.694336 0.422852 0.695312 0.422852 0.697266 0.421875 0.698242 0.421875 0.700195 0.420898 0.701172 0.420898 0.703125 0.419922 0.704102 0.419922 0.705078 0.418945 0.706055 0.418945 0.708008 0.417969 0.708984 0.417969 0.710938 0.416992 0.711914 0.416992 0.713867 0.416016 0.714844 0.416016 0.715820 0.417969 0.715820 0.418945 0.716797 0.420898 0.716797 0.421875 0.717773 0.423828 0.717773 0.424805 0.718750 0.425781 0.718750 0.426758 0.719727 0.428711 0.719727 0.429688 0.720703 0.432617 0.720703 0.433594 0.721680 0.434570 0.721680 0.435547 0.722656 0.436523 0.722656 0.437500 0.723633 0.439453 0.723633 0.440430 0.724609 0.443359 0.724609 0.444336 0.725586 0.446289 0.725586 0.447266 0.726562 0.448242 0.726562 0.449219 0.725586 0.449219 0.723633 0.450195 0.722656 0.450195 0.720703 0.451172 0.719727 0.451172 0.717773 0.452148 0.716797 0.452148 0.714844 0.453125 0.713867 0.453125 0.711914 0.454102 0.710938 0.454102 0.708984 0.455078 0.708008 0.455078 0.706055 0.456055 0.705078 0.456055 0.704102 0.457031 0.703125 0.457031 0.701172 0.458008 0.700195 0.457031 0.699219 0.455078 0.699219 0.454102 0.698242 0.452148 0.698242 0.451172 0.697266 0.450195 0.697266 0.449219 0.696289 0.447266 0.696289 0.446289 0.695312 0.444336 0.695312 0.443359 0.694336 0.441406 0.694336 0.440430 0.693359 0.439453 0.693359 0.438477 0.692383 0.436523 0.692383 0.435547 0.691406 0.433594 0.691406 0.432617 0.690430 0.428711 0.690430 0.427734 0.689453
1 0.439453 0.708984 0.440430 0.709961 0.442383 0.709961 0.443359 0.710938 0.446289 0.710938 0.447266 0.711914 0.447266 0.708984 0.445312 0.708984 0.444336 0.708008 0.440430 0.708008
0 0.383789 0.709961 0.382812 0.709961 0.381836 0.708984 0.380859 0.708984 0.379883 0.708008 0.378906 0.708008 0.377930 0.707031 0.376953 0.707031 0.375977 0.706055 0.375000 0.706055 0.374023 0.705078 0.373047 0.705078 0.372070 0.704102 0.371094 0.704102 0.370117 0.703125 0.367188 0.703125 0.366211 0.704102 0.356445 0.704102 0.355469 0.705078 0.348633 0.705078 0.348633 0.709961 0.347656 0.710938 0.347656 0.716797 0.346680 0.717773 0.346680 0.723633 0.345703 0.724609 0.345703 0.730469 0.346680 0.730469 0.347656 0.731445 0.348633 0.731445 0.349609 0.732422 0.350586 0.732422 0.351562 0.733398 0.353516 0.733398 0.354492 0.734375 0.355469 0.734375 0.356445 0.735352 0.357422 0.735352 0.358398 0.736328 0.367188 0.736328 0.368164 0.735352 0.379883 0.735352 0.380859 0.734375 0.380859 0.727539 0.381836 0.726562 0.381836 0.719727 0.382812 0.718750 0.382812 0.711914 0.383789 0.710938
1 0.339844 0.720703 0.339844 0.722656 0.345703 0.722656 0.345703 0.720703
