0 0.505859 0.476562 0.498047 0.484375 0.498047 0.485352 0.499023 0.485352 0.500000 0.486328 0.501953 0.486328 0.503906 0.488281 0.501953 0.490234 0.500977 0.489258 0.498047 0.489258 0.499023 0.490234 0.499023 0.500000 0.500000 0.500000 0.500977 0.500977 0.503906 0.500977 0.504883 0.501953 0.508789 0.501953 0.509766 0.502930 0.513672 0.502930 0.514648 0.503906 0.519531 0.499023 0.520508 0.499023 0.523438 0.496094 0.523438 0.487305 0.522461 0.486328 0.522461 0.479492 0.518555 0.479492 0.517578 0.478516 0.514648 0.478516 0.513672 0.477539 0.510742 0.477539 0.509766 0.476562
1 0.491211 0.485352 0.491211 0.486328 0.492188 0.486328 0.493164 0.487305 0.496094 0.487305 0.497070 0.488281 0.500977 0.488281 0.501953 0.489258 0.502930 0.488281 0.501953 0.487305 0.500000 0.487305 0.499023 0.486328 0.496094 0.486328 0.495117 0.485352
0 0.560547 0.464844 0.551758 0.473633 0.551758 0.479492 0.552734 0.480469 0.552734 0.491211 0.556641 0.491211 0.557617 0.492188 0.561523 0.492188 0.562500 0.493164 0.565430 0.493164 0.566406 0.494141 0.571289 0.494141 0.572266 0.493164 0.572266 0.492188 0.578125 0.486328 0.578125 0.468750 0.577148 0.467773 0.573242 0.467773 0.572266 0.466797 0.568359 0.466797 0.567383 0.465820 0.563477 0.465820 0.562500 0.464844
1 0.543945 0.474609 0.543945 0.476562 0.547852 0.476562 0.548828 0.477539 0.550781 0.477539 0.550781 0.475586 0.548828 0.475586 0.547852 0.474609
0 0.649414 0.386719 0.646484 0.386719 0.645508 0.387695 0.643555 0.387695 0.642578 0.388672 0.640625 0.388672 0.639648 0.389648 0.638672 0.389648 0.637695 0.390625 0.636719 0.390625 0.635742 0.391602 0.635742 0.393555 0.634766 0.394531 0.634766 0.396484 0.633789 0.397461 0.633789 0.399414 0.632812 0.400391 0.632812 0.402344 0.631836 0.403320 0.631836 0.405273 0.630859 0.406250 0.631836 0.407227 0.632812 0.407227 0.635742 0.410156 0.636719 0.410156 0.638672 0.412109 0.639648 0.412109 0.641602 0.414062 0.642578 0.414062 0.644531 0.416016 0.645508 0.416016 0.646484 0.415039 0.647461 0.415039 0.648438 0.414062 0.650391 0.414062 0.651367 0.413086 0.652344 0.413086 0.653320 0.412109 0.654297 0.412109 0.655273 0.411133 0.656250 0.411133 0.656250 0.410156 0.657227 0.409180 0.657227 0.407227 0.658203 0.406250 0.658203 0.405273 0.659180 0.404297 0.659180 0.402344 0.660156 0.401367 0.660156 0.399414 0.661133 0.398438 0.661133 0.396484 0.662109 0.395508 0.661133 0.395508 0.659180 0.393555 0.658203 0.393555 0.656250 0.391602 0.655273 0.391602 0.653320 0.389648 0.652344 0.389648
1 0.629883 0.389648 0.629883 0.390625 0.631836 0.392578 0.632812 0.392578 0.633789 0.393555 0.634766 0.393555 0.634766 0.391602 0.633789 0.391602 0.631836 0.389648
0 0.510742 0.404297 0.510742 0.421875 0.512695 0.421875 0.513672 0.422852 0.516602 0.422852 0.517578 0.423828 0.525391 0.423828 0.526367 0.422852 0.534180 0.422852 0.534180 0.405273 0.533203 0.405273 0.532227 0.404297 0.530273 0.404297 0.529297 0.403320 0.514648 0.403320 0.513672 0.404297
1 0.470703 0.405273 0.469727 0.405273 0.470703 0.406250 0.469727 0.407227 0.470703 0.406250
1 0.522461 0.392578 0.522461 0.402344 0.523438 0.402344 0.523438 0.392578
0 0.454102 0.400391 0.453125 0.401367 0.451172 0.401367 0.450195 0.402344 0.449219 0.402344 0.448242 0.403320 0.446289 0.403320 0.445312 0.404297 0.444336 0.404297 0.443359 0.405273 0.441406 0.405273 0.440430 0.406250 0.438477 0.406250 0.437500 0.407227 0.436523 0.407227 0.435547 0.408203 0.433594 0.408203 0.433594 0.410156 0.434570 0.411133 0.434570 0.413086 0.435547 0.414062 0.435547 0.415039 0.436523 0.416016 0.436523 0.417969 0.437500 0.418945 0.437500 0.419922 0.438477 0.420898 0.438477 0.422852 0.439453 0.423828 0.439453 0.425781 0.440430 0.426758 0.440430 0.427734 0.441406 0.428711 0.442383 0.427734 0.444336 0.427734 0.445312 0.426758 0.446289 0.426758 0.447266 0.425781 0.449219 0.425781 0.450195 0.424805 0.452148 0.424805 0.453125 0.423828 0.454102 0.423828 0.455078 0.422852 0.456055 0.422852 0.457031 0.421875 0.459961 0.421875 0.460938 0.420898 0.461914 0.420898 0.460938 0.419922 0.460938 0.417969 0.459961 0.416992 0.459961 0.416016 0.458984 0.415039 0.458984 0.413086 0.458008 0.412109 0.458008 0.411133 0.457031 0.410156 0.457031 0.408203 0.456055 0.407227 0.456055 0.405273 0.455078 0.404297 0.455078 0.403320 0.454102 0.402344
1 0.469727 0.406250 0.467773 0.406250 0.466797 0.407227 0.464844 0.407227 0.463867 0.408203 0.461914 0.408203 0.460938 0.409180 0.459961 0.409180 0.458984 0.410156 0.458008 0.410156 0.458984 0.411133 0.459961 0.411133 0.460938 0.410156 0.462891 0.410156 0.463867 0.409180 0.464844 0.409180 0.465820 0.408203 0.467773 0.408203
0 0.655273 0.610352 0.655273 0.611328 0.654297 0.612305 0.654297 0.615234 0.653320 0.616211 0.653320 0.618164 0.652344 0.619141 0.652344 0.622070 0.651367 0.623047 0.651367 0.625977 0.650391 0.626953 0.650391 0.628906 0.649414 0.629883 0.649414 0.630859 0.650391 0.631836 0.650391 0.632812 0.653320 0.635742 0.653320 0.636719 0.655273 0.638672 0.655273 0.639648 0.658203 0.642578 0.666992 0.642578 0.667969 0.643555 0.677734 0.643555 0.678711 0.644531 0.678711 0.642578 0.679688 0.641602 0.679688 0.639648 0.680664 0.638672 0.680664 0.636719 0.681641 0.635742 0.681641 0.632812 0.682617 0.631836 0.682617 0.629883 0.683594 0.628906 0.683594 0.625977 0.684570 0.625000 0.684570 0.623047 0.682617 0.621094 0.682617 0.620117 0.678711 0.616211 0.678711 0.615234 0.675781 0.612305 0.667969 0.612305 0.666992 0.611328 0.658203 0.611328 0.657227 0.610352
1 0.683594 0.629883 0.687500 0.629883 0.688477 0.630859 0.692383 0.630859 0.692383 0.628906 0.691406 0.628906 0.690430 0.627930 0.684570 0.627930 0.684570 0.628906
0 0.605469 0.471680 0.604492 0.472656 0.604492 0.473633 0.603516 0.474609 0.603516 0.476562 0.602539 0.477539 0.602539 0.478516 0.601562 0.479492 0.601562 0.480469 0.600586 0.481445 0.600586 0.482422 0.599609 0.483398 0.599609 0.484375 0.598633 0.485352 0.598633 0.487305 0.597656 0.488281 0.600586 0.491211 0.600586 0.492188 0.602539 0.494141 0.602539 0.495117 0.603516 0.496094 0.606445 0.496094 0.607422 0.497070 0.609375 0.497070 0.610352 0.498047 0.613281 0.498047 0.614258 0.499023 0.616211 0.499023 0.617188 0.500000 0.620117 0.500000 0.620117 0.499023 0.621094 0.498047 0.621094 0.497070 0.622070 0.496094 0.622070 0.494141 0.623047 0.493164 0.623047 0.492188 0.624023 0.491211 0.624023 0.490234 0.625000 0.489258 0.625000 0.488281 0.625977 0.487305 0.625977 0.485352 0.626953 0.484375 0.625977 0.483398 0.625977 0.482422 0.624023 0.480469 0.624023 0.479492 0.623047 0.478516 0.623047 0.477539 0.622070 0.476562 0.621094 0.476562 0.620117 0.475586 0.618164 0.475586 0.617188 0.474609 0.614258 0.474609 0.613281 0.473633 0.610352 0.473633 0.609375 0.472656 0.606445 0.472656
1 0.605469 0.475586 0.605469 0.477539 0.606445 0.478516 0.606445 0.479492 0.608398 0.481445 0.608398 0.482422 0.610352 0.482422 0.610352 0.481445 0.609375 0.480469 0.609375 0.479492 0.607422 0.477539 0.607422 0.476562 0.606445 0.475586
0 0.366211 0.489258 0.352539 0.502930 0.352539 0.503906 0.350586 0.505859 0.352539 0.507812 0.352539 0.508789 0.354492 0.510742 0.354492 0.511719 0.359375 0.516602 0.360352 0.516602 0.365234 0.521484 0.366211 0.521484 0.371094 0.526367 0.372070 0.526367 0.373047 0.527344 0.375977 0.524414 0.375977 0.523438 0.388672 0.510742 0.388672 0.509766 0.384766 0.505859 0.384766 0.504883 0.377930 0.498047 0.376953 0.498047 0.371094 0.492188 0.370117 0.492188 0.367188 0.489258
1 0.434570 0.619141 0.435547 0.620117 0.434570 0.621094 0.435547 0.620117
1 0.372070 0.511719 0.373047 0.512695 0.372070 0.513672 0.375000 0.516602 0.375000 0.517578 0.375977 0.518555 0.376953 0.518555 0.377930 0.517578 0.376953 0.516602 0.376953 0.515625 0.375000 0.513672 0.374023 0.513672 0.373047 0.512695 0.374023 0.511719
0 0.384766 0.608398 0.384766 0.609375 0.386719 0.611328 0.387695 0.611328 0.387695 0.609375 0.386719 0.609375 0.385742 0.608398
0 0.419922 0.601562 0.419922 0.603516 0.418945 0.604492 0.418945 0.605469 0.417969 0.606445 0.417969 0.608398 0.416992 0.609375 0.416992 0.610352 0.416016 0.611328 0.416016 0.613281 0.415039 0.614258 0.415039 0.615234 0.414062 0.616211 0.414062 0.618164 0.413086 0.619141 0.413086 0.620117 0.412109 0.621094 0.415039 0.624023 0.416016 0.624023 0.417969 0.625977 0.419922 0.625977 0.420898 0.626953 0.422852 0.626953 0.423828 0.627930 0.424805 0.627930 0.425781 0.628906 0.427734 0.628906 0.428711 0.629883 0.430664 0.629883 0.431641 0.630859 0.433594 0.630859 0.434570 0.631836 0.436523 0.631836 0.437500 0.632812 0.437500 0.631836 0.438477 0.630859 0.438477 0.629883 0.439453 0.628906 0.439453 0.626953 0.440430 0.625977 0.440430 0.624023 0.441406 0.623047 0.441406 0.622070 0.442383 0.621094 0.442383 0.619141 0.443359 0.618164 0.443359 0.617188 0.444336 0.616211 0.444336 0.614258 0.445312 0.613281 0.445312 0.611328 0.444336 0.611328 0.443359 0.610352 0.442383 0.610352 0.440430 0.608398 0.439453 0.608398 0.438477 0.607422 0.436523 0.607422 0.435547 0.606445 0.433594 0.606445 0.432617 0.605469 0.431641 0.605469 0.430664 0.604492 0.428711 0.604492 0.427734 0.603516 0.425781 0.603516 0.424805 0.602539 0.422852 0.602539 0.421875 0.601562
1 0.431641 0.618164 0.431641 0.620117 0.432617 0.620117 0.434570 0.622070 0.436523 0.622070 0.436523 0.621094 0.435547 0.621094 0.432617 0.618164
0 0.359375 0.604492 0.359375 0.608398 0.358398 0.609375 0.358398 0.614258 0.357422 0.615234 0.357422 0.620117 0.356445 0.621094 0.356445 0.625000 0.357422 0.625000 0.358398 0.625977 0.360352 0.625977 0.361328 0.626953 0.363281 0.626953 0.364258 0.627930 0.366211 0.627930 0.367188 0.628906 0.384766 0.628906 0.384766 0.625000 0.385742 0.624023 0.385742 0.619141 0.386719 0.618164 0.386719 0.612305 0.383789 0.609375 0.383789 0.608398 0.382812 0.607422 0.381836 0.607422 0.380859 0.606445 0.378906 0.606445 0.377930 0.605469 0.366211 0.605469 0.365234 0.604492
1 0.351562 0.617188 0.356445 0.617188 0.356445 0.616211 0.352539 0.616211
