0 0.462010 0.631127 0.460784 0.632353 0.460784 0.633578 0.457108 0.637255 0.457108 0.638480 0.454657 0.640931 0.454657 0.642157 0.457108 0.644608 0.454657 0.647059 0.453431 0.647059 0.452206 0.645833 0.450980 0.647059 0.450980 0.655637 0.449755 0.656863 0.449755 0.660539 0.450980 0.660539 0.452206 0.661765 0.453431 0.661765 0.454657 0.662990 0.455882 0.662990 0.457108 0.664216 0.458333 0.664216 0.459559 0.665441 0.462010 0.665441 0.463235 0.666667 0.464461 0.666667 0.465686 0.667892 0.466912 0.667892 0.468137 0.669118 0.469363 0.669118 0.473039 0.665441 0.473039 0.664216 0.475490 0.661765 0.475490 0.660539 0.479167 0.656863 0.479167 0.655637 0.480392 0.654412 0.480392 0.647059 0.481618 0.645833 0.481618 0.639706 0.480392 0.639706 0.479167 0.638480 0.476716 0.638480 0.475490 0.637255 0.474265 0.637255 0.473039 0.636029 0.471814 0.636029 0.470588 0.634804 0.469363 0.634804 0.468137 0.633578 0.466912 0.633578 0.465686 0.632353 0.464461 0.632353 0.463235 0.631127
1 0.442402 0.638480 0.442402 0.640931 0.443627 0.640931 0.444853 0.642157 0.446078 0.642157 0.447304 0.643382 0.448529 0.643382 0.449755 0.644608 0.452206 0.644608 0.453431 0.645833 0.454657 0.645833 0.455882 0.644608 0.454657 0.643382 0.453431 0.643382 0.452206 0.642157 0.449755 0.642157 0.448529 0.640931 0.447304 0.640931 0.446078 0.639706 0.444853 0.639706 0.443627 0.638480
0 0.512255 0.600490 0.512255 0.625000 0.520833 0.625000 0.522059 0.626225 0.537990 0.626225 0.539216 0.625000 0.542892 0.625000 0.544118 0.623775 0.545343 0.623775 0.545343 0.600490 0.541667 0.600490 0.540441 0.599265 0.528186 0.599265 0.526961 0.598039 0.523284 0.598039 0.522059 0.599265 0.517157 0.599265 0.515931 0.600490
1 0.503676 0.609069 0.503676 0.610294 0.504902 0.610294 0.506127 0.611520 0.511029 0.611520 0.511029 0.610294 0.509804 0.610294 0.508578 0.609069
0 0.626225 0.537990 0.626225 0.540441 0.625000 0.541667 0.625000 0.544118 0.623775 0.545343 0.623775 0.547794 0.622549 0.549020 0.622549 0.552696 0.621324 0.553922 0.621324 0.556373 0.620098 0.557598 0.620098 0.558824 0.621324 0.560049 0.622549 0.560049 0.623775 0.561275 0.625000 0.561275 0.626225 0.562500 0.627451 0.562500 0.628676 0.563725 0.629902 0.563725 0.631127 0.564951 0.632353 0.564951 0.633578 0.566176 0.634804 0.566176 0.636029 0.567402 0.650735 0.567402 0.651961 0.566176 0.651961 0.563725 0.653186 0.562500 0.653186 0.558824 0.654412 0.557598 0.654412 0.555147 0.655637 0.553922 0.655637 0.551471 0.656863 0.550245 0.656863 0.547794 0.658088 0.546569 0.656863 0.546569 0.655637 0.545343 0.654412 0.545343 0.653186 0.544118 0.651961 0.544118 0.650735 0.542892 0.649510 0.542892 0.648284 0.541667 0.647059 0.541667 0.645833 0.540441 0.644608 0.540441 0.643382 0.539216 0.639706 0.539216 0.638480 0.537990
1 0.620098 0.542892 0.620098 0.544118 0.621324 0.545343 0.622549 0.545343 0.623775 0.544118 0.622549 0.542892
0 0.497549 0.556373 0.495098 0.556373 0.493873 0.557598 0.487745 0.557598 0.486520 0.558824 0.480392 0.558824 0.479167 0.560049 0.477941 0.560049 0.477941 0.568627 0.476716 0.569853 0.476716 0.577206 0.475490 0.578431 0.477941 0.580882 0.479167 0.580882 0.486520 0.588235 0.487745 0.588235 0.488971 0.587010 0.496324 0.587010 0.497549 0.585784 0.503676 0.585784 0.504902 0.584559 0.504902 0.579657 0.506127 0.578431 0.506127 0.569853 0.507353 0.568627 0.507353 0.566176
1 0.495098 0.550245 0.493873 0.550245 0.493873 0.551471 0.492647 0.552696 0.492647 0.556373 0.493873 0.556373 0.495098 0.555147
1 0.419118 0.496324 0.417892 0.497549 0.416667 0.496324 0.415441 0.497549 0.410539 0.497549 0.409314 0.498775 0.409314 0.500000 0.409314 0.498775 0.410539 0.497549 0.411765 0.498775 0.412990 0.497549 0.419118 0.497549
0 0.399510 0.485294 0.394608 0.485294 0.393382 0.486520 0.389706 0.486520 0.388480 0.487745 0.383578 0.487745 0.382353 0.488971 0.378676 0.488971 0.377451 0.490196 0.376225 0.490196 0.376225 0.501225 0.377451 0.502451 0.377451 0.506127 0.378676 0.507353 0.378676 0.509804 0.379902 0.511029 0.379902 0.514706 0.381127 0.515931 0.381127 0.519608 0.382353 0.520833 0.382353 0.522059 0.384804 0.522059 0.386029 0.520833 0.389706 0.520833 0.390931 0.519608 0.395833 0.519608 0.397059 0.518382 0.400735 0.518382 0.401961 0.517157 0.405637 0.517157 0.405637 0.504902 0.404412 0.503676 0.404412 0.500000 0.403186 0.498775 0.403186 0.495098 0.401961 0.493873 0.401961 0.490196 0.400735 0.488971 0.400735 0.486520
1 0.405637 0.501225 0.409314 0.501225 0.410539 0.500000 0.414216 0.500000 0.415441 0.498775 0.419118 0.498775 0.412990 0.498775 0.411765 0.500000 0.410539 0.498775 0.410539 0.500000 0.409314 0.501225 0.408088 0.500000 0.408088 0.498775 0.405637 0.498775
0 0.617647 0.710784 0.617647 0.712010 0.616422 0.713235 0.616422 0.715686 0.615196 0.716912 0.615196 0.720588 0.613971 0.721814 0.613971 0.724265 0.612745 0.725490 0.612745 0.729167 0.611520 0.730392 0.611520 0.734069 0.610294 0.735294 0.610294 0.737745 0.609069 0.738971 0.610294 0.740196 0.611520 0.740196 0.612745 0.741422 0.613971 0.741422 0.615196 0.742647 0.618873 0.742647 0.620098 0.743873 0.622549 0.743873 0.623775 0.745098 0.627451 0.745098 0.628676 0.746324 0.631127 0.746324 0.632353 0.747549 0.636029 0.747549 0.637255 0.748775 0.639706 0.748775 0.640931 0.750000 0.644608 0.750000 0.645833 0.751225 0.645833 0.747549 0.647059 0.746324 0.647059 0.742647 0.648284 0.741422 0.648284 0.738971 0.649510 0.737745 0.649510 0.734069 0.650735 0.732843 0.650735 0.729167 0.651961 0.727941 0.651961 0.725490 0.653186 0.724265 0.653186 0.720588 0.649510 0.720588 0.648284 0.719363 0.645833 0.719363 0.644608 0.718137 0.640931 0.718137 0.639706 0.716912 0.637255 0.716912 0.636029 0.715686 0.632353 0.715686 0.631127 0.714461 0.628676 0.714461 0.627451 0.713235 0.625000 0.713235 0.623775 0.712010 0.620098 0.712010 0.618873 0.710784
1 0.650735 0.735294 0.650735 0.737745 0.654412 0.737745 0.655637 0.738971 0.658088 0.738971 0.659314 0.740196 0.662990 0.740196 0.664216 0.741422 0.665441 0.741422 0.665441 0.738971 0.662990 0.738971 0.661765 0.737745 0.658088 0.737745 0.656863 0.736520 0.654412 0.736520 0.653186 0.735294
0 0.582108 0.631127 0.580882 0.632353 0.580882 0.633578 0.578431 0.636029 0.578431 0.637255 0.575980 0.639706 0.575980 0.640931 0.573529 0.643382 0.573529 0.644608 0.572304 0.645833 0.573529 0.647059 0.573529 0.648284 0.574755 0.649510 0.574755 0.650735 0.575980 0.651961 0.575980 0.654412 0.577206 0.655637 0.577206 0.656863 0.578431 0.658088 0.578431 0.659314 0.579657 0.660539 0.579657 0.661765 0.582108 0.661765 0.583333 0.662990 0.589461 0.662990 0.590686 0.664216 0.598039 0.664216 0.599265 0.665441 0.600490 0.664216 0.600490 0.662990 0.602941 0.660539 0.602941 0.659314 0.605392 0.656863 0.605392 0.655637 0.607843 0.653186 0.607843 0.651961 0.610294 0.649510 0.610294 0.648284 0.609069 0.647059 0.609069 0.645833 0.607843 0.644608 0.607843 0.642157 0.606618 0.640931 0.606618 0.639706 0.605392 0.638480 0.605392 0.637255 0.604167 0.636029 0.604167 0.634804 0.602941 0.633578 0.602941 0.632353 0.600490 0.632353 0.599265 0.631127 0.590686 0.631127 0.589461 0.629902 0.585784 0.629902 0.587010 0.631127 0.587010 0.632353 0.588235 0.633578 0.588235 0.636029 0.589461 0.637255 0.589461 0.638480 0.588235 0.639706 0.585784 0.639706 0.584559 0.638480 0.584559 0.637255 0.583333 0.636029 0.583333 0.634804 0.582108 0.633578
1 0.583333 0.626225 0.582108 0.627451 0.582108 0.629902 0.583333 0.631127 0.583333 0.633578 0.585784 0.636029 0.585784 0.638480 0.588235 0.638480 0.588235 0.637255 0.587010 0.636029 0.587010 0.633578 0.585784 0.632353 0.585784 0.631127 0.584559 0.629902 0.584559 0.628676 0.583333 0.627451
0 0.280637 0.536765 0.279412 0.537990 0.278186 0.537990 0.276961 0.539216 0.275735 0.539216 0.272059 0.542892 0.270833 0.542892 0.267157 0.546569 0.265931 0.546569 0.262255 0.550245 0.261029 0.550245 0.258578 0.552696 0.257353 0.552696 0.256127 0.553922 0.256127 0.556373 0.259804 0.560049 0.259804 0.561275 0.263480 0.564951 0.263480 0.566176 0.267157 0.569853 0.267157 0.571078 0.270833 0.574755 0.270833 0.575980 0.272059 0.577206 0.273284 0.577206 0.274510 0.575980 0.276961 0.575980 0.280637 0.572304 0.281863 0.572304 0.285539 0.568627 0.286765 0.568627 0.290441 0.564951 0.291667 0.564951 0.295343 0.561275 0.296569 0.561275 0.297794 0.560049 0.297794 0.558824 0.295343 0.556373 0.295343 0.555147 0.291667 0.551471 0.291667 0.550245 0.287990 0.546569 0.287990 0.545343 0.284314 0.541667 0.284314 0.540441
1 0.332108 0.707108 0.333333 0.708333 0.334559 0.708333 0.333333 0.708333
1 0.276961 0.556373 0.278186 0.557598 0.279412 0.556373 0.280637 0.557598 0.281863 0.557598 0.283088 0.556373 0.281863 0.555147 0.279412 0.555147 0.279412 0.556373 0.278186 0.557598
0 0.325980 0.691176 0.324755 0.692402 0.324755 0.693627 0.322304 0.696078 0.322304 0.697304 0.319853 0.699755 0.319853 0.700980 0.317402 0.703431 0.317402 0.704657 0.316176 0.705882 0.316176 0.707108 0.313725 0.709559 0.313725 0.712010 0.310049 0.715686 0.310049 0.716912 0.307598 0.719363 0.310049 0.721814 0.311275 0.721814 0.313725 0.724265 0.314951 0.724265 0.316176 0.725490 0.317402 0.725490 0.319853 0.727941 0.321078 0.727941 0.323529 0.730392 0.324755 0.730392 0.325980 0.731618 0.327206 0.731618 0.329657 0.734069 0.332108 0.734069 0.334559 0.731618 0.334559 0.730392 0.337010 0.727941 0.337010 0.726716 0.339461 0.724265 0.339461 0.723039 0.341912 0.720588 0.341912 0.719363 0.343137 0.718137 0.343137 0.716912 0.345588 0.714461 0.345588 0.713235 0.346814 0.712010 0.346814 0.710784 0.349265 0.708333 0.349265 0.707108 0.350490 0.705882 0.349265 0.704657 0.348039 0.704657 0.345588 0.702206 0.344363 0.702206 0.341912 0.699755 0.340686 0.699755 0.339461 0.698529 0.338235 0.698529 0.335784 0.696078 0.334559 0.696078 0.332108 0.693627 0.330882 0.693627 0.328431 0.691176
1 0.334559 0.704657 0.333333 0.705882 0.333333 0.707108 0.332108 0.708333 0.330882 0.708333 0.330882 0.710784 0.332108 0.710784 0.333333 0.709559 0.332108 0.708333 0.333333 0.707108 0.334559 0.707108 0.335784 0.705882
0 0.250000 0.723039 0.248775 0.724265 0.248775 0.725490 0.247549 0.726716 0.247549 0.729167 0.246324 0.730392 0.246324 0.731618 0.245098 0.732843 0.245098 0.734069 0.243873 0.735294 0.243873 0.736520 0.242647 0.737745 0.242647 0.740196 0.241422 0.741422 0.241422 0.742647 0.240196 0.743873 0.240196 0.745098 0.254902 0.759804 0.262255 0.759804 0.263480 0.758578 0.274510 0.758578 0.275735 0.757353 0.275735 0.756127 0.276961 0.754902 0.276961 0.752451 0.278186 0.751225 0.278186 0.750000 0.279412 0.748775 0.279412 0.746324 0.280637 0.745098 0.280637 0.743873 0.281863 0.742647 0.281863 0.740196 0.283088 0.738971 0.283088 0.735294 0.272059 0.724265 0.272059 0.723039 0.270833 0.721814 0.259804 0.721814 0.258578 0.723039
