0 0.516602 0.483398 0.516602 0.492188 0.515625 0.493164 0.515625 0.495117 0.521484 0.495117 0.522461 0.496094 0.526367 0.496094 0.527344 0.497070 0.527344 0.499023 0.526367 0.500000 0.520508 0.500000 0.519531 0.499023 0.515625 0.499023 0.515625 0.504883 0.514648 0.505859 0.514648 0.509766 0.517578 0.509766 0.518555 0.510742 0.525391 0.510742 0.526367 0.511719 0.532227 0.511719 0.533203 0.512695 0.552734 0.512695 0.552734 0.504883 0.553711 0.503906 0.553711 0.493164 0.554688 0.492188 0.554688 0.486328 0.551758 0.486328 0.550781 0.485352 0.541992 0.485352 0.541016 0.484375 0.530273 0.484375 0.529297 0.483398
1 0.512695 0.498047 0.519531 0.498047 0.520508 0.499023 0.526367 0.499023 0.526367 0.497070 0.522461 0.497070 0.521484 0.496094 0.513672 0.496094 0.513672 0.497070
0 0.466797 0.521484 0.466797 0.526367 0.469727 0.526367 0.470703 0.527344 0.470703 0.528320 0.469727 0.529297 0.466797 0.529297 0.466797 0.530273 0.467773 0.531250 0.467773 0.538086 0.485352 0.538086 0.488281 0.535156 0.489258 0.535156 0.490234 0.534180 0.490234 0.531250 0.489258 0.530273 0.489258 0.520508 0.488281 0.519531 0.488281 0.517578 0.487305 0.517578 0.486328 0.516602 0.471680 0.516602
1 0.458008 0.527344 0.458008 0.528320 0.469727 0.528320 0.469727 0.527344
0 0.458008 0.405273 0.458008 0.406250 0.457031 0.407227 0.457031 0.409180 0.456055 0.410156 0.456055 0.413086 0.455078 0.414062 0.455078 0.416016 0.454102 0.416992 0.454102 0.422852 0.455078 0.423828 0.455078 0.424805 0.456055 0.425781 0.456055 0.427734 0.457031 0.428711 0.457031 0.430664 0.458008 0.431641 0.458008 0.433594 0.458984 0.434570 0.476562 0.434570 0.477539 0.433594 0.478516 0.433594 0.478516 0.431641 0.479492 0.430664 0.479492 0.428711 0.480469 0.427734 0.480469 0.425781 0.481445 0.424805 0.481445 0.422852 0.482422 0.421875 0.482422 0.416992 0.481445 0.416016 0.481445 0.415039 0.480469 0.414062 0.480469 0.412109 0.479492 0.411133 0.479492 0.410156 0.478516 0.409180 0.478516 0.407227 0.477539 0.406250 0.477539 0.405273
1 0.460938 0.402344 0.460938 0.404297 0.463867 0.404297 0.462891 0.403320 0.462891 0.402344
0 0.484375 0.734375 0.483398 0.734375 0.482422 0.735352 0.480469 0.735352 0.479492 0.736328 0.476562 0.736328 0.475586 0.737305 0.473633 0.737305 0.472656 0.738281 0.470703 0.738281 0.469727 0.739258 0.466797 0.739258 0.466797 0.740234 0.465820 0.741211 0.465820 0.744141 0.464844 0.745117 0.464844 0.749023 0.463867 0.750000 0.463867 0.752930 0.462891 0.753906 0.462891 0.756836 0.464844 0.758789 0.464844 0.759766 0.469727 0.764648 0.469727 0.765625 0.473633 0.769531 0.473633 0.770508 0.474609 0.770508 0.475586 0.769531 0.477539 0.769531 0.478516 0.768555 0.480469 0.768555 0.481445 0.767578 0.483398 0.767578 0.484375 0.766602 0.486328 0.766602 0.487305 0.765625 0.487305 0.764648 0.483398 0.760742 0.483398 0.758789 0.484375 0.757812 0.486328 0.757812 0.488281 0.759766 0.488281 0.760742 0.491211 0.763672 0.492188 0.763672 0.492188 0.760742 0.493164 0.759766 0.493164 0.756836 0.494141 0.755859 0.494141 0.752930 0.495117 0.751953 0.495117 0.749023 0.496094 0.748047 0.490234 0.742188 0.490234 0.741211 0.484375 0.735352
1 0.484375 0.758789 0.484375 0.760742 0.488281 0.764648 0.488281 0.765625 0.492188 0.769531 0.493164 0.769531 0.493164 0.768555 0.492188 0.767578 0.492188 0.765625 0.487305 0.760742 0.487305 0.759766 0.486328 0.758789
1 0.617188 0.642578 0.616211 0.643555 0.614258 0.643555 0.613281 0.644531 0.613281 0.645508 0.614258 0.646484 0.616211 0.644531 0.616211 0.643555
0 0.599609 0.639648 0.595703 0.643555 0.595703 0.644531 0.590820 0.649414 0.590820 0.650391 0.585938 0.655273 0.588867 0.658203 0.588867 0.659180 0.590820 0.661133 0.590820 0.662109 0.595703 0.666992 0.596680 0.666992 0.599609 0.669922 0.600586 0.669922 0.602539 0.671875 0.603516 0.671875 0.605469 0.673828 0.606445 0.673828 0.608398 0.675781 0.612305 0.671875 0.612305 0.670898 0.617188 0.666016 0.617188 0.665039 0.622070 0.660156 0.622070 0.659180 0.620117 0.657227 0.620117 0.656250 0.618164 0.654297 0.618164 0.653320 0.616211 0.651367 0.616211 0.650391 0.614258 0.648438 0.613281 0.648438 0.611328 0.646484 0.610352 0.646484 0.608398 0.644531 0.607422 0.644531 0.605469 0.642578 0.604492 0.642578 0.602539 0.640625 0.601562 0.640625 0.600586 0.639648
1 0.616211 0.645508 0.615234 0.644531 0.614258 0.644531 0.615234 0.644531 0.616211 0.645508 0.614258 0.647461 0.612305 0.645508 0.612305 0.646484 0.613281 0.647461 0.614258 0.647461
1 0.620117 0.638672 0.619141 0.637695 0.617188 0.639648 0.617188 0.640625 0.615234 0.642578 0.616211 0.642578 0.617188 0.643555 0.618164 0.642578 0.618164 0.641602 0.620117 0.639648
