0 0.540196 0.361765 0.537255 0.361765 0.536275 0.362745 0.531373 0.362745 0.530392 0.363725 0.528431 0.363725 0.527451 0.364706 0.527451 0.365686 0.526471 0.366667 0.526471 0.367647 0.524510 0.369608 0.524510 0.370588 0.522549 0.372549 0.522549 0.373529 0.521569 0.374510 0.521569 0.375490 0.519608 0.377451 0.519608 0.378431 0.517647 0.380392 0.517647 0.381373 0.516667 0.382353 0.516667 0.383333 0.518627 0.385294 0.519608 0.385294 0.524510 0.390196 0.525490 0.390196 0.529412 0.394118 0.530392 0.394118 0.533333 0.397059 0.540196 0.397059 0.541176 0.396078 0.545098 0.396078 0.547059 0.394118 0.547059 0.393137 0.548039 0.392157 0.548039 0.391176 0.550000 0.389216 0.550000 0.388235 0.551961 0.386275 0.551961 0.385294 0.552941 0.384314 0.552941 0.383333 0.554902 0.381373 0.554902 0.380392 0.556863 0.378431 0.556863 0.377451 0.557843 0.376471 0.555882 0.374510 0.554902 0.374510 0.549020 0.368627 0.548039 0.368627 0.542157 0.362745 0.541176 0.362745
1 0.552941 0.377451 0.551961 0.377451 0.550980 0.376471 0.548039 0.376471 0.547059 0.377451 0.543137 0.377451 0.542157 0.378431 0.542157 0.379412 0.543137 0.380392 0.545098 0.380392 0.546078 0.379412 0.550980 0.379412
0 0.336275 0.612745 0.335294 0.613725 0.335294 0.615686 0.334314 0.616667 0.334314 0.618627 0.333333 0.619608 0.333333 0.621569 0.332353 0.622549 0.332353 0.624510 0.331373 0.625490 0.331373 0.627451 0.330392 0.628431 0.330392 0.640196 0.331373 0.640196 0.332353 0.641176 0.337255 0.641176 0.338235 0.642157 0.342157 0.642157 0.342157 0.641176 0.341176 0.640196 0.341176 0.635294 0.343137 0.633333 0.344118 0.633333 0.345098 0.634314 0.345098 0.643137 0.348039 0.643137 0.349020 0.644118 0.350000 0.644118 0.350000 0.643137 0.350980 0.642157 0.350980 0.640196 0.351961 0.639216 0.351961 0.637255 0.352941 0.636275 0.352941 0.634314 0.353922 0.633333 0.353922 0.631373 0.354902 0.630392 0.354902 0.629412 0.355882 0.628431 0.355882 0.626471 0.354902 0.625490 0.354902 0.616667 0.351961 0.616667 0.350980 0.615686 0.347059 0.615686 0.346078 0.614706 0.342157 0.614706 0.341176 0.613725 0.337255 0.613725
1 0.343137 0.634314 0.342157 0.635294 0.342157 0.640196 0.343137 0.641176 0.343137 0.643137 0.344118 0.643137 0.344118 0.634314
0 0.334314 0.490196 0.329412 0.490196 0.328431 0.491176 0.322549 0.491176 0.321569 0.492157 0.316667 0.492157 0.315686 0.493137 0.311765 0.493137 0.311765 0.497059 0.312745 0.498039 0.312745 0.502941 0.313725 0.503922 0.313725 0.508824 0.314706 0.509804 0.314706 0.515686 0.315686 0.516667 0.315686 0.521569 0.316667 0.522549 0.316667 0.524510 0.319608 0.524510 0.320588 0.523529 0.325490 0.523529 0.326471 0.522549 0.331373 0.522549 0.332353 0.521569 0.338235 0.521569 0.339216 0.520588 0.339216 0.514706 0.338235 0.513725 0.338235 0.507843 0.337255 0.506863 0.337255 0.500980 0.336275 0.500000 0.336275 0.496078 0.335294 0.495098 0.335294 0.491176
1 0.313725 0.509804 0.312745 0.508824 0.312745 0.507843 0.309804 0.507843 0.308824 0.508824 0.303922 0.508824 0.302941 0.509804 0.298039 0.509804 0.298039 0.512745 0.299020 0.512745 0.300000 0.511765 0.304902 0.511765 0.305882 0.510784 0.311765 0.510784 0.312745 0.509804
0 0.601961 0.614706 0.600000 0.616667 0.599020 0.616667 0.596078 0.619608 0.595098 0.619608 0.592157 0.622549 0.591176 0.622549 0.588235 0.625490 0.587255 0.625490 0.588235 0.626471 0.588235 0.627451 0.589216 0.628431 0.589216 0.629412 0.591176 0.631373 0.591176 0.632353 0.592157 0.633333 0.592157 0.634314 0.593137 0.635294 0.593137 0.636275 0.594118 0.637255 0.594118 0.638235 0.600000 0.644118 0.600980 0.644118 0.604902 0.648039 0.605882 0.647059 0.606863 0.647059 0.610784 0.643137 0.611765 0.643137 0.614706 0.640196 0.615686 0.640196 0.618627 0.637255 0.619608 0.637255 0.620588 0.636275 0.619608 0.635294 0.619608 0.634314 0.618627 0.633333 0.618627 0.632353 0.617647 0.631373 0.617647 0.630392 0.616667 0.629412 0.616667 0.628431 0.615686 0.627451 0.615686 0.626471 0.614706 0.625490 0.614706 0.624510 0.612745 0.622549 0.612745 0.621569 0.611765 0.621569 0.607843 0.617647 0.606863 0.617647 0.603922 0.614706
1 0.622549 0.617647 0.621569 0.616667 0.620588 0.616667 0.617647 0.619608 0.616667 0.619608 0.613725 0.622549 0.614706 0.623529 0.615686 0.623529 0.618627 0.620588 0.619608 0.620588
0 0.538235 0.494118 0.536275 0.494118 0.529412 0.500980 0.528431 0.500980 0.524510 0.504902 0.524510 0.511765 0.537255 0.524510 0.544118 0.517647 0.545098 0.517647 0.550000 0.512745 0.550000 0.508824 0.550980 0.507843 0.550980 0.505882 0.544118 0.499020 0.543137 0.499020
1 0.521569 0.494118 0.527451 0.500000 0.529412 0.500000 0.522549 0.493137
