0 0.480469 0.480469 0.480469 0.484375 0.479492 0.485352 0.479492 0.490234 0.478516 0.491211 0.478516 0.495117 0.477539 0.496094 0.477539 0.498047 0.488281 0.498047 0.489258 0.499023 0.489258 0.500977 0.487305 0.502930 0.476562 0.502930 0.476562 0.505859 0.475586 0.506836 0.475586 0.508789 0.476562 0.509766 0.477539 0.509766 0.479492 0.511719 0.480469 0.511719 0.481445 0.512695 0.482422 0.512695 0.483398 0.513672 0.484375 0.513672 0.485352 0.514648 0.486328 0.514648 0.487305 0.515625 0.488281 0.515625 0.489258 0.516602 0.490234 0.516602 0.491211 0.517578 0.492188 0.517578 0.493164 0.518555 0.494141 0.518555 0.495117 0.519531 0.497070 0.519531 0.498047 0.518555 0.506836 0.518555 0.507812 0.517578 0.516602 0.517578 0.516602 0.516602 0.517578 0.515625 0.517578 0.511719 0.518555 0.510742 0.518555 0.506836 0.519531 0.505859 0.519531 0.501953 0.520508 0.500977 0.520508 0.497070 0.521484 0.496094 0.521484 0.492188 0.522461 0.491211 0.522461 0.489258 0.521484 0.488281 0.520508 0.488281 0.519531 0.487305 0.518555 0.487305 0.517578 0.486328 0.516602 0.486328 0.515625 0.485352 0.514648 0.485352 0.513672 0.484375 0.511719 0.484375 0.510742 0.483398 0.509766 0.483398 0.508789 0.482422 0.507812 0.482422 0.506836 0.481445 0.505859 0.481445 0.504883 0.480469 0.503906 0.480469 0.502930 0.479492 0.498047 0.479492 0.497070 0.480469
1 0.471680 0.500000 0.471680 0.501953 0.472656 0.502930 0.475586 0.502930 0.476562 0.501953 0.487305 0.501953 0.488281 0.500977 0.488281 0.499023 0.473633 0.499023 0.472656 0.500000
0 0.466797 0.447266 0.466797 0.453125 0.468750 0.453125 0.469727 0.454102 0.469727 0.455078 0.468750 0.456055 0.466797 0.456055 0.466797 0.464844 0.475586 0.464844 0.476562 0.465820 0.485352 0.465820 0.486328 0.464844 0.488281 0.464844 0.489258 0.463867 0.489258 0.454102 0.490234 0.453125 0.490234 0.445312 0.480469 0.445312 0.479492 0.444336 0.470703 0.444336 0.469727 0.445312 0.468750 0.445312
1 0.456055 0.453125 0.456055 0.454102 0.462891 0.454102 0.463867 0.455078 0.468750 0.455078 0.468750 0.454102 0.466797 0.454102 0.465820 0.453125
0 0.455078 0.342773 0.454102 0.343750 0.454102 0.345703 0.453125 0.346680 0.453125 0.348633 0.452148 0.349609 0.452148 0.350586 0.451172 0.351562 0.451172 0.353516 0.450195 0.354492 0.450195 0.359375 0.451172 0.360352 0.451172 0.366211 0.452148 0.367188 0.452148 0.374023 0.453125 0.375000 0.469727 0.375000 0.470703 0.375977 0.474609 0.375977 0.475586 0.375000 0.475586 0.373047 0.476562 0.372070 0.476562 0.370117 0.477539 0.369141 0.477539 0.368164 0.478516 0.367188 0.478516 0.365234 0.479492 0.364258 0.479492 0.356445 0.478516 0.355469 0.478516 0.350586 0.477539 0.349609 0.477539 0.343750 0.474609 0.343750 0.473633 0.342773
1 0.460938 0.335938 0.460938 0.341797 0.462891 0.341797 0.462891 0.336914 0.461914 0.336914
0 0.446289 0.685547 0.445312 0.685547 0.444336 0.686523 0.440430 0.686523 0.439453 0.687500 0.436523 0.687500 0.435547 0.688477 0.432617 0.688477 0.431641 0.689453 0.427734 0.689453 0.426758 0.690430 0.426758 0.691406 0.425781 0.692383 0.425781 0.694336 0.424805 0.695312 0.424805 0.697266 0.423828 0.698242 0.423828 0.700195 0.422852 0.701172 0.422852 0.705078 0.423828 0.706055 0.423828 0.707031 0.424805 0.708008 0.424805 0.708984 0.425781 0.709961 0.425781 0.710938 0.426758 0.711914 0.426758 0.712891 0.427734 0.713867 0.427734 0.714844 0.428711 0.715820 0.428711 0.716797 0.429688 0.717773 0.429688 0.719727 0.430664 0.720703 0.431641 0.720703 0.432617 0.719727 0.435547 0.719727 0.436523 0.718750 0.439453 0.718750 0.440430 0.717773 0.443359 0.717773 0.443359 0.716797 0.442383 0.715820 0.442383 0.714844 0.441406 0.713867 0.441406 0.711914 0.442383 0.710938 0.444336 0.710938 0.445312 0.711914 0.445312 0.712891 0.446289 0.713867 0.446289 0.714844 0.447266 0.715820 0.447266 0.716797 0.448242 0.715820 0.450195 0.715820 0.450195 0.714844 0.451172 0.713867 0.451172 0.711914 0.452148 0.710938 0.452148 0.708984 0.453125 0.708008 0.453125 0.707031 0.454102 0.706055 0.454102 0.704102 0.455078 0.703125 0.455078 0.702148 0.454102 0.701172 0.454102 0.700195 0.453125 0.699219 0.453125 0.698242 0.452148 0.697266 0.452148 0.696289 0.450195 0.694336 0.450195 0.693359 0.449219 0.692383 0.449219 0.691406 0.448242 0.690430 0.448242 0.689453 0.447266 0.688477 0.447266 0.687500 0.446289 0.686523
1 0.442383 0.711914 0.442383 0.713867 0.443359 0.714844 0.443359 0.715820 0.444336 0.716797 0.444336 0.717773 0.445312 0.718750 0.445312 0.719727 0.446289 0.720703 0.446289 0.721680 0.447266 0.722656 0.447266 0.723633 0.448242 0.724609 0.449219 0.723633 0.449219 0.721680 0.448242 0.720703 0.448242 0.719727 0.447266 0.718750 0.447266 0.717773 0.446289 0.716797 0.446289 0.715820 0.445312 0.714844 0.445312 0.713867 0.444336 0.712891 0.444336 0.711914
1 0.590820 0.618164 0.589844 0.619141 0.588867 0.619141 0.586914 0.621094 0.586914 0.623047 0.588867 0.621094 0.588867 0.620117
0 0.575195 0.612305 0.571289 0.616211 0.570312 0.616211 0.563477 0.623047 0.562500 0.623047 0.559570 0.625977 0.559570 0.626953 0.560547 0.627930 0.560547 0.628906 0.565430 0.633789 0.565430 0.634766 0.570312 0.639648 0.570312 0.640625 0.579102 0.649414 0.580078 0.649414 0.583984 0.645508 0.584961 0.645508 0.591797 0.638672 0.592773 0.638672 0.595703 0.635742 0.595703 0.634766 0.592773 0.631836 0.592773 0.630859 0.585938 0.624023 0.585938 0.623047 0.580078 0.617188 0.580078 0.616211 0.576172 0.612305
1 0.598633 0.614258 0.596680 0.612305 0.591797 0.617188 0.591797 0.618164 0.590820 0.619141 0.589844 0.618164 0.590820 0.619141 0.589844 0.620117 0.589844 0.621094 0.586914 0.624023 0.587891 0.623047 0.588867 0.623047 0.597656 0.614258
