0 0.516602 0.322266 0.513672 0.325195 0.512695 0.325195 0.508789 0.329102 0.507812 0.329102 0.503906 0.333008 0.502930 0.333008 0.499023 0.336914 0.500977 0.338867 0.500977 0.339844 0.502930 0.341797 0.502930 0.342773 0.504883 0.344727 0.504883 0.345703 0.506836 0.347656 0.506836 0.348633 0.509766 0.351562 0.509766 0.352539 0.518555 0.361328 0.519531 0.361328 0.522461 0.358398 0.523438 0.358398 0.526367 0.355469 0.527344 0.355469 0.531250 0.351562 0.532227 0.351562 0.535156 0.348633 0.536133 0.348633 0.538086 0.346680 0.536133 0.344727 0.536133 0.343750 0.533203 0.340820 0.533203 0.339844 0.531250 0.337891 0.531250 0.336914 0.530273 0.335938 0.529297 0.335938 0.526367 0.333008 0.527344 0.332031 0.526367 0.331055 0.526367 0.330078 0.518555 0.322266
1 0.541992 0.325195 0.540039 0.323242 0.538086 0.325195 0.537109 0.325195 0.534180 0.328125 0.533203 0.328125 0.529297 0.332031 0.528320 0.332031 0.527344 0.333008 0.529297 0.334961 0.531250 0.333008 0.532227 0.333008 0.536133 0.329102 0.537109 0.329102 0.540039 0.326172 0.541016 0.326172
0 0.505859 0.723633 0.496094 0.723633 0.495117 0.724609 0.484375 0.724609 0.482422 0.726562 0.482422 0.727539 0.481445 0.728516 0.481445 0.729492 0.480469 0.730469 0.480469 0.731445 0.479492 0.732422 0.479492 0.733398 0.478516 0.734375 0.478516 0.735352 0.477539 0.736328 0.477539 0.737305 0.478516 0.738281 0.478516 0.741211 0.479492 0.742188 0.479492 0.746094 0.480469 0.747070 0.480469 0.750000 0.481445 0.750977 0.481445 0.754883 0.482422 0.755859 0.482422 0.757812 0.486328 0.757812 0.487305 0.756836 0.503906 0.756836 0.505859 0.754883 0.505859 0.752930 0.506836 0.751953 0.506836 0.750977 0.507812 0.750000 0.507812 0.749023 0.508789 0.748047 0.508789 0.747070 0.509766 0.746094 0.509766 0.741211 0.508789 0.741211 0.507812 0.742188 0.505859 0.742188 0.504883 0.741211 0.504883 0.738281 0.505859 0.737305 0.508789 0.737305 0.508789 0.736328 0.507812 0.735352 0.507812 0.731445 0.506836 0.730469 0.506836 0.727539 0.505859 0.726562
1 0.520508 0.737305 0.517578 0.737305 0.516602 0.738281 0.505859 0.738281 0.505859 0.741211 0.507812 0.741211 0.508789 0.740234 0.520508 0.740234
0 0.516602 0.559570 0.515625 0.560547 0.508789 0.560547 0.507812 0.561523 0.501953 0.561523 0.500977 0.562500 0.495117 0.562500 0.494141 0.563477 0.490234 0.563477 0.490234 0.567383 0.489258 0.568359 0.489258 0.574219 0.488281 0.575195 0.488281 0.583984 0.489258 0.584961 0.489258 0.586914 0.490234 0.587891 0.490234 0.589844 0.491211 0.590820 0.491211 0.592773 0.492188 0.593750 0.492188 0.595703 0.493164 0.596680 0.493164 0.598633 0.494141 0.599609 0.494141 0.601562 0.500000 0.601562 0.500977 0.600586 0.500977 0.597656 0.501953 0.596680 0.501953 0.589844 0.502930 0.588867 0.505859 0.588867 0.506836 0.589844 0.506836 0.593750 0.505859 0.594727 0.505859 0.600586 0.506836 0.600586 0.507812 0.599609 0.514648 0.599609 0.515625 0.598633 0.521484 0.598633 0.521484 0.588867 0.522461 0.587891 0.522461 0.578125 0.521484 0.577148 0.521484 0.575195 0.520508 0.574219 0.520508 0.572266 0.519531 0.571289 0.519531 0.568359 0.518555 0.567383 0.518555 0.565430 0.517578 0.564453 0.517578 0.562500 0.516602 0.561523
1 0.505859 0.589844 0.502930 0.589844 0.502930 0.596680 0.501953 0.597656 0.501953 0.603516 0.503906 0.603516 0.504883 0.602539 0.504883 0.594727 0.505859 0.593750
0 0.582031 0.536133 0.579102 0.536133 0.578125 0.537109 0.577148 0.537109 0.576172 0.538086 0.574219 0.538086 0.573242 0.539062 0.572266 0.539062 0.571289 0.540039 0.570312 0.540039 0.569336 0.541016 0.567383 0.541016 0.566406 0.541992 0.565430 0.541992 0.564453 0.542969 0.565430 0.543945 0.565430 0.545898 0.566406 0.546875 0.566406 0.548828 0.567383 0.549805 0.567383 0.550781 0.568359 0.551758 0.568359 0.553711 0.569336 0.554688 0.569336 0.556641 0.570312 0.557617 0.570312 0.558594 0.571289 0.559570 0.571289 0.560547 0.573242 0.562500 0.573242 0.563477 0.575195 0.565430 0.576172 0.564453 0.578125 0.564453 0.579102 0.563477 0.580078 0.563477 0.581055 0.562500 0.583008 0.562500 0.583984 0.561523 0.584961 0.561523 0.585938 0.560547 0.587891 0.560547 0.588867 0.559570 0.589844 0.559570 0.590820 0.558594 0.591797 0.558594 0.590820 0.557617 0.590820 0.555664 0.589844 0.554688 0.589844 0.553711 0.588867 0.552734 0.588867 0.550781 0.587891 0.549805 0.587891 0.547852 0.586914 0.546875 0.586914 0.544922 0.585938 0.543945 0.585938 0.542969 0.584961 0.541992 0.584961 0.541016 0.583008 0.539062 0.583008 0.538086 0.582031 0.537109
1 0.572266 0.532227 0.571289 0.533203 0.571289 0.534180 0.572266 0.535156 0.572266 0.537109 0.573242 0.538086 0.574219 0.537109 0.573242 0.536133 0.573242 0.534180 0.572266 0.533203
0 0.460938 0.509766 0.450195 0.509766 0.449219 0.510742 0.443359 0.510742 0.443359 0.511719 0.442383 0.512695 0.442383 0.513672 0.440430 0.515625 0.440430 0.516602 0.439453 0.517578 0.439453 0.518555 0.438477 0.519531 0.438477 0.520508 0.437500 0.521484 0.437500 0.522461 0.443359 0.522461 0.444336 0.523438 0.444336 0.524414 0.442383 0.526367 0.438477 0.526367 0.439453 0.527344 0.439453 0.529297 0.440430 0.530273 0.440430 0.531250 0.441406 0.532227 0.441406 0.534180 0.442383 0.535156 0.442383 0.537109 0.443359 0.538086 0.444336 0.538086 0.445312 0.537109 0.459961 0.537109 0.460938 0.536133 0.460938 0.535156 0.462891 0.533203 0.462891 0.532227 0.463867 0.531250 0.463867 0.530273 0.464844 0.529297 0.464844 0.528320 0.466797 0.526367 0.466797 0.523438 0.465820 0.522461 0.465820 0.521484 0.464844 0.520508 0.464844 0.518555 0.463867 0.517578 0.463867 0.516602 0.462891 0.515625 0.462891 0.513672 0.461914 0.512695 0.461914 0.510742
1 0.430664 0.525391 0.442383 0.525391 0.443359 0.524414 0.443359 0.523438 0.431641 0.523438 0.430664 0.524414
