0 0.446289 0.454102 0.442383 0.458008 0.442383 0.458984 0.436523 0.464844 0.436523 0.465820 0.430664 0.471680 0.431641 0.472656 0.431641 0.473633 0.433594 0.475586 0.433594 0.476562 0.436523 0.479492 0.436523 0.480469 0.437500 0.480469 0.440430 0.483398 0.441406 0.483398 0.445312 0.487305 0.446289 0.487305 0.449219 0.490234 0.450195 0.490234 0.453125 0.493164 0.454102 0.493164 0.454102 0.492188 0.459961 0.486328 0.459961 0.485352 0.465820 0.479492 0.465820 0.478516 0.468750 0.475586 0.467773 0.474609 0.467773 0.473633 0.466797 0.472656 0.466797 0.471680 0.464844 0.469727 0.464844 0.468750 0.460938 0.464844 0.459961 0.464844 0.457031 0.461914 0.456055 0.461914 0.453125 0.458984 0.452148 0.458984 0.449219 0.456055 0.448242 0.456055
1 0.467773 0.452148 0.466797 0.452148 0.463867 0.455078 0.463867 0.456055 0.458984 0.460938 0.458984 0.462891 0.459961 0.463867 0.462891 0.460938 0.462891 0.459961 0.468750 0.454102 0.468750 0.453125
0 0.574219 0.376953 0.561523 0.364258 0.559570 0.364258 0.556641 0.367188 0.555664 0.367188 0.551758 0.371094 0.550781 0.371094 0.547852 0.374023 0.547852 0.375000 0.545898 0.376953 0.545898 0.377930 0.544922 0.378906 0.544922 0.379883 0.542969 0.381836 0.542969 0.382812 0.541992 0.383789 0.542969 0.384766 0.543945 0.384766 0.544922 0.383789 0.545898 0.383789 0.546875 0.382812 0.548828 0.382812 0.549805 0.381836 0.550781 0.381836 0.551758 0.380859 0.553711 0.380859 0.558594 0.385742 0.559570 0.385742 0.563477 0.389648 0.564453 0.389648 0.564453 0.386719 0.565430 0.385742 0.566406 0.385742 0.567383 0.386719 0.568359 0.386719 0.568359 0.385742 0.569336 0.384766 0.569336 0.383789 0.571289 0.381836 0.571289 0.380859 0.573242 0.378906 0.573242 0.377930
1 0.565430 0.386719 0.565430 0.388672 0.573242 0.396484 0.574219 0.396484 0.575195 0.395508 0.566406 0.386719
0 0.553711 0.381836 0.551758 0.381836 0.550781 0.382812 0.549805 0.382812 0.548828 0.383789 0.546875 0.383789 0.545898 0.384766 0.544922 0.384766 0.543945 0.385742 0.542969 0.385742 0.541992 0.386719 0.541016 0.386719 0.540039 0.387695 0.539062 0.387695 0.538086 0.388672 0.536133 0.388672 0.536133 0.390625 0.535156 0.391602 0.535156 0.399414 0.534180 0.400391 0.534180 0.405273 0.535156 0.404297 0.536133 0.404297 0.537109 0.403320 0.538086 0.403320 0.539062 0.402344 0.541016 0.402344 0.542969 0.404297 0.542969 0.405273 0.541992 0.406250 0.541016 0.406250 0.540039 0.407227 0.539062 0.407227 0.538086 0.408203 0.537109 0.408203 0.537109 0.409180 0.540039 0.412109 0.541016 0.412109 0.546875 0.417969 0.548828 0.417969 0.549805 0.416992 0.550781 0.416992 0.551758 0.416016 0.552734 0.416016 0.553711 0.415039 0.554688 0.415039 0.555664 0.414062 0.556641 0.414062 0.557617 0.413086 0.558594 0.413086 0.559570 0.412109 0.561523 0.412109 0.562500 0.411133 0.563477 0.411133 0.564453 0.410156 0.564453 0.407227 0.565430 0.406250 0.565430 0.400391 0.566406 0.399414 0.566406 0.393555 0.559570 0.386719 0.558594 0.386719
1 0.541992 0.404297 0.541016 0.403320 0.539062 0.403320 0.538086 0.404297 0.537109 0.404297 0.536133 0.405273 0.535156 0.405273 0.534180 0.406250 0.533203 0.406250 0.532227 0.407227 0.531250 0.407227 0.530273 0.408203 0.529297 0.408203 0.529297 0.410156 0.531250 0.410156 0.532227 0.409180 0.533203 0.409180 0.534180 0.408203 0.536133 0.408203 0.537109 0.407227 0.538086 0.407227 0.539062 0.406250 0.540039 0.406250 0.541016 0.405273 0.541992 0.405273
0 0.664062 0.449219 0.661133 0.452148 0.661133 0.453125 0.663086 0.455078 0.665039 0.455078 0.666992 0.457031 0.667969 0.456055 0.668945 0.457031 0.669922 0.456055 0.668945 0.455078 0.668945 0.454102 0.667969 0.453125 0.667969 0.452148 0.669922 0.450195 0.668945 0.449219 0.667969 0.449219 0.666992 0.450195 0.666016 0.450195 0.665039 0.449219
0 0.662109 0.428711 0.661133 0.429688 0.660156 0.429688 0.660156 0.430664 0.657227 0.433594 0.657227 0.434570 0.654297 0.437500 0.654297 0.438477 0.651367 0.441406 0.651367 0.442383 0.652344 0.441406 0.653320 0.442383 0.653320 0.443359 0.656250 0.446289 0.656250 0.447266 0.658203 0.447266 0.659180 0.448242 0.658203 0.449219 0.660156 0.447266 0.661133 0.447266 0.663086 0.445312 0.663086 0.444336 0.665039 0.442383 0.666016 0.442383 0.667969 0.444336 0.668945 0.444336 0.669922 0.443359 0.669922 0.440430 0.668945 0.439453 0.668945 0.438477 0.671875 0.435547 0.669922 0.433594 0.667969 0.433594 0.665039 0.430664 0.665039 0.429688 0.663086 0.429688
0 0.447266 0.413086 0.446289 0.414062 0.445312 0.414062 0.444336 0.415039 0.442383 0.415039 0.441406 0.416016 0.439453 0.416016 0.438477 0.416992 0.437500 0.416992 0.436523 0.417969 0.434570 0.417969 0.434570 0.418945 0.439453 0.423828 0.439453 0.425781 0.438477 0.426758 0.436523 0.426758 0.429688 0.419922 0.429688 0.421875 0.428711 0.422852 0.428711 0.437500 0.440430 0.449219 0.441406 0.448242 0.443359 0.448242 0.444336 0.447266 0.446289 0.447266 0.447266 0.446289 0.448242 0.446289 0.449219 0.445312 0.451172 0.445312 0.452148 0.444336 0.454102 0.444336 0.455078 0.443359 0.457031 0.443359 0.458008 0.442383 0.458984 0.442383 0.458984 0.424805
1 0.659180 0.450195 0.658203 0.451172 0.659180 0.452148 0.660156 0.451172
1 0.429688 0.416016 0.428711 0.416992 0.428711 0.417969 0.436523 0.425781 0.438477 0.425781 0.438477 0.423828 0.430664 0.416016
0 0.649414 0.444336 0.650391 0.444336 0.654297 0.448242 0.656250 0.448242 0.657227 0.449219 0.657227 0.450195 0.658203 0.450195 0.660156 0.448242 0.659180 0.449219 0.658203 0.448242 0.656250 0.448242 0.655273 0.447266 0.655273 0.446289 0.652344 0.443359 0.652344 0.442383 0.651367 0.443359 0.650391 0.443359
0 0.662109 0.440430 0.661133 0.439453 0.660156 0.440430 0.660156 0.441406 0.662109 0.441406
0 0.673828 0.415039 0.663086 0.425781 0.663086 0.426758 0.661133 0.428711 0.662109 0.427734 0.663086 0.428711 0.665039 0.428711 0.666016 0.429688 0.666016 0.430664 0.666992 0.431641 0.666016 0.432617 0.666016 0.434570 0.667969 0.432617 0.669922 0.432617 0.672852 0.435547 0.669922 0.438477 0.669922 0.439453 0.670898 0.440430 0.670898 0.443359 0.668945 0.445312 0.667969 0.445312 0.665039 0.448242 0.666016 0.449219 0.666992 0.449219 0.667969 0.448242 0.668945 0.448242 0.670898 0.450195 0.668945 0.452148 0.668945 0.453125 0.669922 0.454102 0.669922 0.455078 0.670898 0.456055 0.668945 0.458008 0.666992 0.456055 0.666016 0.457031 0.665039 0.456055 0.664062 0.456055 0.665039 0.456055 0.668945 0.459961 0.670898 0.459961 0.675781 0.455078 0.675781 0.454102 0.682617 0.447266 0.682617 0.446289 0.685547 0.443359 0.685547 0.442383 0.689453 0.438477 0.689453 0.437500 0.692383 0.434570 0.692383 0.433594 0.694336 0.431641 0.691406 0.428711 0.690430 0.428711 0.687500 0.425781 0.686523 0.425781 0.682617 0.421875 0.681641 0.421875 0.678711 0.418945 0.677734 0.418945
1 0.208008 0.458984 0.208984 0.459961 0.209961 0.458984 0.208984 0.459961
1 0.212891 0.451172 0.210938 0.453125 0.210938 0.454102 0.212891 0.452148
1 0.218750 0.445312 0.216797 0.447266 0.217773 0.448242 0.217773 0.449219 0.216797 0.450195 0.217773 0.450195 0.218750 0.451172 0.217773 0.452148 0.220703 0.449219 0.220703 0.448242 0.219727 0.447266 0.218750 0.447266 0.217773 0.446289
1 0.666016 0.443359 0.665039 0.443359 0.664062 0.444336 0.664062 0.445312 0.660156 0.449219 0.660156 0.450195 0.658203 0.452148 0.657227 0.452148 0.657227 0.453125 0.658203 0.454102 0.666992 0.445312 0.666992 0.444336
0 0.193359 0.440430 0.172852 0.460938 0.172852 0.482422 0.173828 0.483398 0.174805 0.483398 0.175781 0.484375 0.176758 0.484375 0.177734 0.485352 0.178711 0.485352 0.179688 0.486328 0.180664 0.486328 0.181641 0.487305 0.182617 0.487305 0.183594 0.488281 0.184570 0.488281 0.185547 0.489258 0.186523 0.489258 0.187500 0.490234 0.188477 0.490234 0.189453 0.491211 0.190430 0.491211 0.191406 0.492188 0.192383 0.492188 0.193359 0.493164 0.194336 0.493164 0.195312 0.494141 0.196289 0.494141 0.197266 0.495117 0.198242 0.495117 0.199219 0.496094 0.201172 0.496094 0.202148 0.495117 0.203125 0.495117 0.216797 0.481445 0.217773 0.481445 0.221680 0.477539 0.221680 0.469727 0.220703 0.468750 0.220703 0.456055 0.219727 0.455078 0.218750 0.455078 0.217773 0.454102 0.216797 0.454102 0.210938 0.459961 0.209961 0.459961 0.208984 0.460938 0.208008 0.460938 0.206055 0.458984 0.206055 0.457031 0.211914 0.451172 0.210938 0.450195 0.209961 0.450195 0.208984 0.449219 0.208008 0.449219 0.207031 0.448242 0.206055 0.448242 0.204102 0.446289 0.203125 0.446289 0.202148 0.445312 0.201172 0.445312 0.200195 0.444336 0.199219 0.444336 0.198242 0.443359 0.197266 0.443359 0.195312 0.441406 0.194336 0.441406
1 0.221680 0.444336 0.219727 0.444336 0.219727 0.445312 0.216797 0.448242 0.215820 0.448242 0.213867 0.450195 0.213867 0.452148 0.210938 0.455078 0.209961 0.454102 0.209961 0.455078 0.207031 0.458008 0.207031 0.458984 0.208008 0.459961 0.209961 0.458008 0.210938 0.458984 0.216797 0.453125 0.216797 0.452148 0.217773 0.451172 0.216797 0.451172 0.215820 0.450195 0.216797 0.449219 0.216797 0.448242 0.218750 0.446289 0.219727 0.446289 0.221680 0.448242 0.222656 0.447266 0.222656 0.445312
0 0.500977 0.526367 0.500000 0.526367 0.499023 0.527344 0.497070 0.527344 0.496094 0.528320 0.494141 0.528320 0.493164 0.529297 0.490234 0.529297 0.489258 0.530273 0.488281 0.530273 0.487305 0.531250 0.487305 0.532227 0.485352 0.534180 0.485352 0.535156 0.483398 0.537109 0.483398 0.538086 0.481445 0.540039 0.481445 0.541016 0.479492 0.542969 0.479492 0.543945 0.477539 0.545898 0.477539 0.547852 0.490234 0.560547 0.491211 0.560547 0.493164 0.562500 0.494141 0.561523 0.497070 0.561523 0.498047 0.560547 0.500000 0.560547 0.500977 0.559570 0.503906 0.559570 0.504883 0.558594 0.505859 0.558594 0.505859 0.557617 0.507812 0.555664 0.507812 0.554688 0.508789 0.553711 0.508789 0.552734 0.510742 0.550781 0.510742 0.549805 0.512695 0.547852 0.512695 0.546875 0.514648 0.544922 0.514648 0.543945 0.515625 0.542969 0.515625 0.541016
0 0.293945 0.414062 0.293945 0.416992 0.292969 0.417969 0.292969 0.419922 0.291992 0.420898 0.291992 0.423828 0.291016 0.424805 0.291016 0.426758 0.290039 0.427734 0.290039 0.429688 0.289062 0.430664 0.289062 0.431641 0.290039 0.431641 0.291016 0.432617 0.292969 0.432617 0.293945 0.433594 0.296875 0.433594 0.297852 0.434570 0.299805 0.434570 0.300781 0.435547 0.302734 0.435547 0.303711 0.436523 0.306641 0.436523 0.307617 0.437500 0.309570 0.437500 0.310547 0.438477 0.313477 0.438477 0.314453 0.439453 0.315430 0.439453 0.316406 0.438477 0.316406 0.435547 0.317383 0.434570 0.317383 0.432617 0.318359 0.431641 0.318359 0.429688 0.319336 0.428711 0.319336 0.425781 0.320312 0.424805 0.320312 0.422852 0.321289 0.421875 0.320312 0.420898 0.318359 0.420898 0.317383 0.419922 0.315430 0.419922 0.314453 0.418945 0.312500 0.418945 0.311523 0.417969 0.309570 0.417969 0.308594 0.416992 0.305664 0.416992 0.304688 0.416016 0.302734 0.416016 0.301758 0.415039 0.298828 0.415039 0.297852 0.414062
0 0.550781 0.509766 0.549805 0.510742 0.548828 0.510742 0.547852 0.511719 0.546875 0.511719 0.545898 0.512695 0.544922 0.512695 0.543945 0.513672 0.542969 0.513672 0.541992 0.514648 0.541016 0.514648 0.540039 0.515625 0.538086 0.515625 0.537109 0.516602 0.536133 0.516602 0.535156 0.517578 0.534180 0.517578 0.534180 0.521484 0.535156 0.522461 0.535156 0.529297 0.536133 0.530273 0.536133 0.533203 0.545898 0.542969 0.548828 0.542969 0.549805 0.541992 0.550781 0.541992 0.551758 0.541016 0.552734 0.541016 0.553711 0.540039 0.554688 0.540039 0.555664 0.539062 0.556641 0.539062 0.557617 0.538086 0.558594 0.538086 0.559570 0.537109 0.560547 0.537109 0.561523 0.536133 0.562500 0.536133 0.563477 0.535156 0.563477 0.530273 0.562500 0.529297 0.562500 0.522461 0.561523 0.521484 0.561523 0.519531 0.555664 0.513672 0.554688 0.513672
0 0.629883 0.435547 0.628906 0.435547 0.627930 0.436523 0.623047 0.436523 0.622070 0.437500 0.617188 0.437500 0.616211 0.438477 0.610352 0.438477 0.609375 0.439453 0.604492 0.439453 0.603516 0.440430 0.600586 0.440430 0.600586 0.444336 0.601562 0.445312 0.601562 0.451172 0.602539 0.452148 0.602539 0.458008 0.603516 0.458984 0.603516 0.463867 0.604492 0.464844 0.604492 0.470703 0.605469 0.471680 0.605469 0.475586 0.607422 0.475586 0.608398 0.474609 0.613281 0.474609 0.614258 0.473633 0.620117 0.473633 0.621094 0.472656 0.625977 0.472656 0.626953 0.471680 0.632812 0.471680 0.633789 0.470703 0.633789 0.468750 0.634766 0.467773 0.634766 0.464844 0.633789 0.463867 0.633789 0.458008 0.632812 0.457031 0.632812 0.452148 0.631836 0.451172 0.631836 0.446289 0.630859 0.445312 0.630859 0.440430 0.629883 0.439453
1 0.616211 0.446289 0.616211 0.453125 0.618164 0.453125 0.618164 0.446289
