0 0.441406 0.551758 0.441406 0.565430 0.443359 0.565430 0.444336 0.566406 0.444336 0.569336 0.443359 0.570312 0.441406 0.570312 0.441406 0.585938 0.477539 0.585938 0.478516 0.584961 0.481445 0.584961 0.481445 0.567383 0.480469 0.566406 0.480469 0.549805 0.451172 0.549805 0.450195 0.548828 0.445312 0.548828 0.443359 0.550781 0.442383 0.550781
1 0.419922 0.566406 0.419922 0.569336 0.443359 0.569336 0.443359 0.566406
0 0.177734 0.612305 0.177734 0.614258 0.176758 0.615234 0.176758 0.619141 0.175781 0.620117 0.175781 0.624023 0.174805 0.625000 0.174805 0.628906 0.173828 0.629883 0.173828 0.633789 0.172852 0.634766 0.172852 0.639648 0.171875 0.640625 0.171875 0.641602 0.173828 0.641602 0.174805 0.642578 0.176758 0.642578 0.177734 0.643555 0.179688 0.643555 0.180664 0.644531 0.181641 0.644531 0.182617 0.645508 0.184570 0.645508 0.185547 0.646484 0.187500 0.646484 0.188477 0.647461 0.213867 0.647461 0.213867 0.646484 0.214844 0.645508 0.214844 0.640625 0.215820 0.639648 0.215820 0.634766 0.216797 0.633789 0.216797 0.628906 0.217773 0.627930 0.217773 0.624023 0.218750 0.623047 0.218750 0.619141 0.217773 0.619141 0.216797 0.618164 0.215820 0.618164 0.214844 0.617188 0.213867 0.617188 0.212891 0.616211 0.211914 0.616211 0.210938 0.615234 0.208984 0.615234 0.208008 0.614258 0.207031 0.614258 0.206055 0.613281 0.205078 0.613281 0.204102 0.612305
1 0.203125 0.596680 0.200195 0.596680 0.200195 0.599609 0.199219 0.600586 0.199219 0.604492 0.198242 0.605469 0.198242 0.610352 0.197266 0.611328 0.201172 0.611328 0.201172 0.608398 0.202148 0.607422 0.202148 0.602539 0.203125 0.601562
0 0.239258 0.537109 0.239258 0.540039 0.238281 0.541016 0.238281 0.545898 0.237305 0.546875 0.237305 0.550781 0.236328 0.551758 0.236328 0.556641 0.235352 0.557617 0.235352 0.562500 0.234375 0.563477 0.234375 0.567383 0.233398 0.568359 0.233398 0.570312 0.237305 0.570312 0.238281 0.571289 0.241211 0.571289 0.242188 0.572266 0.245117 0.572266 0.246094 0.573242 0.249023 0.573242 0.250000 0.574219 0.253906 0.574219 0.254883 0.575195 0.257812 0.575195 0.258789 0.576172 0.261719 0.576172 0.262695 0.577148 0.264648 0.577148 0.265625 0.576172 0.273438 0.576172 0.274414 0.575195 0.280273 0.575195 0.281250 0.574219 0.281250 0.570312 0.282227 0.569336 0.282227 0.564453 0.283203 0.563477 0.280273 0.563477 0.279297 0.562500 0.275391 0.562500 0.273438 0.560547 0.274414 0.559570 0.274414 0.558594 0.275391 0.557617 0.279297 0.557617 0.280273 0.558594 0.283203 0.558594 0.284180 0.557617 0.284180 0.553711 0.285156 0.552734 0.285156 0.547852 0.286133 0.546875 0.286133 0.542969 0.285156 0.541992 0.282227 0.541992 0.281250 0.541016 0.277344 0.541016 0.276367 0.540039 0.273438 0.540039 0.272461 0.539062 0.268555 0.539062 0.267578 0.538086 0.264648 0.538086 0.263672 0.537109 0.259766 0.537109 0.258789 0.536133 0.246094 0.536133 0.245117 0.537109
1 0.274414 0.560547 0.275391 0.561523 0.279297 0.561523 0.280273 0.562500 0.283203 0.562500 0.284180 0.563477 0.287109 0.563477 0.288086 0.564453 0.291992 0.564453 0.292969 0.565430 0.295898 0.565430 0.295898 0.562500 0.293945 0.562500 0.292969 0.561523 0.289062 0.561523 0.288086 0.560547 0.285156 0.560547 0.284180 0.559570 0.280273 0.559570 0.279297 0.558594 0.275391 0.558594 0.275391 0.559570
0 0.395508 0.625977 0.388672 0.632812 0.387695 0.632812 0.377930 0.642578 0.376953 0.642578 0.372070 0.647461 0.372070 0.651367 0.373047 0.652344 0.373047 0.657227 0.374023 0.658203 0.374023 0.663086 0.375000 0.664062 0.375977 0.664062 0.383789 0.671875 0.384766 0.671875 0.392578 0.679688 0.393555 0.679688 0.397461 0.683594 0.402344 0.678711 0.403320 0.678711 0.413086 0.668945 0.414062 0.668945 0.421875 0.661133 0.421875 0.660156 0.420898 0.659180 0.420898 0.656250 0.419922 0.655273 0.419922 0.652344 0.418945 0.651367 0.418945 0.649414 0.417969 0.648438 0.417969 0.646484 0.411133 0.639648 0.410156 0.639648 0.399414 0.628906 0.398438 0.628906
0 0.268555 0.303711 0.268555 0.304688 0.270508 0.304688 0.270508 0.303711
0 0.273438 0.289062 0.272461 0.289062 0.272461 0.290039
0 0.263672 0.278320 0.262695 0.278320 0.262695 0.280273 0.260742 0.282227 0.260742 0.285156 0.261719 0.284180 0.264648 0.284180 0.264648 0.283203 0.265625 0.282227 0.264648 0.281250 0.264648 0.280273 0.263672 0.279297
0 0.258789 0.276367 0.257812 0.276367 0.256836 0.277344 0.255859 0.277344 0.254883 0.278320 0.254883 0.280273 0.255859 0.281250 0.256836 0.281250 0.259766 0.278320 0.259766 0.277344
0 0.258789 0.268555 0.258789 0.270508 0.259766 0.271484 0.260742 0.270508
1 0.398438 0.660156 0.396484 0.662109 0.396484 0.664062 0.397461 0.665039 0.397461 0.668945 0.398438 0.669922 0.398438 0.672852 0.400391 0.674805 0.401367 0.674805 0.402344 0.673828 0.402344 0.668945 0.401367 0.667969 0.401367 0.665039 0.400391 0.664062 0.400391 0.662109
1 0.282227 0.280273 0.282227 0.282227 0.280273 0.284180 0.277344 0.284180 0.277344 0.286133 0.279297 0.286133 0.280273 0.285156 0.282227 0.285156 0.283203 0.284180 0.283203 0.283203 0.282227 0.282227
0 0.250000 0.261719 0.247070 0.261719 0.246094 0.262695 0.243164 0.262695 0.242188 0.263672 0.240234 0.263672 0.239258 0.264648 0.237305 0.264648 0.236328 0.265625 0.233398 0.265625 0.232422 0.266602 0.230469 0.266602 0.229492 0.267578 0.227539 0.267578 0.226562 0.268555 0.223633 0.268555 0.222656 0.269531 0.220703 0.269531 0.219727 0.270508 0.217773 0.270508 0.216797 0.271484 0.216797 0.282227 0.215820 0.283203 0.215820 0.292969 0.214844 0.293945 0.214844 0.303711 0.213867 0.304688 0.215820 0.306641 0.216797 0.306641 0.219727 0.309570 0.220703 0.309570 0.222656 0.311523 0.223633 0.311523 0.225586 0.313477 0.226562 0.313477 0.228516 0.315430 0.229492 0.315430 0.232422 0.318359 0.233398 0.318359 0.235352 0.320312 0.236328 0.320312 0.238281 0.322266 0.239258 0.322266 0.240234 0.323242 0.241211 0.323242 0.242188 0.322266 0.245117 0.322266 0.246094 0.321289 0.249023 0.321289 0.250000 0.320312 0.252930 0.320312 0.253906 0.319336 0.255859 0.319336 0.256836 0.318359 0.259766 0.318359 0.260742 0.317383 0.263672 0.317383 0.264648 0.316406 0.267578 0.316406 0.268555 0.315430 0.270508 0.315430 0.271484 0.314453 0.271484 0.309570 0.272461 0.308594 0.272461 0.293945 0.273438 0.292969 0.273438 0.290039 0.272461 0.291016 0.271484 0.290039 0.271484 0.289062 0.269531 0.289062 0.268555 0.290039 0.266602 0.290039 0.265625 0.291016 0.260742 0.291016 0.258789 0.289062 0.258789 0.286133 0.259766 0.285156 0.259766 0.282227 0.261719 0.280273 0.261719 0.278320 0.262695 0.277344 0.263672 0.277344 0.264648 0.278320 0.264648 0.279297 0.265625 0.280273 0.265625 0.281250 0.266602 0.282227 0.265625 0.283203 0.267578 0.283203 0.268555 0.282227 0.271484 0.282227 0.272461 0.281250 0.273438 0.281250 0.273438 0.280273 0.272461 0.280273 0.268555 0.276367 0.267578 0.276367 0.263672 0.272461 0.262695 0.272461 0.261719 0.271484 0.260742 0.271484 0.259766 0.270508 0.258789 0.271484 0.257812 0.270508 0.257812 0.268555 0.253906 0.264648 0.252930 0.264648
1 0.863281 0.642578 0.863281 0.644531 0.864258 0.644531 0.865234 0.643555 0.864258 0.642578
1 0.839844 0.628906 0.840820 0.629883 0.841797 0.629883 0.842773 0.630859 0.843750 0.630859 0.844727 0.631836 0.843750 0.630859 0.842773 0.630859 0.841797 0.629883 0.840820 0.629883
1 0.281250 0.280273 0.279297 0.280273 0.278320 0.281250 0.275391 0.281250 0.274414 0.282227 0.272461 0.282227 0.271484 0.283203 0.268555 0.283203 0.267578 0.284180 0.265625 0.284180 0.264648 0.285156 0.261719 0.285156 0.260742 0.286133 0.259766 0.286133 0.259766 0.289062 0.260742 0.290039 0.265625 0.290039 0.266602 0.289062 0.268555 0.289062 0.269531 0.288086 0.272461 0.288086 0.273438 0.287109 0.275391 0.287109 0.276367 0.286133 0.276367 0.284180 0.277344 0.283203 0.280273 0.283203 0.281250 0.282227
0 0.859375 0.606445 0.859375 0.607422 0.856445 0.610352 0.856445 0.611328 0.854492 0.613281 0.854492 0.614258 0.851562 0.617188 0.851562 0.618164 0.848633 0.621094 0.848633 0.622070 0.846680 0.624023 0.846680 0.625000 0.843750 0.627930 0.843750 0.628906 0.842773 0.629883 0.843750 0.629883 0.844727 0.630859 0.845703 0.630859 0.846680 0.631836 0.849609 0.632812 0.851562 0.634766 0.852539 0.634766 0.853516 0.635742 0.854492 0.635742 0.855469 0.636719 0.856445 0.636719 0.857422 0.637695 0.858398 0.637695 0.859375 0.638672 0.862305 0.639648 0.866211 0.643555 0.864258 0.645508 0.864258 0.646484 0.862305 0.648438 0.861328 0.647461 0.860352 0.647461 0.859375 0.646484 0.858398 0.646484 0.857422 0.645508 0.856445 0.645508 0.855469 0.644531 0.854492 0.644531 0.853516 0.643555 0.852539 0.643555 0.851562 0.642578 0.850586 0.642578 0.849609 0.641602 0.848633 0.641602 0.847656 0.640625 0.846680 0.640625 0.845703 0.639648 0.844727 0.639648 0.839844 0.636719 0.837891 0.636719 0.835938 0.638672 0.835938 0.639648 0.833008 0.642578 0.833008 0.643555 0.831055 0.645508 0.831055 0.646484 0.828125 0.649414 0.828125 0.650391 0.827148 0.651367 0.833008 0.657227 0.833984 0.657227 0.838867 0.662109 0.839844 0.662109 0.844727 0.666992 0.845703 0.666992 0.850586 0.671875 0.851562 0.671875 0.856445 0.676758 0.857422 0.676758 0.862305 0.681641 0.863281 0.681641 0.865234 0.683594 0.866211 0.683594 0.867188 0.684570 0.868164 0.684570 0.869141 0.685547 0.870117 0.685547 0.871094 0.686523 0.872070 0.686523 0.873047 0.687500 0.874023 0.687500 0.875000 0.688477 0.875977 0.688477 0.876953 0.689453 0.877930 0.689453 0.878906 0.690430 0.879883 0.690430 0.880859 0.691406 0.881836 0.691406 0.886719 0.694336 0.888672 0.694336 0.889648 0.695312 0.890625 0.695312 0.891602 0.696289 0.892578 0.696289 0.897461 0.699219 0.899414 0.699219 0.901367 0.697266 0.901367 0.696289 0.904297 0.693359 0.904297 0.692383 0.907227 0.689453 0.907227 0.688477 0.911133 0.684570 0.911133 0.683594 0.914062 0.680664 0.914062 0.679688 0.916992 0.676758 0.916992 0.675781 0.919922 0.672852 0.919922 0.671875 0.922852 0.668945 0.922852 0.667969 0.925781 0.665039 0.925781 0.664062 0.928711 0.661133 0.928711 0.660156 0.931641 0.657227 0.931641 0.656250 0.933594 0.654297 0.931641 0.652344 0.930664 0.652344 0.927734 0.649414 0.926758 0.649414 0.923828 0.646484 0.922852 0.646484 0.920898 0.644531 0.919922 0.644531 0.916992 0.641602 0.916016 0.641602 0.914062 0.639648 0.913086 0.639648 0.910156 0.636719 0.909180 0.636719 0.907227 0.634766 0.906250 0.634766 0.899414 0.628906 0.898438 0.628906 0.896484 0.626953 0.895508 0.626953 0.892578 0.624023 0.891602 0.624023 0.890625 0.623047 0.889648 0.623047 0.888672 0.622070 0.887695 0.622070 0.886719 0.621094 0.883789 0.620117 0.881836 0.618164 0.880859 0.618164 0.879883 0.617188 0.878906 0.617188 0.877930 0.616211 0.876953 0.616211 0.875977 0.615234 0.873047 0.614258 0.871094 0.612305 0.870117 0.612305 0.869141 0.611328 0.868164 0.611328 0.867188 0.610352 0.866211 0.610352 0.865234 0.609375 0.862305 0.608398 0.860352 0.606445
0 0.470703 0.502930 0.471680 0.503906 0.472656 0.503906 0.472656 0.502930
1 0.835938 0.630859 0.835938 0.631836 0.834961 0.632812 0.835938 0.632812 0.837891 0.634766 0.838867 0.634766 0.840820 0.636719 0.841797 0.636719 0.842773 0.637695 0.843750 0.637695 0.844727 0.638672 0.845703 0.638672 0.846680 0.639648 0.848633 0.639648 0.850586 0.641602 0.851562 0.641602 0.852539 0.642578 0.853516 0.642578 0.854492 0.643555 0.855469 0.643555 0.856445 0.644531 0.857422 0.644531 0.858398 0.645508 0.859375 0.645508 0.860352 0.646484 0.861328 0.646484 0.862305 0.647461 0.863281 0.646484 0.863281 0.645508 0.862305 0.644531 0.862305 0.642578 0.863281 0.641602 0.862305 0.640625 0.861328 0.641602 0.858398 0.638672 0.857422 0.638672 0.856445 0.637695 0.855469 0.637695 0.854492 0.636719 0.853516 0.637695 0.849609 0.633789 0.848633 0.633789 0.847656 0.632812 0.846680 0.632812 0.845703 0.631836 0.844727 0.632812 0.843750 0.631836 0.842773 0.631836 0.841797 0.630859 0.840820 0.630859 0.838867 0.628906 0.837891 0.628906
0 0.490234 0.453125 0.487305 0.453125 0.486328 0.454102 0.483398 0.454102 0.482422 0.455078 0.480469 0.455078 0.479492 0.456055 0.476562 0.456055 0.475586 0.457031 0.472656 0.457031 0.471680 0.458008 0.468750 0.458008 0.467773 0.458984 0.464844 0.458984 0.463867 0.459961 0.460938 0.459961 0.459961 0.460938 0.459961 0.462891 0.460938 0.463867 0.460938 0.473633 0.461914 0.474609 0.461914 0.483398 0.462891 0.484375 0.462891 0.485352 0.463867 0.486328 0.463867 0.487305 0.464844 0.488281 0.464844 0.489258 0.465820 0.490234 0.465820 0.492188 0.466797 0.493164 0.466797 0.494141 0.467773 0.495117 0.467773 0.496094 0.468750 0.497070 0.468750 0.499023 0.469727 0.500000 0.469727 0.500977 0.470703 0.501953 0.472656 0.501953 0.473633 0.502930 0.476562 0.502930 0.477539 0.501953 0.480469 0.501953 0.481445 0.500977 0.484375 0.500977 0.485352 0.500000 0.488281 0.500000 0.489258 0.499023 0.492188 0.499023 0.493164 0.498047 0.496094 0.498047 0.497070 0.497070 0.500000 0.497070 0.500977 0.496094 0.501953 0.496094 0.500977 0.495117 0.500977 0.489258 0.500000 0.488281 0.500000 0.481445 0.499023 0.480469 0.499023 0.474609 0.498047 0.473633 0.498047 0.471680 0.497070 0.470703 0.497070 0.468750 0.496094 0.467773 0.496094 0.466797 0.495117 0.465820 0.495117 0.463867 0.494141 0.462891 0.494141 0.461914 0.493164 0.460938 0.493164 0.458984 0.492188 0.458008 0.492188 0.456055 0.491211 0.455078 0.491211 0.454102
0 0.495117 0.856445 0.494141 0.857422 0.493164 0.857422 0.491211 0.859375 0.490234 0.859375 0.489258 0.860352 0.488281 0.860352 0.487305 0.861328 0.486328 0.861328 0.485352 0.862305 0.484375 0.862305 0.482422 0.864258 0.481445 0.864258 0.480469 0.865234 0.479492 0.865234 0.478516 0.866211 0.477539 0.866211 0.475586 0.868164 0.474609 0.868164 0.473633 0.869141 0.472656 0.869141 0.471680 0.870117 0.470703 0.870117 0.470703 0.873047 0.471680 0.874023 0.471680 0.876953 0.472656 0.877930 0.472656 0.879883 0.473633 0.880859 0.473633 0.883789 0.474609 0.884766 0.474609 0.886719 0.475586 0.887695 0.475586 0.890625 0.476562 0.891602 0.476562 0.893555 0.477539 0.894531 0.477539 0.896484 0.486328 0.905273 0.487305 0.905273 0.491211 0.909180 0.492188 0.909180 0.493164 0.908203 0.494141 0.908203 0.496094 0.906250 0.497070 0.906250 0.498047 0.905273 0.499023 0.905273 0.500977 0.903320 0.501953 0.903320 0.502930 0.902344 0.503906 0.902344 0.505859 0.900391 0.506836 0.900391 0.507812 0.899414 0.508789 0.899414 0.510742 0.897461 0.511719 0.897461 0.512695 0.896484 0.513672 0.896484 0.515625 0.894531 0.516602 0.894531 0.516602 0.893555 0.515625 0.892578 0.515625 0.889648 0.514648 0.888672 0.514648 0.886719 0.513672 0.885742 0.513672 0.882812 0.512695 0.881836 0.512695 0.879883 0.511719 0.878906 0.511719 0.875977 0.510742 0.875000 0.510742 0.872070 0.509766 0.871094 0.509766 0.869141 0.508789 0.868164 0.508789 0.867188 0.507812 0.866211 0.506836 0.866211 0.503906 0.863281 0.502930 0.863281 0.499023 0.859375 0.498047 0.859375
1 0.500977 0.904297 0.499023 0.906250 0.498047 0.906250 0.499023 0.907227 0.499023 0.909180 0.500000 0.910156 0.500000 0.913086 0.500977 0.914062 0.502930 0.914062 0.502930 0.910156 0.501953 0.909180 0.501953 0.906250 0.500977 0.905273
1 0.379883 0.523438 0.379883 0.525391 0.377930 0.527344 0.378906 0.527344 0.378906 0.526367 0.379883 0.525391
0 0.375977 0.485352 0.375000 0.486328 0.374023 0.486328 0.373047 0.487305 0.372070 0.487305 0.370117 0.489258 0.369141 0.489258 0.368164 0.490234 0.367188 0.490234 0.366211 0.491211 0.366211 0.493164 0.365234 0.494141 0.365234 0.499023 0.364258 0.500000 0.364258 0.504883 0.363281 0.505859 0.363281 0.510742 0.362305 0.511719 0.362305 0.516602 0.363281 0.516602 0.364258 0.517578 0.366211 0.517578 0.367188 0.518555 0.370117 0.518555 0.371094 0.519531 0.373047 0.519531 0.374023 0.520508 0.375977 0.520508 0.376953 0.521484 0.378906 0.521484 0.379883 0.522461 0.381836 0.522461 0.382812 0.523438 0.384766 0.523438 0.385742 0.524414 0.386719 0.524414 0.388672 0.522461 0.389648 0.522461 0.391602 0.520508 0.392578 0.520508 0.394531 0.518555 0.395508 0.518555 0.397461 0.516602 0.397461 0.512695 0.398438 0.511719 0.398438 0.507812 0.399414 0.506836 0.399414 0.502930 0.400391 0.501953 0.400391 0.497070 0.401367 0.496094 0.401367 0.492188 0.400391 0.492188 0.399414 0.491211 0.397461 0.491211 0.396484 0.490234 0.394531 0.490234 0.393555 0.489258 0.390625 0.489258 0.389648 0.488281 0.387695 0.488281 0.386719 0.487305 0.384766 0.487305 0.383789 0.486328 0.381836 0.486328 0.380859 0.485352
1 0.378906 0.522461 0.376953 0.522461 0.376953 0.527344 0.375977 0.528320 0.375977 0.533203 0.376953 0.534180 0.377930 0.533203 0.377930 0.532227 0.378906 0.531250 0.377930 0.530273 0.378906 0.529297 0.378906 0.528320 0.377930 0.528320 0.376953 0.527344 0.378906 0.525391
1 0.357422 0.248047 0.358398 0.249023 0.358398 0.248047
1 0.353516 0.241211 0.354492 0.242188 0.354492 0.241211
0 0.354492 0.222656 0.353516 0.222656 0.349609 0.226562 0.348633 0.226562 0.344727 0.230469 0.343750 0.230469 0.339844 0.234375 0.338867 0.234375 0.333984 0.239258 0.333008 0.239258 0.329102 0.243164 0.328125 0.243164 0.324219 0.247070 0.323242 0.247070 0.322266 0.248047 0.322266 0.249023 0.321289 0.250000 0.321289 0.256836 0.320312 0.257812 0.320312 0.264648 0.319336 0.265625 0.319336 0.270508 0.342773 0.293945 0.343750 0.293945 0.350586 0.300781 0.351562 0.300781 0.357422 0.294922 0.358398 0.294922 0.364258 0.289062 0.365234 0.289062 0.371094 0.283203 0.372070 0.283203 0.377930 0.277344 0.378906 0.277344 0.380859 0.275391 0.380859 0.274414 0.381836 0.273438 0.381836 0.270508 0.382812 0.269531 0.382812 0.266602 0.383789 0.265625 0.383789 0.263672 0.384766 0.262695 0.384766 0.259766 0.385742 0.258789 0.385742 0.255859 0.386719 0.254883 0.386719 0.253906 0.371094 0.238281 0.370117 0.238281
1 0.358398 0.233398 0.357422 0.233398 0.355469 0.235352 0.354492 0.235352 0.354492 0.239258 0.353516 0.240234 0.354492 0.240234 0.355469 0.241211 0.355469 0.242188 0.354492 0.243164 0.353516 0.242188 0.353516 0.244141 0.352539 0.245117 0.352539 0.250000 0.351562 0.250977 0.354492 0.253906 0.356445 0.251953 0.357422 0.251953 0.357422 0.249023 0.356445 0.248047 0.357422 0.247070 0.358398 0.247070 0.358398 0.245117 0.359375 0.244141 0.359375 0.240234 0.360352 0.239258 0.360352 0.235352
