0 0.538086 0.458984 0.538086 0.462891 0.537109 0.463867 0.537109 0.466797 0.536133 0.467773 0.536133 0.471680 0.535156 0.472656 0.535156 0.475586 0.534180 0.476562 0.534180 0.480469 0.533203 0.481445 0.533203 0.485352 0.532227 0.486328 0.533203 0.487305 0.537109 0.487305 0.538086 0.488281 0.541016 0.488281 0.541992 0.489258 0.545898 0.489258 0.546875 0.490234 0.549805 0.490234 0.550781 0.491211 0.554688 0.491211 0.555664 0.492188 0.559570 0.492188 0.560547 0.493164 0.565430 0.493164 0.566406 0.494141 0.566406 0.490234 0.567383 0.489258 0.567383 0.485352 0.568359 0.484375 0.568359 0.481445 0.569336 0.480469 0.569336 0.476562 0.570312 0.475586 0.570312 0.472656 0.571289 0.471680 0.571289 0.467773 0.572266 0.466797 0.572266 0.464844 0.570312 0.464844 0.569336 0.463867 0.566406 0.463867 0.565430 0.462891 0.561523 0.462891 0.560547 0.461914 0.557617 0.461914 0.556641 0.460938 0.552734 0.460938 0.551758 0.459961 0.548828 0.459961 0.547852 0.458984
0 0.466797 0.492188 0.465820 0.493164 0.465820 0.494141 0.464844 0.495117 0.464844 0.496094 0.463867 0.497070 0.463867 0.498047 0.462891 0.499023 0.462891 0.500000 0.461914 0.500977 0.461914 0.501953 0.460938 0.502930 0.460938 0.503906 0.459961 0.504883 0.459961 0.505859 0.458984 0.506836 0.458984 0.508789 0.458008 0.509766 0.458008 0.510742 0.458984 0.510742 0.460938 0.512695 0.461914 0.512695 0.463867 0.514648 0.464844 0.514648 0.466797 0.516602 0.467773 0.516602 0.468750 0.517578 0.470703 0.517578 0.471680 0.518555 0.472656 0.518555 0.473633 0.519531 0.474609 0.519531 0.475586 0.520508 0.477539 0.520508 0.478516 0.521484 0.479492 0.521484 0.480469 0.522461 0.482422 0.522461 0.483398 0.523438 0.483398 0.522461 0.484375 0.521484 0.484375 0.520508 0.485352 0.519531 0.485352 0.518555 0.486328 0.517578 0.486328 0.516602 0.487305 0.515625 0.487305 0.514648 0.488281 0.513672 0.488281 0.512695 0.489258 0.511719 0.489258 0.510742 0.490234 0.509766 0.490234 0.508789 0.491211 0.507812 0.491211 0.506836 0.492188 0.505859 0.492188 0.504883 0.491211 0.504883 0.489258 0.502930 0.488281 0.502930 0.486328 0.500977 0.485352 0.500977 0.484375 0.500000 0.483398 0.500000 0.481445 0.498047 0.479492 0.498047 0.478516 0.497070 0.477539 0.497070 0.476562 0.496094 0.475586 0.496094 0.474609 0.495117 0.472656 0.495117 0.471680 0.494141 0.470703 0.494141 0.469727 0.493164 0.468750 0.493164 0.467773 0.492188
1 0.470703 0.518555 0.468750 0.518555 0.467773 0.519531 0.467773 0.520508 0.466797 0.521484 0.466797 0.522461 0.465820 0.523438 0.465820 0.524414 0.464844 0.525391 0.464844 0.526367 0.463867 0.527344 0.463867 0.529297 0.464844 0.529297 0.465820 0.528320 0.465820 0.527344 0.466797 0.526367 0.466797 0.525391 0.467773 0.524414 0.467773 0.523438 0.468750 0.522461 0.468750 0.521484 0.469727 0.520508 0.469727 0.519531
0 0.265625 0.606445 0.265625 0.611328 0.266602 0.612305 0.266602 0.622070 0.267578 0.623047 0.267578 0.627930 0.268555 0.628906 0.289062 0.628906 0.290039 0.627930 0.291016 0.627930 0.292969 0.625977 0.293945 0.625977 0.294922 0.625000 0.295898 0.625000 0.296875 0.624023 0.297852 0.624023 0.298828 0.623047 0.298828 0.613281 0.297852 0.612305 0.297852 0.601562 0.286133 0.601562 0.285156 0.600586 0.277344 0.600586 0.276367 0.601562 0.275391 0.601562 0.274414 0.602539 0.273438 0.602539 0.272461 0.603516 0.271484 0.603516 0.270508 0.604492 0.269531 0.604492 0.268555 0.605469 0.267578 0.605469 0.266602 0.606445
0 0.573242 0.411133 0.573242 0.410156 0.572266 0.409180 0.571289 0.410156 0.570312 0.410156 0.572266 0.410156
0 0.252930 0.259766 0.251953 0.260742 0.250000 0.260742 0.249023 0.261719 0.247070 0.261719 0.246094 0.262695 0.244141 0.262695 0.243164 0.263672 0.241211 0.263672 0.240234 0.264648 0.239258 0.264648 0.238281 0.265625 0.236328 0.265625 0.223633 0.278320 0.222656 0.278320 0.222656 0.279297 0.225586 0.282227 0.225586 0.283203 0.227539 0.285156 0.227539 0.286133 0.229492 0.288086 0.229492 0.289062 0.231445 0.291016 0.231445 0.291992 0.233398 0.293945 0.233398 0.294922 0.235352 0.296875 0.235352 0.297852 0.237305 0.299805 0.237305 0.300781 0.238281 0.299805 0.240234 0.299805 0.241211 0.298828 0.243164 0.298828 0.244141 0.297852 0.245117 0.297852 0.246094 0.296875 0.248047 0.296875 0.249023 0.295898 0.250000 0.295898 0.250977 0.294922 0.252930 0.294922 0.253906 0.293945 0.254883 0.293945 0.262695 0.286133 0.263672 0.286133 0.267578 0.282227 0.267578 0.281250 0.266602 0.280273 0.266602 0.279297 0.264648 0.277344 0.264648 0.276367 0.262695 0.274414 0.262695 0.273438 0.260742 0.271484 0.260742 0.270508 0.258789 0.268555 0.258789 0.267578 0.256836 0.265625 0.256836 0.264648 0.254883 0.262695 0.254883 0.261719
1 0.266602 0.272461 0.265625 0.271484 0.264648 0.271484 0.263672 0.272461 0.262695 0.272461 0.263672 0.273438 0.263672 0.274414 0.265625 0.274414 0.266602 0.273438
0 0.558594 0.513672 0.557617 0.514648 0.556641 0.514648 0.557617 0.514648
0 0.549805 0.509766 0.548828 0.510742 0.549805 0.511719 0.550781 0.511719 0.550781 0.509766
0 0.579102 0.375977 0.574219 0.375977 0.573242 0.375000 0.572266 0.375000 0.572266 0.377930 0.573242 0.378906 0.573242 0.383789 0.572266 0.384766 0.572266 0.386719 0.573242 0.387695 0.571289 0.389648 0.571289 0.391602 0.570312 0.392578 0.570312 0.395508 0.569336 0.396484 0.569336 0.399414 0.568359 0.400391 0.568359 0.403320 0.567383 0.404297 0.567383 0.407227 0.566406 0.408203 0.566406 0.409180 0.567383 0.409180 0.568359 0.410156 0.569336 0.410156 0.570312 0.409180 0.571289 0.409180 0.572266 0.408203 0.574219 0.410156 0.574219 0.409180 0.576172 0.407227 0.576172 0.406250 0.578125 0.404297 0.578125 0.403320 0.580078 0.401367 0.580078 0.400391 0.582031 0.398438 0.582031 0.397461 0.583984 0.395508 0.583984 0.391602 0.583008 0.390625 0.583008 0.387695 0.582031 0.386719 0.582031 0.383789 0.581055 0.382812 0.581055 0.379883 0.580078 0.378906 0.580078 0.376953
1 0.560547 0.542969 0.559570 0.543945 0.559570 0.546875 0.561523 0.546875 0.561523 0.545898 0.560547 0.544922
1 0.556641 0.534180 0.555664 0.535156 0.556641 0.536133 0.556641 0.538086 0.557617 0.538086 0.558594 0.539062 0.558594 0.537109 0.557617 0.536133 0.557617 0.535156
0 0.560547 0.506836 0.556641 0.506836 0.555664 0.507812 0.554688 0.507812 0.553711 0.508789 0.551758 0.508789 0.551758 0.511719 0.550781 0.512695 0.549805 0.512695 0.547852 0.510742 0.548828 0.509766 0.547852 0.510742 0.545898 0.510742 0.544922 0.511719 0.543945 0.511719 0.542969 0.512695 0.541016 0.512695 0.540039 0.513672 0.538086 0.513672 0.537109 0.514648 0.535156 0.514648 0.536133 0.515625 0.536133 0.517578 0.537109 0.518555 0.537109 0.520508 0.538086 0.521484 0.538086 0.523438 0.539062 0.524414 0.539062 0.526367 0.540039 0.527344 0.540039 0.529297 0.541016 0.530273 0.541016 0.531250 0.541992 0.532227 0.541992 0.534180 0.542969 0.535156 0.542969 0.536133 0.545898 0.536133 0.546875 0.535156 0.548828 0.535156 0.549805 0.534180 0.551758 0.534180 0.552734 0.533203 0.554688 0.533203 0.555664 0.532227 0.556641 0.532227 0.557617 0.531250 0.560547 0.531250 0.561523 0.530273 0.562500 0.530273 0.564453 0.528320 0.565430 0.529297 0.566406 0.528320 0.568359 0.528320 0.568359 0.527344 0.567383 0.526367 0.567383 0.524414 0.566406 0.523438 0.566406 0.521484 0.565430 0.520508 0.565430 0.518555 0.564453 0.517578 0.564453 0.515625 0.563477 0.514648 0.563477 0.513672 0.562500 0.512695 0.562500 0.510742 0.561523 0.509766 0.561523 0.507812
1 0.559570 0.539062 0.558594 0.540039 0.557617 0.539062 0.557617 0.541016 0.558594 0.541992 0.558594 0.543945 0.560547 0.541992 0.559570 0.541016
1 0.555664 0.533203 0.555664 0.534180 0.556641 0.533203 0.557617 0.534180 0.557617 0.533203
0 0.278320 0.334961 0.278320 0.335938 0.277344 0.336914 0.277344 0.337891 0.276367 0.338867 0.276367 0.339844 0.275391 0.340820 0.275391 0.341797 0.274414 0.342773 0.274414 0.343750 0.273438 0.344727 0.273438 0.345703 0.271484 0.347656 0.271484 0.348633 0.270508 0.349609 0.270508 0.350586 0.269531 0.351562 0.269531 0.352539 0.268555 0.353516 0.268555 0.354492 0.267578 0.355469 0.267578 0.356445 0.266602 0.357422 0.266602 0.358398 0.265625 0.359375 0.265625 0.360352 0.264648 0.361328 0.264648 0.362305 0.268555 0.366211 0.268555 0.367188 0.272461 0.371094 0.272461 0.372070 0.276367 0.375977 0.276367 0.376953 0.280273 0.380859 0.280273 0.381836 0.282227 0.383789 0.308594 0.383789 0.309570 0.382812 0.309570 0.381836 0.310547 0.380859 0.310547 0.379883 0.312500 0.377930 0.312500 0.376953 0.313477 0.375977 0.313477 0.375000 0.314453 0.374023 0.314453 0.373047 0.316406 0.371094 0.316406 0.370117 0.317383 0.369141 0.317383 0.368164 0.318359 0.367188 0.318359 0.366211 0.320312 0.364258 0.320312 0.363281 0.321289 0.362305 0.321289 0.361328 0.322266 0.360352 0.322266 0.359375 0.323242 0.358398 0.322266 0.357422 0.322266 0.356445 0.317383 0.351562 0.317383 0.350586 0.312500 0.345703 0.312500 0.344727 0.307617 0.339844 0.307617 0.338867 0.304688 0.335938 0.288086 0.335938 0.287109 0.334961
1 0.395508 0.432617 0.392578 0.432617 0.392578 0.435547 0.392578 0.433594 0.393555 0.432617 0.394531 0.433594
1 0.325195 0.360352 0.324219 0.359375 0.323242 0.359375 0.323242 0.360352 0.322266 0.361328 0.322266 0.362305 0.323242 0.362305
0 0.390625 0.405273 0.390625 0.406250 0.389648 0.407227 0.389648 0.408203 0.388672 0.409180 0.388672 0.410156 0.387695 0.411133 0.387695 0.412109 0.386719 0.413086 0.386719 0.414062 0.385742 0.415039 0.385742 0.416016 0.384766 0.416992 0.384766 0.418945 0.383789 0.419922 0.383789 0.420898 0.382812 0.421875 0.382812 0.422852 0.381836 0.423828 0.382812 0.424805 0.383789 0.424805 0.384766 0.425781 0.385742 0.425781 0.387695 0.427734 0.388672 0.427734 0.389648 0.428711 0.390625 0.428711 0.391602 0.429688 0.393555 0.429688 0.394531 0.430664 0.395508 0.430664 0.397461 0.432617 0.399414 0.432617 0.400391 0.433594 0.401367 0.433594 0.402344 0.434570 0.403320 0.434570 0.404297 0.435547 0.405273 0.435547 0.406250 0.436523 0.407227 0.436523 0.408203 0.437500 0.408203 0.436523 0.409180 0.435547 0.409180 0.434570 0.410156 0.433594 0.410156 0.432617 0.411133 0.431641 0.411133 0.430664 0.412109 0.429688 0.412109 0.428711 0.413086 0.427734 0.413086 0.426758 0.414062 0.425781 0.414062 0.424805 0.415039 0.423828 0.415039 0.422852 0.416016 0.421875 0.416016 0.420898 0.416992 0.419922 0.416992 0.417969 0.416016 0.416992 0.415039 0.416992 0.413086 0.415039 0.412109 0.415039 0.411133 0.414062 0.410156 0.414062 0.408203 0.412109 0.407227 0.412109 0.406250 0.411133 0.404297 0.411133 0.403320 0.410156 0.402344 0.410156 0.401367 0.409180 0.400391 0.409180 0.399414 0.408203 0.397461 0.408203 0.396484 0.407227 0.395508 0.407227 0.394531 0.406250 0.393555 0.406250 0.392578 0.405273
1 0.393555 0.433594 0.393555 0.435547 0.392578 0.436523 0.391602 0.435547 0.391602 0.437500 0.389648 0.439453 0.389648 0.440430 0.388672 0.441406 0.388672 0.442383 0.387695 0.443359 0.388672 0.443359 0.389648 0.444336 0.390625 0.443359 0.390625 0.442383 0.391602 0.441406 0.391602 0.440430 0.392578 0.439453 0.392578 0.438477 0.393555 0.437500 0.393555 0.436523 0.394531 0.435547 0.394531 0.434570
1 0.393555 0.430664 0.393555 0.431641 0.395508 0.431641 0.394531 0.431641
1 0.533203 0.378906 0.534180 0.379883 0.533203 0.380859 0.534180 0.379883
0 0.536133 0.357422 0.536133 0.361328 0.535156 0.362305 0.535156 0.366211 0.534180 0.367188 0.534180 0.371094 0.533203 0.372070 0.533203 0.375000 0.532227 0.375977 0.532227 0.377930 0.534180 0.377930 0.535156 0.378906 0.535156 0.380859 0.534180 0.381836 0.534180 0.382812 0.533203 0.383789 0.531250 0.383789 0.531250 0.395508 0.532227 0.396484 0.532227 0.405273 0.535156 0.405273 0.536133 0.406250 0.544922 0.406250 0.545898 0.407227 0.554688 0.407227 0.555664 0.408203 0.564453 0.408203 0.565430 0.409180 0.565430 0.408203 0.566406 0.407227 0.566406 0.404297 0.567383 0.403320 0.567383 0.400391 0.568359 0.399414 0.568359 0.396484 0.569336 0.395508 0.569336 0.392578 0.570312 0.391602 0.570312 0.388672 0.571289 0.387695 0.571289 0.384766 0.572266 0.383789 0.572266 0.378906 0.571289 0.377930 0.571289 0.368164 0.570312 0.367188 0.570312 0.360352 0.563477 0.360352 0.562500 0.359375 0.554688 0.359375 0.553711 0.358398 0.544922 0.358398 0.543945 0.357422
1 0.510742 0.378906 0.510742 0.380859 0.514648 0.380859 0.515625 0.381836 0.524414 0.381836 0.525391 0.382812 0.533203 0.382812 0.533203 0.381836 0.534180 0.380859 0.533203 0.379883 0.534180 0.378906 0.533203 0.379883 0.532227 0.378906 0.526367 0.378906 0.525391 0.377930 0.516602 0.377930 0.515625 0.376953 0.511719 0.376953 0.511719 0.377930
0 0.325195 0.560547 0.323242 0.562500 0.323242 0.563477 0.321289 0.565430 0.321289 0.566406 0.319336 0.568359 0.319336 0.569336 0.317383 0.571289 0.317383 0.572266 0.316406 0.573242 0.316406 0.574219 0.314453 0.576172 0.314453 0.577148 0.312500 0.579102 0.312500 0.580078 0.310547 0.582031 0.310547 0.583008 0.308594 0.584961 0.308594 0.585938 0.306641 0.587891 0.307617 0.587891 0.309570 0.589844 0.310547 0.589844 0.311523 0.590820 0.312500 0.590820 0.314453 0.592773 0.315430 0.592773 0.317383 0.594727 0.318359 0.594727 0.320312 0.596680 0.321289 0.596680 0.322266 0.597656 0.323242 0.597656 0.325195 0.599609 0.326172 0.599609 0.328125 0.601562 0.329102 0.601562 0.330078 0.602539 0.331055 0.602539 0.333008 0.604492 0.333984 0.604492 0.334961 0.605469 0.335938 0.605469 0.336914 0.606445 0.337891 0.606445 0.338867 0.607422 0.340820 0.607422 0.340820 0.606445 0.342773 0.604492 0.342773 0.603516 0.344727 0.601562 0.344727 0.600586 0.345703 0.599609 0.345703 0.598633 0.347656 0.596680 0.347656 0.595703 0.349609 0.593750 0.349609 0.592773 0.351562 0.590820 0.351562 0.589844 0.353516 0.587891 0.353516 0.586914 0.354492 0.585938 0.354492 0.584961 0.356445 0.583008 0.356445 0.582031 0.357422 0.581055 0.355469 0.579102 0.354492 0.579102 0.352539 0.577148 0.351562 0.577148 0.349609 0.575195 0.348633 0.575195 0.346680 0.573242 0.345703 0.573242 0.344727 0.572266 0.343750 0.572266 0.341797 0.570312 0.340820 0.570312 0.338867 0.568359 0.337891 0.568359 0.336914 0.567383 0.335938 0.567383 0.333984 0.565430 0.333008 0.565430 0.331055 0.563477 0.330078 0.563477 0.329102 0.562500 0.328125 0.562500 0.326172 0.560547
