0 0.608398 0.175781 0.596680 0.175781 0.595703 0.176758 0.578125 0.176758 0.577148 0.177734 0.573242 0.177734 0.573242 0.193359 0.572266 0.194336 0.572266 0.213867 0.573242 0.214844 0.573242 0.215820 0.575195 0.217773 0.575195 0.218750 0.576172 0.219727 0.576172 0.220703 0.578125 0.222656 0.604492 0.222656 0.605469 0.221680 0.611328 0.221680 0.611328 0.217773 0.612305 0.216797 0.612305 0.198242 0.613281 0.197266 0.613281 0.186523 0.612305 0.185547 0.612305 0.184570 0.611328 0.183594 0.611328 0.182617 0.610352 0.181641 0.610352 0.179688 0.609375 0.178711 0.609375 0.177734 0.608398 0.176758
1 0.593750 0.158203 0.593750 0.159180 0.592773 0.160156 0.592773 0.175781 0.595703 0.175781 0.595703 0.165039 0.596680 0.164062 0.596680 0.159180 0.595703 0.158203
0 0.560547 0.536133 0.560547 0.537109 0.559570 0.538086 0.559570 0.539062 0.558594 0.540039 0.558594 0.541016 0.557617 0.541992 0.557617 0.553711 0.556641 0.554688 0.556641 0.568359 0.563477 0.568359 0.564453 0.569336 0.574219 0.569336 0.575195 0.570312 0.583008 0.570312 0.584961 0.568359 0.584961 0.567383 0.586914 0.565430 0.586914 0.551758 0.587891 0.550781 0.587891 0.539062 0.586914 0.538086 0.577148 0.538086 0.576172 0.537109 0.566406 0.537109 0.565430 0.536133
1 0.587891 0.553711 0.587891 0.556641 0.597656 0.556641 0.598633 0.557617 0.603516 0.557617 0.603516 0.555664 0.602539 0.554688 0.592773 0.554688 0.591797 0.553711
0 0.537109 0.546875 0.536133 0.546875 0.528320 0.554688 0.528320 0.555664 0.516602 0.567383 0.516602 0.568359 0.513672 0.571289 0.513672 0.572266 0.516602 0.575195 0.517578 0.575195 0.531250 0.588867 0.532227 0.588867 0.541992 0.579102 0.541992 0.578125 0.550781 0.569336 0.550781 0.568359 0.554688 0.564453 0.554688 0.563477 0.541992 0.550781 0.541016 0.550781
1 0.513672 0.545898 0.511719 0.547852 0.523438 0.559570 0.525391 0.557617
0 0.563477 0.525391 0.562500 0.526367 0.560547 0.526367 0.559570 0.527344 0.557617 0.527344 0.556641 0.528320 0.555664 0.528320 0.554688 0.529297 0.552734 0.529297 0.551758 0.530273 0.549805 0.530273 0.548828 0.531250 0.546875 0.531250 0.545898 0.532227 0.544922 0.532227 0.543945 0.533203 0.541992 0.533203 0.541016 0.534180 0.540039 0.534180 0.540039 0.535156 0.541016 0.536133 0.541016 0.538086 0.541992 0.539062 0.541992 0.540039 0.542969 0.541016 0.542969 0.542969 0.543945 0.543945 0.543945 0.545898 0.544922 0.546875 0.544922 0.548828 0.545898 0.549805 0.545898 0.550781 0.546875 0.551758 0.546875 0.553711 0.547852 0.554688 0.547852 0.555664 0.548828 0.556641 0.550781 0.556641 0.551758 0.555664 0.553711 0.555664 0.554688 0.554688 0.555664 0.554688 0.556641 0.553711 0.556641 0.541992 0.557617 0.541016 0.557617 0.540039 0.558594 0.539062 0.558594 0.538086 0.559570 0.537109 0.559570 0.536133 0.560547 0.535156 0.565430 0.535156 0.566406 0.536133 0.567383 0.536133 0.567383 0.535156 0.566406 0.534180 0.566406 0.532227 0.565430 0.531250 0.565430 0.529297 0.564453 0.528320 0.564453 0.527344 0.563477 0.526367
1 0.583008 0.531250 0.581055 0.531250 0.580078 0.532227 0.578125 0.532227 0.577148 0.533203 0.575195 0.533203 0.574219 0.534180 0.573242 0.534180 0.572266 0.535156 0.570312 0.535156 0.569336 0.536133 0.568359 0.536133 0.574219 0.536133 0.575195 0.535156 0.576172 0.535156 0.577148 0.534180 0.579102 0.534180 0.580078 0.533203 0.582031 0.533203 0.583008 0.532227
1 0.385742 0.361328 0.385742 0.363281 0.390625 0.363281 0.390625 0.362305 0.389648 0.361328
0 0.354492 0.347656 0.354492 0.364258 0.355469 0.365234 0.355469 0.375000 0.361328 0.375000 0.362305 0.375977 0.373047 0.375977 0.374023 0.376953 0.380859 0.376953 0.381836 0.375977 0.385742 0.375977 0.386719 0.375000 0.391602 0.375000 0.392578 0.374023 0.392578 0.364258 0.385742 0.364258 0.384766 0.363281 0.384766 0.361328 0.385742 0.360352 0.392578 0.360352 0.392578 0.347656 0.384766 0.347656 0.383789 0.346680 0.370117 0.346680 0.369141 0.345703 0.368164 0.346680 0.360352 0.346680 0.359375 0.347656
1 0.390625 0.361328 0.391602 0.362305 0.391602 0.363281 0.392578 0.363281 0.393555 0.364258 0.399414 0.364258 0.400391 0.363281 0.401367 0.364258 0.402344 0.364258 0.402344 0.362305 0.395508 0.362305 0.394531 0.361328
