0 0.604492 0.224609 0.603516 0.225586 0.599609 0.225586 0.598633 0.226562 0.594727 0.226562 0.593750 0.227539 0.589844 0.227539 0.588867 0.228516 0.584961 0.228516 0.583984 0.229492 0.580078 0.229492 0.579102 0.230469 0.578125 0.230469 0.576172 0.232422 0.576172 0.233398 0.569336 0.240234 0.570312 0.241211 0.570312 0.243164 0.571289 0.244141 0.571289 0.247070 0.572266 0.248047 0.572266 0.250977 0.573242 0.251953 0.573242 0.253906 0.574219 0.254883 0.574219 0.257812 0.575195 0.258789 0.575195 0.260742 0.576172 0.261719 0.576172 0.264648 0.577148 0.265625 0.577148 0.266602 0.581055 0.266602 0.582031 0.265625 0.586914 0.265625 0.587891 0.264648 0.591797 0.264648 0.592773 0.263672 0.597656 0.263672 0.598633 0.262695 0.602539 0.262695 0.606445 0.258789 0.606445 0.257812 0.610352 0.253906 0.610352 0.252930 0.611328 0.251953 0.611328 0.250000 0.610352 0.249023 0.610352 0.246094 0.609375 0.245117 0.609375 0.242188 0.608398 0.241211 0.608398 0.238281 0.607422 0.237305 0.607422 0.234375 0.606445 0.233398 0.606445 0.231445 0.605469 0.230469 0.605469 0.227539 0.604492 0.226562
0 0.490234 0.556641 0.485352 0.561523 0.484375 0.561523 0.478516 0.567383 0.477539 0.567383 0.476562 0.568359 0.476562 0.574219 0.475586 0.575195 0.475586 0.584961 0.474609 0.585938 0.474609 0.595703 0.473633 0.596680 0.473633 0.597656 0.475586 0.597656 0.476562 0.598633 0.478516 0.598633 0.479492 0.599609 0.482422 0.599609 0.483398 0.600586 0.485352 0.600586 0.486328 0.601562 0.488281 0.601562 0.489258 0.602539 0.491211 0.602539 0.492188 0.603516 0.494141 0.603516 0.495117 0.604492 0.498047 0.604492 0.499023 0.605469 0.500977 0.605469 0.501953 0.606445 0.503906 0.606445 0.516602 0.593750 0.516602 0.589844 0.514648 0.589844 0.513672 0.588867 0.511719 0.588867 0.510742 0.587891 0.510742 0.584961 0.512695 0.583008 0.513672 0.583008 0.514648 0.583984 0.516602 0.583984 0.517578 0.584961 0.517578 0.578125 0.518555 0.577148 0.518555 0.570312 0.519531 0.569336 0.519531 0.565430 0.518555 0.564453 0.516602 0.564453 0.515625 0.563477 0.512695 0.563477 0.511719 0.562500 0.509766 0.562500 0.508789 0.561523 0.505859 0.561523 0.504883 0.560547 0.502930 0.560547 0.501953 0.559570 0.499023 0.559570 0.498047 0.558594 0.496094 0.558594 0.495117 0.557617 0.493164 0.557617 0.492188 0.556641
1 0.511719 0.584961 0.511719 0.587891 0.513672 0.587891 0.514648 0.588867 0.516602 0.588867 0.517578 0.589844 0.520508 0.589844 0.521484 0.590820 0.523438 0.590820 0.524414 0.591797 0.526367 0.591797 0.527344 0.592773 0.530273 0.592773 0.531250 0.593750 0.532227 0.592773 0.532227 0.589844 0.530273 0.589844 0.529297 0.588867 0.527344 0.588867 0.526367 0.587891 0.524414 0.587891 0.523438 0.586914 0.520508 0.586914 0.519531 0.585938 0.517578 0.585938 0.516602 0.584961 0.514648 0.584961 0.513672 0.583984 0.512695 0.583984
0 0.492188 0.648438 0.491211 0.647461 0.489258 0.649414 0.492188 0.649414
0 0.479492 0.643555 0.479492 0.645508 0.480469 0.644531 0.481445 0.645508 0.481445 0.643555
0 0.508789 0.639648 0.509766 0.640625 0.509766 0.639648
0 0.502930 0.636719 0.500000 0.639648 0.500000 0.641602 0.501953 0.643555 0.502930 0.642578 0.502930 0.641602 0.503906 0.640625 0.503906 0.637695
0 0.486328 0.629883 0.486328 0.631836 0.484375 0.633789 0.485352 0.634766 0.486328 0.634766 0.488281 0.636719 0.488281 0.638672 0.487305 0.639648 0.487305 0.641602 0.489258 0.641602 0.490234 0.640625 0.490234 0.638672 0.488281 0.636719 0.488281 0.634766 0.489258 0.633789 0.489258 0.632812 0.491211 0.630859 0.491211 0.629883
0 0.452148 0.603516 0.447266 0.608398 0.446289 0.608398 0.441406 0.613281 0.440430 0.613281 0.435547 0.618164 0.434570 0.618164 0.429688 0.623047 0.429688 0.624023 0.430664 0.625000 0.430664 0.625977 0.432617 0.627930 0.432617 0.628906 0.434570 0.630859 0.434570 0.631836 0.436523 0.633789 0.436523 0.634766 0.438477 0.636719 0.438477 0.637695 0.441406 0.640625 0.441406 0.641602 0.457031 0.657227 0.458008 0.657227 0.463867 0.651367 0.464844 0.651367 0.469727 0.646484 0.470703 0.646484 0.476562 0.640625 0.477539 0.640625 0.481445 0.636719 0.482422 0.637695 0.482422 0.635742 0.481445 0.636719 0.476562 0.631836 0.476562 0.630859 0.473633 0.627930 0.473633 0.626953 0.470703 0.624023 0.470703 0.623047 0.466797 0.619141 0.466797 0.618164 0.458008 0.609375 0.458008 0.608398 0.453125 0.603516
0 0.509766 0.628906 0.502930 0.628906 0.501953 0.629883 0.492188 0.629883 0.492188 0.630859 0.490234 0.632812 0.490234 0.633789 0.489258 0.634766 0.489258 0.636719 0.491211 0.638672 0.491211 0.640625 0.489258 0.642578 0.487305 0.642578 0.486328 0.641602 0.486328 0.639648 0.487305 0.638672 0.487305 0.636719 0.486328 0.635742 0.485352 0.635742 0.483398 0.633789 0.485352 0.631836 0.485352 0.629883 0.480469 0.629883 0.480469 0.634766 0.481445 0.635742 0.482422 0.634766 0.483398 0.635742 0.483398 0.637695 0.482422 0.638672 0.481445 0.637695 0.479492 0.639648 0.479492 0.642578 0.481445 0.642578 0.482422 0.643555 0.482422 0.645508 0.481445 0.646484 0.480469 0.645508 0.479492 0.646484 0.479492 0.655273 0.480469 0.656250 0.480469 0.666016 0.481445 0.666992 0.481445 0.672852 0.487305 0.672852 0.488281 0.671875 0.510742 0.671875 0.510742 0.652344 0.509766 0.651367 0.509766 0.648438 0.510742 0.647461 0.510742 0.642578 0.507812 0.639648 0.508789 0.638672 0.509766 0.638672
1 0.530273 0.647461 0.525391 0.647461 0.524414 0.648438 0.510742 0.648438 0.510742 0.651367 0.530273 0.651367
0 0.393555 0.414062 0.392578 0.415039 0.388672 0.415039 0.387695 0.416016 0.383789 0.416016 0.382812 0.416992 0.377930 0.416992 0.376953 0.417969 0.375977 0.417969 0.375000 0.418945 0.375000 0.419922 0.373047 0.421875 0.373047 0.422852 0.372070 0.423828 0.372070 0.424805 0.370117 0.426758 0.370117 0.427734 0.369141 0.428711 0.369141 0.429688 0.367188 0.431641 0.367188 0.432617 0.365234 0.434570 0.365234 0.435547 0.368164 0.438477 0.368164 0.439453 0.373047 0.444336 0.373047 0.445312 0.377930 0.450195 0.377930 0.451172 0.378906 0.452148 0.385742 0.452148 0.386719 0.451172 0.391602 0.451172 0.392578 0.450195 0.397461 0.450195 0.398438 0.449219 0.398438 0.448242 0.399414 0.447266 0.399414 0.446289 0.401367 0.444336 0.401367 0.443359 0.402344 0.442383 0.402344 0.441406 0.403320 0.440430 0.403320 0.439453 0.405273 0.437500 0.405273 0.436523 0.406250 0.435547 0.406250 0.434570 0.407227 0.433594 0.407227 0.432617 0.403320 0.432617 0.402344 0.433594 0.398438 0.433594 0.397461 0.434570 0.396484 0.434570 0.394531 0.432617 0.394531 0.431641 0.396484 0.429688 0.398438 0.429688 0.399414 0.428711 0.403320 0.428711 0.404297 0.427734 0.404297 0.426758 0.400391 0.422852 0.400391 0.421875 0.397461 0.418945 0.397461 0.417969
1 0.409180 0.428711 0.404297 0.428711 0.403320 0.429688 0.399414 0.429688 0.398438 0.430664 0.396484 0.430664 0.395508 0.431641 0.395508 0.432617 0.396484 0.433594 0.397461 0.433594 0.398438 0.432617 0.402344 0.432617 0.403320 0.431641 0.408203 0.431641 0.409180 0.430664
