0 0.579102 0.518555 0.574219 0.518555 0.573242 0.519531 0.569336 0.519531 0.568359 0.520508 0.564453 0.520508 0.563477 0.521484 0.559570 0.521484 0.558594 0.522461 0.556641 0.522461 0.555664 0.523438 0.555664 0.524414 0.553711 0.526367 0.553711 0.527344 0.551758 0.529297 0.551758 0.530273 0.549805 0.532227 0.549805 0.533203 0.547852 0.535156 0.547852 0.536133 0.545898 0.538086 0.545898 0.539062 0.546875 0.540039 0.546875 0.541016 0.547852 0.541992 0.547852 0.542969 0.549805 0.544922 0.549805 0.545898 0.550781 0.546875 0.550781 0.547852 0.551758 0.548828 0.551758 0.549805 0.553711 0.551758 0.553711 0.552734 0.554688 0.553711 0.554688 0.554688 0.556641 0.556641 0.556641 0.557617 0.557617 0.558594 0.557617 0.559570 0.558594 0.560547 0.561523 0.560547 0.562500 0.559570 0.565430 0.559570 0.566406 0.558594 0.570312 0.558594 0.571289 0.557617 0.574219 0.557617 0.575195 0.556641 0.579102 0.556641 0.583008 0.552734 0.583008 0.551758 0.584961 0.549805 0.584961 0.548828 0.587891 0.545898 0.587891 0.544922 0.590820 0.541992 0.590820 0.541016 0.591797 0.540039 0.591797 0.539062 0.589844 0.537109 0.589844 0.536133 0.588867 0.535156 0.588867 0.534180 0.586914 0.532227 0.586914 0.531250 0.584961 0.529297 0.584961 0.528320 0.583984 0.527344 0.583984 0.526367 0.582031 0.524414 0.582031 0.523438 0.581055 0.522461 0.581055 0.521484 0.579102 0.519531
1 0.594727 0.534180 0.593750 0.533203 0.593750 0.532227 0.592773 0.533203 0.588867 0.533203 0.589844 0.534180 0.589844 0.535156 0.590820 0.536133 0.592773 0.536133
0 0.480469 0.292969 0.478516 0.292969 0.475586 0.295898 0.474609 0.295898 0.471680 0.298828 0.470703 0.298828 0.467773 0.301758 0.466797 0.301758 0.462891 0.305664 0.462891 0.306641 0.461914 0.307617 0.461914 0.309570 0.460938 0.310547 0.460938 0.312500 0.459961 0.313477 0.459961 0.314453 0.458984 0.315430 0.458984 0.318359 0.474609 0.333984 0.475586 0.333984 0.477539 0.332031 0.478516 0.332031 0.480469 0.330078 0.481445 0.330078 0.484375 0.327148 0.485352 0.327148 0.487305 0.325195 0.488281 0.325195 0.491211 0.322266 0.492188 0.322266 0.492188 0.320312 0.493164 0.319336 0.493164 0.317383 0.494141 0.316406 0.494141 0.314453 0.495117 0.313477 0.495117 0.310547 0.496094 0.309570 0.496094 0.308594
1 0.463867 0.324219 0.462891 0.323242 0.461914 0.323242 0.459961 0.325195 0.458984 0.325195 0.457031 0.327148 0.457031 0.328125 0.458008 0.329102 0.458984 0.328125 0.459961 0.328125 0.462891 0.325195 0.463867 0.325195
0 0.602539 0.538086 0.601562 0.539062 0.601562 0.544922 0.600586 0.545898 0.600586 0.550781 0.599609 0.551758 0.599609 0.556641 0.598633 0.557617 0.599609 0.558594 0.599609 0.566406 0.603516 0.566406 0.604492 0.567383 0.611328 0.567383 0.612305 0.568359 0.619141 0.568359 0.620117 0.569336 0.622070 0.569336 0.622070 0.565430 0.623047 0.564453 0.623047 0.559570 0.624023 0.558594 0.624023 0.553711 0.625000 0.552734 0.625000 0.544922 0.624023 0.543945 0.624023 0.540039 0.618164 0.540039 0.617188 0.539062 0.610352 0.539062 0.609375 0.538086
1 0.612305 0.557617 0.612305 0.564453 0.613281 0.564453 0.614258 0.565430 0.614258 0.560547 0.613281 0.559570 0.613281 0.557617
0 0.436523 0.475586 0.436523 0.476562 0.435547 0.477539 0.435547 0.479492 0.434570 0.480469 0.434570 0.483398 0.433594 0.484375 0.433594 0.486328 0.432617 0.487305 0.432617 0.490234 0.431641 0.491211 0.431641 0.492188 0.432617 0.493164 0.433594 0.493164 0.434570 0.494141 0.436523 0.494141 0.437500 0.495117 0.438477 0.495117 0.439453 0.496094 0.442383 0.496094 0.443359 0.497070 0.446289 0.497070 0.447266 0.498047 0.450195 0.498047 0.451172 0.499023 0.454102 0.499023 0.455078 0.498047 0.455078 0.495117 0.456055 0.494141 0.456055 0.492188 0.457031 0.491211 0.457031 0.488281 0.458008 0.487305 0.458008 0.485352 0.458984 0.484375 0.458984 0.482422 0.458008 0.481445 0.457031 0.481445 0.456055 0.480469 0.455078 0.480469 0.454102 0.479492 0.452148 0.479492 0.451172 0.478516 0.448242 0.478516 0.447266 0.477539 0.444336 0.477539 0.443359 0.476562 0.440430 0.476562 0.439453 0.475586
1 0.452148 0.466797 0.450195 0.466797 0.450195 0.469727 0.449219 0.470703 0.449219 0.472656 0.448242 0.473633 0.448242 0.477539 0.449219 0.477539 0.449219 0.475586 0.450195 0.474609 0.450195 0.472656 0.451172 0.471680 0.451172 0.469727 0.452148 0.468750
0 0.623047 0.653320 0.616211 0.660156 0.615234 0.660156 0.610352 0.665039 0.610352 0.668945 0.609375 0.669922 0.609375 0.682617 0.610352 0.683594 0.611328 0.683594 0.612305 0.684570 0.613281 0.684570 0.614258 0.685547 0.615234 0.685547 0.616211 0.686523 0.617188 0.686523 0.618164 0.687500 0.619141 0.687500 0.620117 0.688477 0.621094 0.688477 0.622070 0.689453 0.623047 0.689453 0.624023 0.690430 0.625000 0.690430 0.625977 0.691406 0.626953 0.691406 0.627930 0.692383 0.630859 0.689453 0.631836 0.689453 0.637695 0.683594 0.638672 0.683594 0.641602 0.680664 0.641602 0.663086 0.640625 0.663086 0.639648 0.662109 0.638672 0.662109 0.637695 0.661133 0.636719 0.661133 0.635742 0.660156 0.634766 0.660156 0.633789 0.659180 0.632812 0.659180 0.630859 0.657227 0.629883 0.657227 0.628906 0.656250 0.627930 0.656250 0.626953 0.655273 0.625977 0.655273 0.625000 0.654297 0.624023 0.654297
1 0.625000 0.652344 0.625000 0.653320 0.625977 0.654297 0.626953 0.654297 0.626953 0.652344
