0 0.352539 0.423828 0.336914 0.439453 0.336914 0.440430 0.338867 0.442383 0.338867 0.443359 0.340820 0.445312 0.340820 0.446289 0.341797 0.447266 0.341797 0.448242 0.343750 0.450195 0.343750 0.451172 0.344727 0.452148 0.344727 0.453125 0.345703 0.454102 0.350586 0.449219 0.351562 0.449219 0.353516 0.451172 0.353516 0.452148 0.347656 0.458008 0.349609 0.459961 0.350586 0.459961 0.351562 0.460938 0.366211 0.460938 0.367188 0.461914 0.371094 0.458008 0.371094 0.457031 0.382812 0.445312 0.382812 0.444336 0.381836 0.443359 0.381836 0.442383 0.380859 0.441406 0.380859 0.440430 0.379883 0.439453 0.379883 0.438477 0.377930 0.436523 0.377930 0.435547 0.376953 0.434570 0.376953 0.433594 0.375977 0.432617 0.375977 0.431641 0.374023 0.429688 0.374023 0.428711 0.373047 0.427734 0.373047 0.426758 0.372070 0.425781 0.372070 0.424805 0.371094 0.423828
1 0.351562 0.450195 0.350586 0.450195 0.339844 0.460938 0.339844 0.461914 0.340820 0.462891 0.341797 0.462891 0.352539 0.452148 0.352539 0.451172
0 0.565430 0.415039 0.565430 0.416016 0.560547 0.420898 0.560547 0.421875 0.555664 0.426758 0.555664 0.427734 0.550781 0.432617 0.550781 0.433594 0.545898 0.438477 0.545898 0.439453 0.542969 0.442383 0.546875 0.446289 0.546875 0.447266 0.550781 0.451172 0.550781 0.452148 0.557617 0.458984 0.558594 0.458984 0.560547 0.460938 0.561523 0.460938 0.564453 0.463867 0.565430 0.463867 0.568359 0.466797 0.569336 0.466797 0.571289 0.468750 0.572266 0.468750 0.575195 0.471680 0.576172 0.471680 0.578125 0.473633 0.579102 0.473633 0.580078 0.474609 0.582031 0.472656 0.582031 0.471680 0.587891 0.465820 0.587891 0.464844 0.592773 0.459961 0.592773 0.458984 0.598633 0.453125 0.598633 0.452148 0.603516 0.447266 0.586914 0.430664 0.585938 0.430664 0.583008 0.427734 0.582031 0.427734 0.579102 0.424805 0.578125 0.424805 0.575195 0.421875 0.574219 0.421875 0.570312 0.417969 0.569336 0.417969 0.566406 0.415039
1 0.593750 0.458984 0.593750 0.459961 0.592773 0.460938 0.592773 0.461914 0.593750 0.461914 0.596680 0.464844 0.597656 0.464844 0.600586 0.467773 0.602539 0.465820 0.602539 0.464844 0.601562 0.463867 0.600586 0.463867 0.597656 0.460938 0.596680 0.460938 0.594727 0.458984
0 0.361328 0.643555 0.360352 0.644531 0.357422 0.644531 0.356445 0.645508 0.354492 0.645508 0.353516 0.646484 0.351562 0.646484 0.350586 0.647461 0.347656 0.647461 0.346680 0.648438 0.344727 0.648438 0.343750 0.649414 0.341797 0.649414 0.340820 0.650391 0.338867 0.650391 0.337891 0.651367 0.334961 0.651367 0.333984 0.652344 0.333984 0.653320 0.334961 0.654297 0.334961 0.657227 0.335938 0.658203 0.335938 0.661133 0.336914 0.662109 0.336914 0.665039 0.337891 0.666016 0.337891 0.668945 0.338867 0.669922 0.338867 0.671875 0.339844 0.672852 0.339844 0.675781 0.340820 0.676758 0.340820 0.678711 0.341797 0.679688 0.341797 0.682617 0.342773 0.683594 0.342773 0.685547 0.343750 0.686523 0.343750 0.689453 0.344727 0.688477 0.346680 0.688477 0.347656 0.687500 0.349609 0.687500 0.350586 0.686523 0.352539 0.686523 0.353516 0.685547 0.355469 0.685547 0.356445 0.684570 0.359375 0.684570 0.360352 0.683594 0.362305 0.683594 0.363281 0.682617 0.365234 0.682617 0.366211 0.681641 0.368164 0.681641 0.369141 0.680664 0.371094 0.680664 0.371094 0.677734 0.370117 0.676758 0.370117 0.671875 0.369141 0.670898 0.369141 0.666992 0.368164 0.666016 0.368164 0.664062 0.367188 0.663086 0.367188 0.661133 0.366211 0.660156 0.366211 0.657227 0.365234 0.656250 0.365234 0.654297 0.364258 0.653320 0.364258 0.651367 0.363281 0.650391 0.363281 0.648438 0.362305 0.647461 0.362305 0.645508 0.361328 0.644531
1 0.342773 0.637695 0.343750 0.638672 0.343750 0.640625 0.344727 0.641602 0.344727 0.644531 0.345703 0.645508 0.345703 0.647461 0.346680 0.647461 0.347656 0.646484 0.347656 0.644531 0.346680 0.643555 0.346680 0.641602 0.345703 0.640625 0.345703 0.637695
0 0.646484 0.789062 0.646484 0.794922 0.647461 0.795898 0.647461 0.819336 0.650391 0.822266 0.651367 0.822266 0.654297 0.825195 0.673828 0.825195 0.674805 0.824219 0.684570 0.824219 0.684570 0.821289 0.683594 0.820312 0.683594 0.796875 0.682617 0.795898 0.682617 0.792969 0.680664 0.791016 0.679688 0.791016 0.678711 0.790039 0.677734 0.790039 0.676758 0.789062
0 0.333984 0.667969 0.333008 0.668945 0.333984 0.668945
0 0.323242 0.665039 0.322266 0.666016 0.320312 0.666016 0.318359 0.667969 0.318359 0.668945 0.321289 0.671875 0.322266 0.670898 0.323242 0.671875 0.324219 0.670898 0.323242 0.669922 0.323242 0.668945 0.324219 0.667969 0.324219 0.666016
0 0.324219 0.658203 0.323242 0.659180 0.323242 0.660156 0.326172 0.663086 0.328125 0.663086 0.328125 0.660156 0.329102 0.659180 0.329102 0.658203 0.328125 0.657227 0.326172 0.657227 0.325195 0.658203
1 0.667969 0.807617 0.667969 0.810547 0.669922 0.812500 0.670898 0.812500 0.671875 0.813477 0.674805 0.813477 0.674805 0.810547 0.673828 0.810547 0.671875 0.808594 0.670898 0.808594 0.669922 0.807617
1 0.321289 0.677734 0.321289 0.680664 0.322266 0.680664 0.323242 0.681641 0.323242 0.684570 0.322266 0.685547 0.322266 0.686523 0.322266 0.685547 0.323242 0.684570 0.324219 0.685547 0.323242 0.684570 0.323242 0.680664 0.322266 0.679688 0.322266 0.678711
1 0.320312 0.672852 0.319336 0.673828 0.318359 0.673828 0.319336 0.674805 0.319336 0.678711 0.319336 0.676758 0.320312 0.675781
0 0.319336 0.643555 0.318359 0.644531 0.317383 0.644531 0.315430 0.646484 0.314453 0.646484 0.312500 0.648438 0.311523 0.648438 0.309570 0.650391 0.308594 0.650391 0.306641 0.652344 0.305664 0.652344 0.303711 0.654297 0.302734 0.654297 0.300781 0.656250 0.299805 0.656250 0.298828 0.657227 0.299805 0.658203 0.299805 0.662109 0.300781 0.663086 0.300781 0.666992 0.301758 0.667969 0.301758 0.671875 0.302734 0.672852 0.302734 0.673828 0.307617 0.678711 0.308594 0.678711 0.312500 0.682617 0.313477 0.682617 0.317383 0.686523 0.319336 0.684570 0.320312 0.684570 0.320312 0.683594 0.319336 0.682617 0.319336 0.679688 0.318359 0.678711 0.318359 0.674805 0.317383 0.673828 0.318359 0.672852 0.319336 0.672852 0.320312 0.671875 0.322266 0.673828 0.322266 0.674805 0.323242 0.675781 0.323242 0.679688 0.324219 0.680664 0.324219 0.681641 0.325195 0.680664 0.326172 0.680664 0.328125 0.678711 0.329102 0.678711 0.331055 0.676758 0.332031 0.676758 0.333984 0.674805 0.334961 0.674805 0.336914 0.672852 0.336914 0.669922 0.335938 0.668945 0.335938 0.666016 0.334961 0.665039 0.334961 0.662109 0.333984 0.661133 0.333984 0.658203 0.333008 0.657227 0.333008 0.656250 0.326172 0.649414 0.325195 0.649414
1 0.321289 0.673828 0.321289 0.675781 0.320312 0.676758 0.320312 0.682617 0.321289 0.683594 0.321289 0.685547 0.322266 0.684570 0.323242 0.685547 0.322266 0.684570 0.322266 0.681641 0.321289 0.681641 0.320312 0.680664 0.320312 0.677734 0.321289 0.676758 0.322266 0.677734 0.322266 0.675781 0.321289 0.674805
