0 0.510742 0.334961 0.505859 0.339844 0.504883 0.339844 0.499023 0.345703 0.499023 0.352539 0.500000 0.353516 0.500000 0.363281 0.500977 0.364258 0.500977 0.371094 0.501953 0.371094 0.502930 0.372070 0.507812 0.372070 0.508789 0.373047 0.514648 0.373047 0.515625 0.374023 0.520508 0.374023 0.521484 0.375000 0.526367 0.375000 0.533203 0.368164 0.534180 0.368164 0.538086 0.364258 0.538086 0.352539 0.537109 0.351562 0.537109 0.337891 0.533203 0.337891 0.532227 0.336914 0.526367 0.336914 0.525391 0.335938 0.518555 0.335938 0.517578 0.334961
1 0.489258 0.349609 0.489258 0.351562 0.490234 0.351562 0.491211 0.352539 0.497070 0.352539 0.498047 0.353516 0.499023 0.353516 0.498047 0.352539 0.498047 0.350586 0.497070 0.349609 0.491211 0.349609 0.490234 0.348633
0 0.308594 0.453125 0.306641 0.453125 0.305664 0.452148 0.303711 0.452148 0.302734 0.453125 0.299805 0.453125 0.298828 0.454102 0.295898 0.454102 0.294922 0.455078 0.292969 0.455078 0.291992 0.456055 0.289062 0.456055 0.288086 0.457031 0.285156 0.457031 0.284180 0.458008 0.281250 0.458008 0.280273 0.458984 0.277344 0.458984 0.276367 0.459961 0.274414 0.459961 0.273438 0.460938 0.270508 0.460938 0.269531 0.461914 0.268555 0.461914 0.268555 0.464844 0.269531 0.465820 0.269531 0.467773 0.270508 0.468750 0.270508 0.471680 0.271484 0.472656 0.271484 0.474609 0.272461 0.475586 0.272461 0.478516 0.273438 0.479492 0.273438 0.481445 0.274414 0.482422 0.274414 0.484375 0.275391 0.485352 0.275391 0.488281 0.276367 0.489258 0.276367 0.491211 0.277344 0.492188 0.277344 0.495117 0.278320 0.496094 0.278320 0.498047 0.279297 0.499023 0.280273 0.499023 0.281250 0.500000 0.284180 0.500000 0.285156 0.499023 0.288086 0.499023 0.289062 0.498047 0.291992 0.498047 0.292969 0.497070 0.294922 0.497070 0.295898 0.496094 0.298828 0.496094 0.299805 0.495117 0.301758 0.495117 0.302734 0.494141 0.305664 0.494141 0.306641 0.493164 0.308594 0.493164 0.309570 0.492188 0.312500 0.492188 0.313477 0.491211 0.316406 0.491211 0.317383 0.490234 0.319336 0.490234 0.319336 0.489258 0.318359 0.488281 0.318359 0.485352 0.317383 0.484375 0.317383 0.482422 0.316406 0.481445 0.316406 0.478516 0.315430 0.477539 0.315430 0.475586 0.314453 0.474609 0.314453 0.471680 0.313477 0.470703 0.313477 0.468750 0.312500 0.467773 0.312500 0.464844 0.311523 0.463867 0.311523 0.460938 0.310547 0.459961 0.310547 0.458008 0.309570 0.457031 0.309570 0.454102
1 0.299805 0.496094 0.298828 0.497070 0.297852 0.497070 0.297852 0.499023 0.298828 0.500000 0.298828 0.501953 0.299805 0.502930 0.299805 0.505859 0.300781 0.506836 0.300781 0.508789 0.301758 0.509766 0.301758 0.512695 0.302734 0.513672 0.302734 0.515625 0.303711 0.516602 0.303711 0.518555 0.305664 0.518555 0.306641 0.517578 0.306641 0.514648 0.305664 0.513672 0.305664 0.511719 0.304688 0.510742 0.304688 0.507812 0.303711 0.506836 0.303711 0.504883 0.302734 0.503906 0.302734 0.500977 0.301758 0.500000 0.301758 0.498047 0.300781 0.497070 0.300781 0.496094
0 0.371094 0.446289 0.369141 0.448242 0.368164 0.448242 0.366211 0.450195 0.365234 0.450195 0.363281 0.452148 0.362305 0.452148 0.359375 0.455078 0.358398 0.455078 0.356445 0.457031 0.355469 0.457031 0.353516 0.458984 0.352539 0.458984 0.351562 0.459961 0.352539 0.460938 0.352539 0.461914 0.353516 0.462891 0.353516 0.463867 0.354492 0.464844 0.354492 0.465820 0.355469 0.466797 0.355469 0.467773 0.357422 0.469727 0.357422 0.470703 0.358398 0.471680 0.358398 0.472656 0.359375 0.473633 0.359375 0.474609 0.360352 0.475586 0.360352 0.476562 0.372070 0.488281 0.373047 0.487305 0.374023 0.487305 0.376953 0.484375 0.377930 0.484375 0.379883 0.482422 0.380859 0.482422 0.382812 0.480469 0.383789 0.480469 0.385742 0.478516 0.386719 0.478516 0.388672 0.476562 0.389648 0.476562 0.391602 0.474609 0.391602 0.473633 0.390625 0.472656 0.390625 0.471680 0.389648 0.470703 0.389648 0.469727 0.387695 0.467773 0.387695 0.466797 0.386719 0.465820 0.386719 0.464844 0.385742 0.463867 0.385742 0.462891 0.384766 0.461914 0.382812 0.461914 0.381836 0.460938 0.381836 0.459961 0.380859 0.458984 0.381836 0.458008 0.381836 0.457031 0.375000 0.450195 0.375000 0.449219 0.372070 0.446289
1 0.396484 0.451172 0.395508 0.450195 0.393555 0.450195 0.391602 0.452148 0.390625 0.452148 0.387695 0.455078 0.386719 0.455078 0.384766 0.457031 0.383789 0.457031 0.381836 0.458984 0.382812 0.459961 0.382812 0.460938 0.383789 0.460938 0.385742 0.458984 0.386719 0.458984 0.388672 0.457031 0.389648 0.457031 0.391602 0.455078 0.392578 0.455078 0.395508 0.452148 0.396484 0.452148
0 0.283203 0.743164 0.282227 0.744141 0.281250 0.744141 0.279297 0.746094 0.278320 0.746094 0.277344 0.747070 0.276367 0.747070 0.274414 0.749023 0.273438 0.749023 0.272461 0.750000 0.271484 0.750000 0.269531 0.751953 0.269531 0.757812 0.274414 0.757812 0.275391 0.758789 0.277344 0.758789 0.278320 0.759766 0.278320 0.761719 0.277344 0.762695 0.276367 0.762695 0.275391 0.763672 0.274414 0.762695 0.269531 0.762695 0.269531 0.779297 0.279297 0.779297 0.280273 0.780273 0.292969 0.780273 0.293945 0.781250 0.294922 0.780273 0.295898 0.780273 0.296875 0.779297 0.297852 0.779297 0.299805 0.777344 0.300781 0.777344 0.301758 0.776367 0.302734 0.776367 0.303711 0.775391 0.304688 0.775391 0.305664 0.774414 0.306641 0.774414 0.307617 0.773438 0.308594 0.773438 0.309570 0.772461 0.309570 0.763672 0.308594 0.762695 0.308594 0.745117 0.303711 0.745117 0.302734 0.744141 0.293945 0.744141 0.292969 0.743164
1 0.259766 0.758789 0.259766 0.760742 0.263672 0.760742 0.264648 0.761719 0.274414 0.761719 0.275391 0.762695 0.276367 0.761719 0.277344 0.761719 0.277344 0.759766 0.275391 0.759766 0.274414 0.758789 0.263672 0.758789 0.262695 0.757812 0.260742 0.757812
1 0.433594 0.470703 0.432617 0.471680 0.431641 0.471680 0.432617 0.471680
1 0.445312 0.467773 0.444336 0.467773 0.443359 0.468750 0.445312 0.468750
0 0.459961 0.446289 0.458984 0.446289 0.458008 0.447266 0.457031 0.447266 0.456055 0.448242 0.454102 0.448242 0.453125 0.449219 0.452148 0.449219 0.451172 0.450195 0.449219 0.450195 0.448242 0.451172 0.446289 0.451172 0.445312 0.452148 0.444336 0.452148 0.443359 0.453125 0.441406 0.453125 0.440430 0.454102 0.439453 0.454102 0.440430 0.455078 0.440430 0.457031 0.441406 0.458008 0.441406 0.459961 0.442383 0.460938 0.442383 0.463867 0.443359 0.464844 0.443359 0.465820 0.445312 0.465820 0.446289 0.466797 0.446289 0.468750 0.445312 0.469727 0.444336 0.469727 0.445312 0.470703 0.445312 0.472656 0.448242 0.475586 0.448242 0.476562 0.452148 0.480469 0.453125 0.480469 0.454102 0.479492 0.456055 0.479492 0.457031 0.478516 0.458008 0.478516 0.458984 0.477539 0.460938 0.477539 0.461914 0.476562 0.462891 0.476562 0.463867 0.475586 0.465820 0.475586 0.466797 0.474609 0.467773 0.474609 0.468750 0.473633 0.470703 0.473633 0.471680 0.472656 0.471680 0.469727 0.470703 0.468750 0.470703 0.466797 0.469727 0.465820 0.469727 0.462891 0.468750 0.461914 0.468750 0.459961 0.467773 0.458984 0.467773 0.457031 0.466797 0.456055 0.466797 0.453125
1 0.445312 0.466797 0.443359 0.466797 0.442383 0.467773 0.441406 0.467773 0.440430 0.468750 0.438477 0.468750 0.437500 0.469727 0.436523 0.469727 0.435547 0.470703 0.434570 0.470703 0.432617 0.472656 0.431641 0.472656 0.432617 0.473633 0.433594 0.473633 0.434570 0.472656 0.436523 0.472656 0.437500 0.471680 0.438477 0.471680 0.439453 0.470703 0.441406 0.470703 0.442383 0.469727 0.443359 0.469727 0.442383 0.468750 0.444336 0.466797
