0 0.396484 0.393555 0.388672 0.401367 0.387695 0.401367 0.380859 0.408203 0.379883 0.408203 0.382812 0.411133 0.382812 0.412109 0.385742 0.415039 0.385742 0.416016 0.388672 0.418945 0.389648 0.418945 0.392578 0.421875 0.391602 0.422852 0.395508 0.426758 0.396484 0.426758 0.401367 0.431641 0.403320 0.431641 0.411133 0.423828 0.412109 0.423828 0.418945 0.416992 0.416016 0.414062 0.416016 0.413086 0.413086 0.410156 0.413086 0.409180 0.411133 0.407227 0.411133 0.406250 0.402344 0.397461 0.401367 0.397461 0.397461 0.393555
1 0.389648 0.419922 0.384766 0.424805 0.383789 0.424805 0.378906 0.429688 0.380859 0.431641 0.388672 0.423828 0.389648 0.423828 0.391602 0.421875
0 0.514648 0.526367 0.513672 0.527344 0.512695 0.527344 0.511719 0.528320 0.510742 0.528320 0.508789 0.530273 0.507812 0.530273 0.506836 0.531250 0.505859 0.531250 0.503906 0.533203 0.502930 0.533203 0.501953 0.534180 0.500977 0.534180 0.499023 0.536133 0.498047 0.536133 0.496094 0.538086 0.496094 0.546875 0.495117 0.547852 0.495117 0.561523 0.496094 0.562500 0.497070 0.562500 0.498047 0.563477 0.499023 0.563477 0.500000 0.564453 0.500977 0.564453 0.501953 0.565430 0.502930 0.565430 0.503906 0.566406 0.504883 0.566406 0.505859 0.567383 0.506836 0.567383 0.507812 0.568359 0.508789 0.568359 0.509766 0.569336 0.510742 0.569336 0.511719 0.570312 0.512695 0.570312 0.513672 0.571289 0.514648 0.571289 0.515625 0.572266 0.517578 0.572266 0.518555 0.571289 0.519531 0.571289 0.521484 0.569336 0.522461 0.569336 0.523438 0.568359 0.524414 0.568359 0.525391 0.567383 0.526367 0.567383 0.528320 0.565430 0.529297 0.565430 0.530273 0.564453 0.531250 0.564453 0.532227 0.563477 0.533203 0.563477 0.535156 0.561523 0.536133 0.561523 0.536133 0.537109 0.535156 0.537109 0.533203 0.535156 0.532227 0.535156 0.531250 0.534180 0.530273 0.534180 0.529297 0.533203 0.528320 0.533203 0.527344 0.532227 0.526367 0.532227 0.525391 0.531250 0.524414 0.531250 0.523438 0.530273 0.522461 0.530273 0.521484 0.529297 0.520508 0.529297 0.518555 0.527344 0.517578 0.527344 0.516602 0.526367
1 0.537109 0.558594 0.537109 0.562500 0.538086 0.562500 0.539062 0.563477 0.540039 0.562500 0.541016 0.562500 0.541016 0.560547 0.540039 0.559570 0.539062 0.559570 0.538086 0.558594
0 0.380859 0.577148 0.378906 0.575195 0.377930 0.575195 0.376953 0.574219 0.372070 0.574219 0.371094 0.575195 0.362305 0.575195 0.361328 0.576172 0.355469 0.576172 0.355469 0.589844 0.356445 0.590820 0.356445 0.597656 0.357422 0.598633 0.359375 0.598633 0.360352 0.599609 0.364258 0.599609 0.365234 0.598633 0.375000 0.598633 0.375977 0.597656 0.381836 0.597656 0.381836 0.592773 0.380859 0.591797
1 0.366211 0.561523 0.366211 0.568359 0.367188 0.569336 0.367188 0.574219 0.368164 0.574219 0.368164 0.561523
0 0.563477 0.730469 0.563477 0.731445 0.562500 0.732422 0.562500 0.735352 0.561523 0.736328 0.561523 0.739258 0.560547 0.740234 0.560547 0.743164 0.559570 0.744141 0.559570 0.747070 0.558594 0.748047 0.558594 0.751953 0.557617 0.752930 0.557617 0.756836 0.556641 0.757812 0.556641 0.760742 0.557617 0.761719 0.560547 0.761719 0.561523 0.762695 0.564453 0.762695 0.565430 0.763672 0.567383 0.763672 0.566406 0.762695 0.566406 0.760742 0.567383 0.759766 0.567383 0.754883 0.569336 0.752930 0.570312 0.752930 0.571289 0.753906 0.571289 0.757812 0.570312 0.758789 0.570312 0.762695 0.569336 0.763672 0.569336 0.764648 0.571289 0.764648 0.572266 0.765625 0.575195 0.765625 0.576172 0.766602 0.578125 0.766602 0.578125 0.764648 0.579102 0.763672 0.579102 0.760742 0.580078 0.759766 0.580078 0.756836 0.581055 0.755859 0.581055 0.752930 0.582031 0.751953 0.582031 0.749023 0.583008 0.748047 0.583008 0.743164 0.583984 0.742188 0.583984 0.736328 0.583008 0.735352 0.580078 0.735352 0.579102 0.734375 0.576172 0.734375 0.575195 0.733398 0.572266 0.733398 0.571289 0.732422 0.569336 0.732422 0.568359 0.731445 0.565430 0.731445 0.564453 0.730469
0 0.362305 0.557617 0.363281 0.558594 0.364258 0.557617 0.365234 0.557617 0.367188 0.555664 0.368164 0.556641 0.369141 0.556641 0.370117 0.555664 0.371094 0.555664 0.372070 0.554688 0.370117 0.552734 0.369141 0.552734 0.368164 0.553711 0.366211 0.553711 0.365234 0.552734 0.366211 0.551758 0.365234 0.552734 0.364258 0.551758 0.362305 0.553711
0 0.359375 0.550781 0.358398 0.549805 0.356445 0.549805 0.355469 0.550781 0.353516 0.550781 0.352539 0.551758 0.352539 0.554688 0.353516 0.553711 0.356445 0.553711 0.358398 0.551758 0.359375 0.552734 0.358398 0.551758
1 0.570312 0.753906 0.569336 0.753906 0.569336 0.754883 0.568359 0.755859 0.568359 0.759766 0.567383 0.760742 0.567383 0.762695 0.568359 0.763672 0.569336 0.762695 0.569336 0.758789 0.570312 0.757812
1 0.361328 0.561523 0.361328 0.563477 0.360352 0.564453 0.359375 0.563477 0.360352 0.564453 0.359375 0.565430 0.359375 0.566406 0.360352 0.566406 0.360352 0.565430 0.361328 0.564453
1 0.360352 0.553711 0.359375 0.554688 0.359375 0.558594 0.359375 0.557617 0.360352 0.556641 0.359375 0.555664 0.360352 0.554688
0 0.363281 0.530273 0.362305 0.531250 0.360352 0.531250 0.359375 0.532227 0.357422 0.532227 0.356445 0.533203 0.354492 0.533203 0.353516 0.534180 0.351562 0.534180 0.350586 0.535156 0.347656 0.535156 0.347656 0.548828 0.346680 0.549805 0.346680 0.552734 0.347656 0.552734 0.348633 0.553711 0.349609 0.553711 0.351562 0.555664 0.352539 0.555664 0.353516 0.556641 0.354492 0.556641 0.356445 0.558594 0.357422 0.558594 0.358398 0.559570 0.358398 0.554688 0.360352 0.552734 0.361328 0.553711 0.364258 0.550781 0.366211 0.552734 0.368164 0.552734 0.369141 0.551758 0.370117 0.551758 0.373047 0.554688 0.372070 0.555664 0.373047 0.555664 0.374023 0.554688 0.374023 0.545898 0.375000 0.544922 0.375000 0.538086 0.374023 0.537109 0.373047 0.537109 0.371094 0.535156 0.370117 0.535156 0.369141 0.534180 0.368164 0.534180 0.366211 0.532227 0.365234 0.532227
1 0.361328 0.554688 0.360352 0.555664 0.361328 0.556641 0.360352 0.557617 0.360352 0.558594 0.359375 0.559570 0.360352 0.560547 0.359375 0.561523 0.359375 0.562500 0.360352 0.563477 0.359375 0.564453 0.360352 0.563477 0.360352 0.561523 0.361328 0.560547
