0 0.412109 0.583984 0.408203 0.587891 0.407227 0.587891 0.398438 0.596680 0.398438 0.604492 0.399414 0.605469 0.399414 0.606445 0.400391 0.607422 0.401367 0.607422 0.402344 0.608398 0.404297 0.606445 0.405273 0.606445 0.406250 0.607422 0.406250 0.609375 0.405273 0.610352 0.405273 0.611328 0.409180 0.615234 0.410156 0.615234 0.413086 0.618164 0.415039 0.616211 0.416016 0.616211 0.427734 0.604492 0.427734 0.597656 0.426758 0.596680 0.426758 0.595703 0.422852 0.591797 0.421875 0.591797 0.415039 0.584961 0.414062 0.584961 0.413086 0.583984
1 0.405273 0.607422 0.404297 0.607422 0.397461 0.614258 0.396484 0.614258 0.394531 0.616211 0.395508 0.617188 0.396484 0.617188 0.399414 0.614258 0.400391 0.614258 0.405273 0.609375
0 0.567383 0.357422 0.557617 0.367188 0.556641 0.367188 0.552734 0.371094 0.555664 0.374023 0.555664 0.375000 0.565430 0.384766 0.565430 0.385742 0.571289 0.391602 0.572266 0.391602 0.576172 0.387695 0.577148 0.387695 0.585938 0.378906 0.585938 0.377930 0.583008 0.375000 0.583008 0.374023 0.576172 0.367188 0.576172 0.366211
0 0.667969 0.449219 0.666016 0.451172 0.665039 0.451172 0.663086 0.453125 0.662109 0.453125 0.660156 0.455078 0.659180 0.455078 0.658203 0.456055 0.657227 0.456055 0.655273 0.458008 0.654297 0.458008 0.653320 0.458984 0.654297 0.459961 0.654297 0.460938 0.655273 0.461914 0.655273 0.463867 0.656250 0.464844 0.656250 0.466797 0.657227 0.467773 0.657227 0.468750 0.658203 0.469727 0.658203 0.471680 0.659180 0.472656 0.659180 0.473633 0.660156 0.474609 0.661133 0.474609 0.663086 0.476562 0.664062 0.476562 0.665039 0.477539 0.666016 0.477539 0.667969 0.479492 0.670898 0.479492 0.672852 0.477539 0.671875 0.476562 0.671875 0.475586 0.670898 0.474609 0.670898 0.472656 0.672852 0.470703 0.674805 0.472656 0.674805 0.474609 0.675781 0.475586 0.676758 0.475586 0.677734 0.474609 0.678711 0.474609 0.680664 0.472656 0.681641 0.472656 0.683594 0.470703 0.684570 0.470703 0.684570 0.468750 0.683594 0.467773 0.683594 0.465820 0.682617 0.464844 0.682617 0.463867 0.681641 0.462891 0.681641 0.460938 0.680664 0.459961 0.680664 0.458984 0.679688 0.458008 0.679688 0.456055 0.677734 0.454102 0.676758 0.454102 0.674805 0.452148 0.673828 0.452148 0.672852 0.451172 0.671875 0.451172 0.669922 0.449219
1 0.672852 0.471680 0.671875 0.472656 0.671875 0.474609 0.672852 0.475586 0.672852 0.476562 0.673828 0.477539 0.673828 0.479492 0.674805 0.480469 0.674805 0.481445 0.675781 0.482422 0.677734 0.482422 0.676758 0.481445 0.676758 0.480469 0.675781 0.479492 0.675781 0.477539 0.674805 0.476562 0.674805 0.475586 0.673828 0.474609 0.673828 0.472656
0 0.360352 0.635742 0.358398 0.635742 0.356445 0.637695 0.355469 0.637695 0.353516 0.639648 0.352539 0.639648 0.350586 0.641602 0.349609 0.641602 0.347656 0.643555 0.346680 0.643555 0.340820 0.649414 0.340820 0.650391 0.337891 0.653320 0.337891 0.654297 0.336914 0.655273 0.336914 0.656250 0.339844 0.659180 0.339844 0.660156 0.340820 0.661133 0.341797 0.660156 0.342773 0.660156 0.344727 0.658203 0.345703 0.658203 0.346680 0.657227 0.348633 0.659180 0.345703 0.662109 0.344727 0.662109 0.343750 0.663086 0.343750 0.664062 0.344727 0.665039 0.344727 0.666016 0.349609 0.670898 0.349609 0.671875 0.350586 0.671875 0.352539 0.669922 0.353516 0.669922 0.355469 0.667969 0.356445 0.667969 0.359375 0.665039 0.360352 0.665039 0.362305 0.663086 0.363281 0.663086 0.368164 0.658203 0.368164 0.657227 0.372070 0.653320 0.372070 0.652344 0.373047 0.651367 0.371094 0.649414 0.371094 0.648438 0.366211 0.643555 0.366211 0.642578 0.361328 0.637695 0.361328 0.636719
1 0.347656 0.659180 0.346680 0.658203 0.345703 0.659180 0.344727 0.659180 0.342773 0.661133 0.341797 0.661133 0.339844 0.663086 0.338867 0.663086 0.336914 0.665039 0.335938 0.665039 0.335938 0.666016 0.336914 0.666992 0.337891 0.666016 0.338867 0.666016 0.341797 0.663086 0.342773 0.663086 0.344727 0.661133 0.345703 0.661133
1 0.643555 0.490234 0.644531 0.491211 0.645508 0.491211 0.645508 0.490234
1 0.633789 0.486328 0.632812 0.485352 0.631836 0.486328 0.632812 0.485352
0 0.615234 0.462891 0.615234 0.464844 0.614258 0.465820 0.614258 0.466797 0.613281 0.467773 0.613281 0.468750 0.612305 0.469727 0.612305 0.470703 0.611328 0.471680 0.611328 0.472656 0.610352 0.473633 0.610352 0.474609 0.609375 0.475586 0.609375 0.476562 0.608398 0.477539 0.608398 0.479492 0.607422 0.480469 0.607422 0.482422 0.606445 0.483398 0.606445 0.485352 0.605469 0.486328 0.605469 0.489258 0.604492 0.490234 0.604492 0.493164 0.605469 0.493164 0.606445 0.494141 0.608398 0.494141 0.609375 0.495117 0.610352 0.495117 0.611328 0.496094 0.613281 0.496094 0.614258 0.497070 0.616211 0.497070 0.617188 0.498047 0.618164 0.498047 0.619141 0.499023 0.621094 0.499023 0.622070 0.500000 0.623047 0.500000 0.624023 0.500977 0.625000 0.500977 0.625000 0.499023 0.625977 0.498047 0.625977 0.497070 0.626953 0.496094 0.626953 0.495117 0.627930 0.494141 0.627930 0.493164 0.628906 0.492188 0.628906 0.491211 0.629883 0.490234 0.629883 0.486328 0.631836 0.484375 0.631836 0.483398 0.632812 0.482422 0.632812 0.480469 0.633789 0.479492 0.633789 0.477539 0.634766 0.476562 0.634766 0.474609 0.635742 0.473633 0.635742 0.470703 0.633789 0.470703 0.632812 0.469727 0.631836 0.469727 0.630859 0.468750 0.628906 0.468750 0.627930 0.467773 0.625977 0.467773 0.625000 0.466797 0.624023 0.466797 0.623047 0.465820 0.621094 0.465820 0.620117 0.464844 0.619141 0.464844 0.618164 0.463867 0.616211 0.463867
1 0.630859 0.486328 0.630859 0.487305 0.631836 0.487305 0.632812 0.488281 0.633789 0.488281 0.634766 0.489258 0.636719 0.489258 0.637695 0.490234 0.640625 0.490234 0.642578 0.492188 0.644531 0.492188 0.642578 0.490234 0.642578 0.489258 0.641602 0.489258 0.640625 0.488281 0.638672 0.488281 0.637695 0.487305 0.636719 0.487305 0.635742 0.486328 0.634766 0.486328 0.633789 0.487305 0.631836 0.485352
0 0.489258 0.380859 0.489258 0.381836 0.487305 0.383789 0.487305 0.384766 0.486328 0.385742 0.486328 0.386719 0.484375 0.388672 0.484375 0.389648 0.483398 0.390625 0.483398 0.391602 0.482422 0.392578 0.482422 0.393555 0.481445 0.394531 0.481445 0.396484 0.480469 0.397461 0.480469 0.398438 0.479492 0.399414 0.479492 0.401367 0.478516 0.402344 0.478516 0.404297 0.477539 0.405273 0.477539 0.406250 0.476562 0.407227 0.476562 0.408203 0.477539 0.409180 0.478516 0.409180 0.479492 0.410156 0.481445 0.410156 0.482422 0.411133 0.483398 0.411133 0.484375 0.412109 0.485352 0.412109 0.486328 0.413086 0.487305 0.413086 0.488281 0.414062 0.489258 0.414062 0.490234 0.415039 0.491211 0.415039 0.492188 0.416016 0.493164 0.416016 0.494141 0.416992 0.496094 0.416992 0.496094 0.416016 0.498047 0.414062 0.498047 0.413086 0.500000 0.411133 0.500000 0.410156 0.501953 0.408203 0.501953 0.407227 0.502930 0.406250 0.502930 0.405273 0.503906 0.404297 0.503906 0.402344 0.504883 0.401367 0.504883 0.400391 0.505859 0.399414 0.505859 0.397461 0.506836 0.396484 0.506836 0.394531 0.507812 0.393555 0.507812 0.391602 0.508789 0.390625 0.508789 0.389648 0.507812 0.389648 0.506836 0.388672 0.505859 0.388672 0.504883 0.387695 0.503906 0.387695 0.502930 0.386719 0.501953 0.386719 0.500977 0.385742 0.500000 0.385742 0.499023 0.384766 0.498047 0.384766 0.497070 0.383789 0.496094 0.383789 0.495117 0.382812 0.494141 0.382812 0.493164 0.381836 0.491211 0.381836 0.490234 0.380859
1 0.483398 0.412109 0.483398 0.414062 0.484375 0.414062 0.485352 0.413086 0.484375 0.413086
1 0.405273 0.360352 0.404297 0.361328 0.405273 0.362305 0.406250 0.361328
0 0.391602 0.333984 0.391602 0.334961 0.389648 0.336914 0.389648 0.337891 0.387695 0.339844 0.387695 0.340820 0.385742 0.342773 0.385742 0.343750 0.384766 0.344727 0.384766 0.345703 0.382812 0.347656 0.382812 0.348633 0.380859 0.350586 0.380859 0.351562 0.382812 0.353516 0.382812 0.354492 0.385742 0.357422 0.385742 0.358398 0.387695 0.360352 0.387695 0.361328 0.389648 0.363281 0.389648 0.364258 0.390625 0.364258 0.391602 0.365234 0.394531 0.365234 0.395508 0.366211 0.398438 0.366211 0.399414 0.367188 0.401367 0.367188 0.402344 0.368164 0.405273 0.368164 0.406250 0.369141 0.407227 0.368164 0.407227 0.366211 0.406250 0.365234 0.406250 0.364258 0.403320 0.361328 0.403320 0.360352 0.402344 0.359375 0.402344 0.358398 0.404297 0.356445 0.408203 0.360352 0.408203 0.361328 0.410156 0.363281 0.410156 0.364258 0.410156 0.363281 0.412109 0.361328 0.412109 0.360352 0.414062 0.358398 0.414062 0.357422 0.416016 0.355469 0.416016 0.354492 0.417969 0.352539 0.417969 0.351562 0.415039 0.348633 0.415039 0.347656 0.413086 0.345703 0.413086 0.344727 0.411133 0.342773 0.411133 0.341797 0.408203 0.338867 0.407227 0.338867 0.406250 0.337891 0.404297 0.337891 0.403320 0.336914 0.401367 0.336914 0.400391 0.335938 0.397461 0.335938 0.396484 0.334961 0.394531 0.334961 0.393555 0.333984
1 0.404297 0.357422 0.403320 0.358398 0.403320 0.359375 0.406250 0.362305 0.406250 0.363281 0.407227 0.364258 0.407227 0.365234 0.409180 0.367188 0.409180 0.368164 0.411133 0.368164 0.411133 0.366211 0.409180 0.364258 0.409180 0.363281 0.407227 0.361328 0.407227 0.360352
