0 0.491211 0.493164 0.490234 0.493164 0.489258 0.494141 0.483398 0.494141 0.483398 0.495117 0.482422 0.496094 0.482422 0.498047 0.481445 0.499023 0.481445 0.500977 0.480469 0.501953 0.480469 0.503906 0.479492 0.504883 0.479492 0.507812 0.478516 0.508789 0.478516 0.510742 0.477539 0.511719 0.477539 0.513672 0.476562 0.514648 0.476562 0.516602 0.475586 0.517578 0.475586 0.518555 0.478516 0.521484 0.479492 0.521484 0.483398 0.525391 0.484375 0.525391 0.487305 0.528320 0.488281 0.528320 0.489258 0.529297 0.489258 0.514648 0.490234 0.513672 0.490234 0.495117 0.491211 0.494141
0 0.756836 0.254883 0.753906 0.257812 0.752930 0.257812 0.746094 0.264648 0.745117 0.264648 0.739258 0.270508 0.738281 0.270508 0.731445 0.277344 0.731445 0.278320 0.727539 0.282227 0.727539 0.283203 0.724609 0.286133 0.724609 0.287109 0.720703 0.291016 0.720703 0.291992 0.716797 0.295898 0.716797 0.296875 0.712891 0.300781 0.712891 0.301758 0.710938 0.303711 0.715820 0.308594 0.716797 0.308594 0.724609 0.316406 0.725586 0.316406 0.733398 0.324219 0.734375 0.324219 0.742188 0.332031 0.744141 0.332031 0.745117 0.331055 0.746094 0.331055 0.749023 0.328125 0.750000 0.328125 0.751953 0.326172 0.752930 0.326172 0.755859 0.323242 0.756836 0.323242 0.758789 0.321289 0.759766 0.321289 0.762695 0.318359 0.763672 0.318359 0.765625 0.316406 0.766602 0.316406 0.766602 0.315430 0.770508 0.311523 0.770508 0.310547 0.773438 0.307617 0.773438 0.306641 0.776367 0.303711 0.776367 0.302734 0.779297 0.299805 0.779297 0.298828 0.782227 0.295898 0.782227 0.294922 0.785156 0.291992 0.785156 0.291016 0.788086 0.288086 0.788086 0.287109 0.790039 0.285156 0.785156 0.280273 0.784180 0.280273 0.775391 0.271484 0.774414 0.271484 0.765625 0.262695 0.764648 0.262695
1 0.771484 0.310547 0.771484 0.311523 0.768555 0.314453 0.768555 0.315430 0.771484 0.318359 0.772461 0.318359 0.781250 0.327148 0.782227 0.327148 0.786133 0.331055 0.787109 0.331055 0.790039 0.328125 0.790039 0.326172 0.789062 0.325195 0.788086 0.325195 0.780273 0.317383 0.779297 0.317383 0.772461 0.310547
0 0.864258 0.566406 0.858398 0.572266 0.858398 0.573242 0.841797 0.589844 0.841797 0.590820 0.833008 0.599609 0.833008 0.600586 0.834961 0.602539 0.835938 0.602539 0.843750 0.610352 0.844727 0.610352 0.852539 0.618164 0.855469 0.615234 0.856445 0.616211 0.857422 0.616211 0.860352 0.619141 0.860352 0.620117 0.858398 0.622070 0.858398 0.623047 0.861328 0.625977 0.862305 0.625977 0.869141 0.632812 0.872070 0.632812 0.873047 0.633789 0.875977 0.633789 0.876953 0.634766 0.880859 0.634766 0.881836 0.635742 0.884766 0.635742 0.892578 0.627930 0.892578 0.626953 0.910156 0.609375 0.910156 0.608398 0.918945 0.599609 0.917969 0.599609 0.911133 0.592773 0.910156 0.592773 0.903320 0.585938 0.902344 0.585938 0.894531 0.578125 0.893555 0.578125 0.886719 0.571289 0.885742 0.571289 0.879883 0.565430 0.871094 0.565430 0.870117 0.566406
1 0.859375 0.619141 0.857422 0.617188 0.856445 0.617188 0.855469 0.616211 0.839844 0.631836 0.839844 0.632812 0.833008 0.639648 0.833984 0.640625 0.834961 0.640625 0.836914 0.642578 0.837891 0.642578 0.845703 0.634766 0.845703 0.633789 0.859375 0.620117
0 0.400391 0.500977 0.400391 0.502930 0.399414 0.503906 0.399414 0.506836 0.398438 0.507812 0.398438 0.511719 0.397461 0.512695 0.397461 0.515625 0.396484 0.516602 0.396484 0.519531 0.395508 0.520508 0.395508 0.524414 0.394531 0.525391 0.394531 0.526367 0.395508 0.527344 0.396484 0.527344 0.398438 0.529297 0.399414 0.529297 0.400391 0.530273 0.401367 0.530273 0.403320 0.532227 0.404297 0.532227 0.405273 0.533203 0.409180 0.533203 0.410156 0.534180 0.416992 0.534180 0.417969 0.535156 0.424805 0.535156 0.425781 0.536133 0.428711 0.536133 0.428711 0.534180 0.429688 0.533203 0.429688 0.529297 0.430664 0.528320 0.430664 0.525391 0.431641 0.524414 0.431641 0.520508 0.432617 0.519531 0.432617 0.516602 0.433594 0.515625 0.433594 0.510742 0.432617 0.509766 0.431641 0.509766 0.428711 0.506836 0.427734 0.506836 0.424805 0.503906 0.419922 0.503906 0.418945 0.502930 0.411133 0.502930 0.410156 0.501953 0.402344 0.501953 0.401367 0.500977
1 0.522461 0.560547 0.522461 0.562500 0.523438 0.563477 0.523438 0.562500 0.522461 0.561523
1 0.522461 0.544922 0.522461 0.553711 0.523438 0.554688 0.523438 0.550781 0.522461 0.549805 0.522461 0.546875 0.523438 0.545898 0.523438 0.544922
1 0.518555 0.537109 0.518555 0.539062 0.521484 0.539062 0.520508 0.538086 0.521484 0.537109
1 0.386719 0.514648 0.386719 0.516602 0.390625 0.516602 0.391602 0.517578 0.395508 0.517578 0.395508 0.516602 0.396484 0.515625 0.393555 0.515625 0.392578 0.514648
0 0.533203 0.482422 0.530273 0.482422 0.529297 0.483398 0.527344 0.483398 0.526367 0.484375 0.523438 0.484375 0.522461 0.485352 0.520508 0.485352 0.519531 0.486328 0.516602 0.486328 0.515625 0.487305 0.512695 0.487305 0.511719 0.488281 0.509766 0.488281 0.508789 0.489258 0.505859 0.489258 0.504883 0.490234 0.502930 0.490234 0.501953 0.491211 0.499023 0.491211 0.498047 0.492188 0.496094 0.492188 0.495117 0.493164 0.492188 0.493164 0.492188 0.494141 0.491211 0.495117 0.491211 0.513672 0.490234 0.514648 0.490234 0.531250 0.495117 0.536133 0.495117 0.537109 0.499023 0.541016 0.499023 0.541992 0.502930 0.545898 0.502930 0.546875 0.506836 0.550781 0.506836 0.551758 0.509766 0.554688 0.512695 0.554688 0.513672 0.553711 0.516602 0.553711 0.516602 0.551758 0.517578 0.550781 0.517578 0.537109 0.518555 0.536133 0.520508 0.536133 0.521484 0.535156 0.522461 0.535156 0.523438 0.536133 0.523438 0.537109 0.524414 0.538086 0.524414 0.551758 0.525391 0.550781 0.528320 0.550781 0.529297 0.549805 0.532227 0.549805 0.533203 0.548828 0.536133 0.548828 0.537109 0.547852 0.540039 0.547852 0.541016 0.546875 0.543945 0.546875 0.544922 0.545898 0.547852 0.545898 0.548828 0.544922 0.551758 0.544922 0.551758 0.508789 0.550781 0.507812 0.550781 0.506836 0.548828 0.504883 0.548828 0.503906 0.546875 0.501953 0.546875 0.500977 0.543945 0.498047 0.543945 0.497070 0.541992 0.495117 0.541992 0.494141 0.540039 0.492188 0.540039 0.491211 0.538086 0.489258 0.538086 0.488281 0.536133 0.486328 0.536133 0.485352
1 0.522461 0.536133 0.521484 0.536133 0.522461 0.537109 0.521484 0.538086 0.522461 0.539062 0.521484 0.540039 0.518555 0.540039 0.518555 0.550781 0.517578 0.551758 0.517578 0.562500 0.518555 0.563477 0.518555 0.564453 0.523438 0.564453 0.521484 0.562500 0.521484 0.560547 0.522461 0.559570 0.523438 0.560547 0.523438 0.561523 0.523438 0.555664 0.521484 0.553711 0.521484 0.544922 0.522461 0.543945 0.523438 0.543945 0.523438 0.538086 0.522461 0.537109
0 0.559570 0.243164 0.557617 0.245117 0.556641 0.245117 0.554688 0.247070 0.553711 0.247070 0.551758 0.249023 0.550781 0.249023 0.548828 0.250977 0.547852 0.250977 0.545898 0.252930 0.544922 0.252930 0.543945 0.253906 0.542969 0.253906 0.541016 0.255859 0.540039 0.255859 0.538086 0.257812 0.537109 0.257812 0.535156 0.259766 0.534180 0.259766 0.532227 0.261719 0.531250 0.261719 0.529297 0.263672 0.528320 0.263672 0.527344 0.264648 0.527344 0.267578 0.528320 0.268555 0.528320 0.269531 0.529297 0.270508 0.529297 0.272461 0.530273 0.273438 0.530273 0.275391 0.531250 0.276367 0.531250 0.277344 0.532227 0.278320 0.532227 0.280273 0.533203 0.281250 0.533203 0.282227 0.534180 0.283203 0.534180 0.285156 0.535156 0.286133 0.535156 0.288086 0.536133 0.289062 0.536133 0.290039 0.537109 0.291016 0.537109 0.292969 0.556641 0.312500 0.558594 0.310547 0.559570 0.310547 0.561523 0.308594 0.562500 0.308594 0.564453 0.306641 0.565430 0.306641 0.566406 0.305664 0.567383 0.305664 0.569336 0.303711 0.570312 0.303711 0.572266 0.301758 0.573242 0.301758 0.574219 0.300781 0.575195 0.300781 0.577148 0.298828 0.578125 0.298828 0.580078 0.296875 0.581055 0.296875 0.582031 0.295898 0.583008 0.295898 0.584961 0.293945 0.585938 0.293945 0.587891 0.291992 0.588867 0.291992 0.588867 0.291016 0.587891 0.290039 0.587891 0.289062 0.586914 0.288086 0.586914 0.286133 0.585938 0.285156 0.585938 0.284180 0.584961 0.283203 0.584961 0.281250 0.583984 0.280273 0.583984 0.279297 0.583008 0.278320 0.583008 0.277344 0.582031 0.276367 0.582031 0.274414 0.581055 0.273438 0.581055 0.272461 0.580078 0.271484 0.580078 0.270508 0.579102 0.269531 0.579102 0.267578 0.578125 0.266602 0.578125 0.265625 0.577148 0.264648 0.577148 0.263672 0.574219 0.260742 0.574219 0.259766 0.568359 0.253906 0.568359 0.252930 0.561523 0.246094 0.561523 0.245117
0 0.511719 0.121094 0.511719 0.122070 0.506836 0.126953 0.506836 0.127930 0.502930 0.131836 0.502930 0.132812 0.498047 0.137695 0.498047 0.138672 0.494141 0.142578 0.494141 0.143555 0.492188 0.145508 0.492188 0.153320 0.493164 0.154297 0.493164 0.165039 0.494141 0.166016 0.494141 0.170898 0.495117 0.170898 0.496094 0.171875 0.497070 0.171875 0.498047 0.172852 0.499023 0.172852 0.499023 0.171875 0.502930 0.167969 0.502930 0.166992 0.505859 0.164062 0.506836 0.164062 0.507812 0.165039 0.508789 0.165039 0.509766 0.166016 0.509766 0.167969 0.508789 0.168945 0.508789 0.169922 0.504883 0.173828 0.504883 0.174805 0.503906 0.175781 0.504883 0.176758 0.505859 0.176758 0.506836 0.177734 0.507812 0.177734 0.508789 0.178711 0.509766 0.178711 0.510742 0.179688 0.511719 0.179688 0.512695 0.180664 0.513672 0.180664 0.514648 0.181641 0.515625 0.181641 0.516602 0.182617 0.517578 0.182617 0.518555 0.183594 0.519531 0.183594 0.520508 0.184570 0.521484 0.184570 0.522461 0.185547 0.523438 0.185547 0.524414 0.184570 0.524414 0.183594 0.528320 0.179688 0.528320 0.178711 0.532227 0.174805 0.532227 0.173828 0.535156 0.170898 0.535156 0.169922 0.539062 0.166016 0.539062 0.165039 0.541992 0.162109 0.541992 0.135742 0.541016 0.135742 0.540039 0.134766 0.539062 0.134766 0.538086 0.133789 0.537109 0.133789 0.536133 0.132812 0.535156 0.132812 0.534180 0.131836 0.533203 0.131836 0.532227 0.130859 0.531250 0.130859 0.530273 0.129883 0.529297 0.129883 0.528320 0.128906 0.527344 0.128906 0.526367 0.127930 0.525391 0.127930 0.524414 0.126953 0.523438 0.126953 0.522461 0.125977 0.521484 0.125977 0.520508 0.125000 0.519531 0.125000 0.518555 0.124023 0.517578 0.124023 0.516602 0.123047 0.515625 0.123047 0.514648 0.122070 0.513672 0.122070 0.512695 0.121094
1 0.508789 0.166016 0.507812 0.166016 0.506836 0.165039 0.505859 0.165039 0.503906 0.166992 0.503906 0.167969 0.500000 0.171875 0.500000 0.172852 0.496094 0.176758 0.496094 0.177734 0.493164 0.180664 0.493164 0.183594 0.494141 0.183594 0.495117 0.184570 0.496094 0.184570 0.495117 0.183594 0.498047 0.180664 0.499023 0.180664 0.500000 0.179688 0.500000 0.178711 0.503906 0.174805 0.503906 0.173828 0.507812 0.169922 0.507812 0.168945 0.508789 0.167969
