0 0.328549 0.421053 0.312600 0.437002 0.312600 0.446571 0.314195 0.448166 0.314195 0.456140 0.315789 0.457735 0.315789 0.465710 0.317384 0.467305 0.317384 0.470494 0.325359 0.470494 0.326954 0.472089 0.334928 0.472089 0.336523 0.473684 0.344498 0.473684 0.346093 0.475279 0.349282 0.475279 0.360447 0.464115 0.360447 0.462520 0.366826 0.456140 0.366826 0.454545 0.365231 0.452951 0.365231 0.443381 0.363636 0.441786 0.363636 0.433812 0.362041 0.432217 0.362041 0.424242 0.352472 0.424242 0.350877 0.422648 0.341308 0.422648 0.339713 0.421053 0.338118 0.421053 0.339713 0.422648 0.339713 0.430622 0.338118 0.432217 0.334928 0.432217 0.333333 0.430622 0.333333 0.425837 0.331738 0.424242 0.331738 0.421053
1 0.333333 0.408293 0.331738 0.409888 0.331738 0.414673 0.333333 0.416268 0.333333 0.424242 0.334928 0.425837 0.334928 0.430622 0.338118 0.430622 0.338118 0.422648 0.336523 0.421053 0.336523 0.411483 0.334928 0.409888 0.334928 0.408293
0 0.011164 0.508772 0.009569 0.510367 0.009569 0.524721 0.007974 0.526316 0.007974 0.532695 0.009569 0.534290 0.007974 0.535885 0.007974 0.539075 0.006380 0.540670 0.006380 0.564593 0.014354 0.564593 0.015949 0.566188 0.033493 0.566188 0.035088 0.567783 0.052632 0.567783 0.054226 0.569378 0.054226 0.564593 0.055821 0.562998 0.055821 0.550239 0.057416 0.548644 0.057416 0.535885 0.059011 0.534290 0.059011 0.516746 0.057416 0.515152 0.057416 0.511962 0.046252 0.511962 0.044657 0.510367 0.028708 0.510367 0.027113 0.508772
0 0.448166 0.467305 0.448166 0.468900 0.446571 0.470494 0.446571 0.476874 0.444976 0.478469 0.444976 0.486443 0.443381 0.488038 0.443381 0.494418 0.441786 0.496013 0.441786 0.505582 0.443381 0.507177 0.443381 0.508772 0.444976 0.510367 0.444976 0.511962 0.446571 0.513557 0.446571 0.515152 0.448166 0.516746 0.448166 0.518341 0.451356 0.518341 0.452951 0.519936 0.472089 0.519936 0.473684 0.521531 0.488038 0.521531 0.488038 0.516746 0.489633 0.515152 0.489633 0.508772 0.491228 0.507177 0.491228 0.499203 0.492823 0.497608 0.492823 0.491228 0.494418 0.489633 0.494418 0.483254 0.491228 0.480064 0.491228 0.478469 0.488038 0.475279 0.488038 0.473684 0.484848 0.470494 0.472089 0.470494 0.470494 0.468900 0.452951 0.468900 0.451356 0.467305
1 0.492823 0.499203 0.508772 0.499203 0.510367 0.500797 0.513557 0.500797 0.513557 0.497608 0.511962 0.496013 0.500797 0.496013 0.499203 0.497608 0.496013 0.494418 0.494418 0.494418 0.494418 0.497608
0 0.014354 0.204147 0.014354 0.210526 0.012759 0.212121 0.012759 0.240829 0.015949 0.240829 0.017544 0.242424 0.025518 0.242424 0.027113 0.244019 0.036683 0.244019 0.038278 0.245614 0.051037 0.245614 0.052632 0.244019 0.060606 0.244019 0.062201 0.242424 0.063796 0.242424 0.063796 0.232855 0.065391 0.231260 0.065391 0.205742 0.063796 0.205742 0.062201 0.204147 0.054226 0.204147 0.052632 0.202552 0.044657 0.202552 0.043062 0.200957 0.036683 0.200957 0.035088 0.199362 0.031898 0.199362 0.030303 0.200957 0.023923 0.200957 0.022329 0.202552 0.015949 0.202552
1 0.063796 0.218501 0.062201 0.216906 0.060606 0.218501 0.052632 0.218501 0.051037 0.220096 0.047847 0.220096 0.047847 0.221691 0.049442 0.223285 0.051037 0.223285 0.052632 0.221691 0.054226 0.221691 0.055821 0.220096 0.057416 0.221691 0.060606 0.221691 0.062201 0.220096 0.063796 0.220096
0 0.129187 0.382775 0.129187 0.385965 0.127592 0.387560 0.127592 0.400319 0.125997 0.401914 0.125997 0.417863 0.127592 0.419458 0.127592 0.421053 0.129187 0.422648 0.143541 0.422648 0.145136 0.424242 0.161085 0.424242 0.162679 0.425837 0.164274 0.425837 0.164274 0.413078 0.165869 0.411483 0.165869 0.398724 0.167464 0.397129 0.167464 0.390750 0.162679 0.385965 0.151515 0.385965 0.149920 0.387560 0.146730 0.387560 0.145136 0.385965 0.145136 0.384370 0.132376 0.384370 0.130781 0.382775
1 0.151515 0.363636 0.149920 0.363636 0.148325 0.365231 0.148325 0.377990 0.146730 0.379585 0.146730 0.385965 0.149920 0.385965 0.149920 0.373206 0.151515 0.371611
0 0.012759 0.599681 0.014354 0.601276 0.015949 0.599681 0.014354 0.601276
0 0.019139 0.583732 0.017544 0.585327 0.015949 0.583732 0.009569 0.583732 0.007974 0.582137 0.004785 0.582137 0.003190 0.583732 0.000000 0.583732 0.000000 0.588517 0.003190 0.591707 0.001595 0.593301 0.001595 0.596491 0.003190 0.596491 0.004785 0.598086 0.007974 0.598086 0.009569 0.599681 0.009569 0.596491 0.011164 0.594896 0.012759 0.594896 0.012759 0.591707 0.014354 0.590112 0.015949 0.591707 0.017544 0.590112 0.017544 0.585327
0 0.561404 0.296651 0.559809 0.296651 0.558214 0.295056 0.553429 0.295056 0.551834 0.293461 0.548644 0.293461 0.547049 0.291866 0.542265 0.291866 0.540670 0.290271 0.535885 0.290271 0.534290 0.288676 0.531100 0.288676 0.529506 0.290271 0.524721 0.290271 0.523126 0.291866 0.519936 0.291866 0.518341 0.293461 0.513557 0.293461 0.511962 0.295056 0.507177 0.295056 0.505582 0.296651 0.502392 0.296651 0.500797 0.298246 0.496013 0.298246 0.496013 0.307815 0.497608 0.309410 0.497608 0.342903 0.500797 0.342903 0.502392 0.344498 0.507177 0.344498 0.508772 0.346093 0.513557 0.346093 0.515152 0.347687 0.519936 0.347687 0.521531 0.349282 0.531100 0.349282 0.532695 0.347687 0.537480 0.347687 0.539075 0.346093 0.545455 0.346093 0.547049 0.344498 0.551834 0.344498 0.553429 0.342903 0.558214 0.342903 0.559809 0.341308 0.562998 0.341308 0.562998 0.315789 0.561404 0.314195
