0 0.611328 0.469727 0.602539 0.469727 0.601562 0.470703 0.598633 0.470703 0.598633 0.472656 0.599609 0.473633 0.599609 0.475586 0.598633 0.476562 0.596680 0.476562 0.595703 0.475586 0.595703 0.473633 0.594727 0.472656 0.594727 0.470703 0.591797 0.470703 0.590820 0.471680 0.583008 0.471680 0.583008 0.482422 0.583984 0.483398 0.583984 0.492188 0.584961 0.493164 0.584961 0.502930 0.585938 0.503906 0.585938 0.507812 0.595703 0.507812 0.596680 0.506836 0.607422 0.506836 0.608398 0.505859 0.614258 0.505859 0.614258 0.500977 0.613281 0.500000 0.613281 0.489258 0.612305 0.488281 0.612305 0.477539 0.611328 0.476562
1 0.594727 0.457031 0.594727 0.461914 0.595703 0.462891 0.595703 0.472656 0.596680 0.473633 0.596680 0.475586 0.598633 0.475586 0.598633 0.473633 0.597656 0.472656 0.597656 0.462891 0.596680 0.461914 0.596680 0.457031
0 0.700195 0.708984 0.700195 0.709961 0.698242 0.711914 0.698242 0.712891 0.697266 0.713867 0.697266 0.714844 0.696289 0.715820 0.696289 0.716797 0.694336 0.718750 0.694336 0.719727 0.693359 0.720703 0.693359 0.721680 0.692383 0.722656 0.692383 0.723633 0.690430 0.725586 0.691406 0.726562 0.691406 0.729492 0.692383 0.730469 0.692383 0.732422 0.693359 0.733398 0.693359 0.736328 0.694336 0.737305 0.694336 0.740234 0.695312 0.741211 0.695312 0.744141 0.696289 0.745117 0.699219 0.745117 0.700195 0.746094 0.704102 0.746094 0.705078 0.747070 0.708984 0.747070 0.709961 0.748047 0.713867 0.748047 0.714844 0.749023 0.719727 0.749023 0.719727 0.748047 0.720703 0.747070 0.720703 0.746094 0.721680 0.745117 0.721680 0.744141 0.723633 0.742188 0.723633 0.741211 0.724609 0.740234 0.724609 0.739258 0.725586 0.738281 0.725586 0.737305 0.726562 0.736328 0.726562 0.735352 0.727539 0.734375 0.727539 0.733398 0.728516 0.732422 0.727539 0.731445 0.727539 0.728516 0.726562 0.727539 0.726562 0.724609 0.725586 0.723633 0.725586 0.720703 0.724609 0.719727 0.724609 0.715820 0.723633 0.714844 0.723633 0.712891 0.718750 0.712891 0.717773 0.711914 0.712891 0.711914 0.711914 0.710938 0.707031 0.710938 0.706055 0.709961 0.701172 0.709961
0 0.291016 0.391602 0.291016 0.393555 0.290039 0.394531 0.290039 0.397461 0.289062 0.398438 0.289062 0.401367 0.288086 0.402344 0.288086 0.405273 0.287109 0.406250 0.287109 0.409180 0.286133 0.410156 0.286133 0.413086 0.285156 0.414062 0.285156 0.416016 0.286133 0.416992 0.286133 0.417969 0.291992 0.423828 0.291992 0.424805 0.296875 0.429688 0.321289 0.429688 0.321289 0.426758 0.322266 0.425781 0.322266 0.422852 0.323242 0.421875 0.323242 0.419922 0.324219 0.418945 0.324219 0.416016 0.325195 0.415039 0.325195 0.413086 0.326172 0.412109 0.326172 0.409180 0.327148 0.408203 0.327148 0.405273 0.320312 0.398438 0.320312 0.397461 0.315430 0.392578 0.295898 0.392578 0.294922 0.391602
0 0.261719 0.365234 0.261719 0.366211 0.260742 0.367188 0.260742 0.369141 0.259766 0.370117 0.259766 0.373047 0.258789 0.374023 0.258789 0.376953 0.257812 0.377930 0.257812 0.379883 0.256836 0.380859 0.256836 0.383789 0.255859 0.384766 0.255859 0.386719 0.254883 0.387695 0.254883 0.389648 0.255859 0.390625 0.255859 0.391602 0.256836 0.391602 0.257812 0.392578 0.259766 0.392578 0.260742 0.393555 0.263672 0.393555 0.264648 0.394531 0.266602 0.394531 0.267578 0.395508 0.270508 0.395508 0.271484 0.396484 0.274414 0.396484 0.275391 0.397461 0.277344 0.397461 0.278320 0.398438 0.281250 0.398438 0.282227 0.397461 0.282227 0.395508 0.283203 0.394531 0.283203 0.391602 0.284180 0.390625 0.284180 0.387695 0.285156 0.386719 0.285156 0.384766 0.286133 0.383789 0.286133 0.380859 0.287109 0.379883 0.287109 0.377930 0.288086 0.376953 0.288086 0.374023 0.286133 0.372070 0.284180 0.372070 0.283203 0.371094 0.281250 0.371094 0.280273 0.370117 0.277344 0.370117 0.276367 0.369141 0.274414 0.369141 0.273438 0.368164 0.270508 0.368164 0.269531 0.367188 0.267578 0.367188 0.266602 0.366211 0.263672 0.366211 0.262695 0.365234
1 0.456055 0.389648 0.454102 0.387695 0.452148 0.389648 0.453125 0.390625 0.455078 0.388672
0 0.467773 0.359375 0.464844 0.362305 0.463867 0.362305 0.460938 0.365234 0.459961 0.365234 0.456055 0.369141 0.455078 0.369141 0.452148 0.372070 0.451172 0.372070 0.451172 0.373047 0.452148 0.374023 0.452148 0.375000 0.453125 0.375977 0.453125 0.376953 0.454102 0.377930 0.454102 0.378906 0.455078 0.379883 0.455078 0.380859 0.456055 0.381836 0.456055 0.382812 0.458008 0.384766 0.458008 0.385742 0.458984 0.386719 0.458984 0.387695 0.459961 0.388672 0.459961 0.389648 0.460938 0.389648 0.462891 0.391602 0.463867 0.391602 0.464844 0.392578 0.465820 0.392578 0.466797 0.393555 0.467773 0.393555 0.469727 0.395508 0.470703 0.395508 0.472656 0.393555 0.473633 0.393555 0.476562 0.390625 0.477539 0.390625 0.480469 0.387695 0.481445 0.387695 0.484375 0.384766 0.485352 0.384766 0.487305 0.382812 0.487305 0.381836 0.485352 0.379883 0.485352 0.378906 0.484375 0.377930 0.484375 0.376953 0.483398 0.375977 0.483398 0.375000 0.481445 0.373047 0.481445 0.372070 0.480469 0.371094 0.480469 0.370117 0.479492 0.369141 0.479492 0.368164 0.475586 0.364258 0.474609 0.364258 0.472656 0.362305 0.471680 0.362305 0.469727 0.360352 0.468750 0.360352
1 0.598633 0.566406 0.597656 0.565430 0.596680 0.566406
1 0.588867 0.557617 0.588867 0.558594 0.589844 0.559570 0.590820 0.559570 0.590820 0.558594 0.589844 0.557617
1 0.458008 0.386719 0.457031 0.385742 0.456055 0.386719 0.455078 0.386719 0.455078 0.387695 0.456055 0.388672 0.453125 0.391602 0.451172 0.389648 0.449219 0.391602 0.449219 0.392578 0.450195 0.393555 0.452148 0.391602 0.453125 0.391602 0.456055 0.388672 0.457031 0.388672 0.457031 0.387695
0 0.583008 0.522461 0.578125 0.522461 0.577148 0.523438 0.573242 0.523438 0.572266 0.524414 0.569336 0.524414 0.568359 0.525391 0.564453 0.525391 0.563477 0.526367 0.559570 0.526367 0.558594 0.527344 0.556641 0.527344 0.556641 0.529297 0.555664 0.530273 0.555664 0.533203 0.554688 0.534180 0.554688 0.538086 0.553711 0.539062 0.553711 0.541992 0.552734 0.542969 0.552734 0.545898 0.551758 0.546875 0.551758 0.550781 0.550781 0.551758 0.550781 0.553711 0.568359 0.571289 0.571289 0.571289 0.572266 0.570312 0.575195 0.570312 0.576172 0.569336 0.579102 0.569336 0.580078 0.568359 0.583008 0.568359 0.583984 0.567383 0.586914 0.567383 0.587891 0.566406 0.591797 0.566406 0.583008 0.557617 0.583008 0.554688 0.583984 0.553711 0.586914 0.553711 0.594727 0.561523 0.595703 0.560547 0.595703 0.558594 0.596680 0.557617 0.596680 0.554688 0.597656 0.553711 0.597656 0.550781 0.598633 0.549805 0.598633 0.546875 0.599609 0.545898 0.599609 0.542969 0.600586 0.541992 0.600586 0.539062 0.589844 0.528320 0.588867 0.528320
1 0.583984 0.554688 0.583984 0.556641 0.584961 0.557617 0.584961 0.558594 0.587891 0.561523 0.588867 0.561523 0.589844 0.562500 0.589844 0.563477 0.595703 0.569336 0.598633 0.569336 0.598633 0.567383 0.596680 0.567383 0.595703 0.566406 0.596680 0.565430 0.596680 0.564453 0.591797 0.559570 0.590820 0.560547 0.589844 0.560547 0.587891 0.558594 0.587891 0.557617 0.588867 0.556641 0.586914 0.554688
0 0.537109 0.257812 0.537109 0.258789 0.536133 0.259766 0.536133 0.261719 0.535156 0.262695 0.535156 0.263672 0.534180 0.264648 0.534180 0.265625 0.533203 0.266602 0.533203 0.267578 0.532227 0.268555 0.532227 0.269531 0.531250 0.270508 0.531250 0.272461 0.530273 0.273438 0.530273 0.274414 0.529297 0.275391 0.529297 0.276367 0.528320 0.277344 0.528320 0.278320 0.527344 0.279297 0.527344 0.281250 0.528320 0.281250 0.529297 0.282227 0.530273 0.282227 0.531250 0.283203 0.532227 0.283203 0.533203 0.284180 0.534180 0.284180 0.535156 0.285156 0.536133 0.285156 0.537109 0.286133 0.538086 0.286133 0.539062 0.287109 0.540039 0.287109 0.541016 0.288086 0.541992 0.288086 0.542969 0.289062 0.543945 0.289062 0.544922 0.290039 0.545898 0.290039 0.546875 0.291016 0.548828 0.291016 0.549805 0.291992 0.551758 0.291992 0.552734 0.292969 0.554688 0.292969 0.555664 0.291992 0.555664 0.291016 0.556641 0.290039 0.556641 0.289062 0.557617 0.288086 0.557617 0.287109 0.558594 0.286133 0.558594 0.284180 0.559570 0.283203 0.559570 0.282227 0.560547 0.281250 0.560547 0.280273 0.561523 0.279297 0.561523 0.278320 0.562500 0.277344 0.562500 0.276367 0.563477 0.275391 0.563477 0.274414 0.564453 0.273438 0.564453 0.272461 0.565430 0.271484 0.565430 0.270508 0.564453 0.270508 0.563477 0.269531 0.562500 0.269531 0.561523 0.268555 0.560547 0.268555 0.559570 0.267578 0.558594 0.267578 0.557617 0.266602 0.556641 0.266602 0.555664 0.265625 0.554688 0.265625 0.553711 0.264648 0.552734 0.264648 0.551758 0.263672 0.550781 0.263672 0.549805 0.262695 0.548828 0.262695 0.547852 0.261719 0.546875 0.261719 0.545898 0.260742 0.544922 0.260742 0.543945 0.259766 0.541992 0.259766 0.541016 0.258789 0.540039 0.258789 0.539062 0.257812
1 0.588867 0.409180 0.589844 0.410156 0.590820 0.409180 0.589844 0.410156
1 0.536133 0.273438 0.538086 0.273438 0.539062 0.274414 0.540039 0.274414 0.541016 0.275391 0.542969 0.275391 0.543945 0.274414 0.542969 0.273438 0.541992 0.273438 0.541016 0.272461 0.539062 0.272461 0.538086 0.271484 0.537109 0.271484 0.537109 0.272461
0 0.573242 0.404297 0.573242 0.406250 0.572266 0.407227 0.572266 0.408203 0.571289 0.409180 0.571289 0.411133 0.570312 0.412109 0.570312 0.413086 0.569336 0.414062 0.569336 0.416016 0.568359 0.416992 0.568359 0.417969 0.567383 0.418945 0.567383 0.420898 0.566406 0.421875 0.566406 0.422852 0.565430 0.423828 0.565430 0.425781 0.566406 0.426758 0.567383 0.426758 0.570312 0.429688 0.571289 0.429688 0.574219 0.432617 0.575195 0.432617 0.578125 0.435547 0.579102 0.435547 0.580078 0.436523 0.596680 0.436523 0.597656 0.435547 0.597656 0.433594 0.598633 0.432617 0.598633 0.431641 0.599609 0.430664 0.599609 0.428711 0.600586 0.427734 0.600586 0.426758 0.601562 0.425781 0.601562 0.424805 0.602539 0.423828 0.602539 0.421875 0.603516 0.420898 0.603516 0.419922 0.604492 0.418945 0.604492 0.417969 0.605469 0.416992 0.605469 0.416016 0.602539 0.413086 0.601562 0.413086 0.599609 0.411133 0.598633 0.411133 0.596680 0.409180 0.595703 0.409180 0.593750 0.407227 0.592773 0.407227 0.592773 0.409180 0.590820 0.411133 0.589844 0.411133 0.587891 0.409180 0.587891 0.407227 0.588867 0.406250 0.588867 0.405273 0.589844 0.404297
1 0.546875 0.414062 0.546875 0.415039 0.545898 0.416016 0.546875 0.415039
1 0.595703 0.394531 0.594727 0.394531 0.593750 0.395508 0.593750 0.398438 0.591797 0.400391 0.591797 0.402344 0.590820 0.403320 0.590820 0.404297 0.589844 0.405273 0.589844 0.407227 0.588867 0.408203 0.590820 0.410156 0.591797 0.409180 0.591797 0.407227 0.592773 0.406250 0.592773 0.405273 0.593750 0.404297 0.593750 0.402344 0.594727 0.401367 0.594727 0.400391 0.595703 0.399414 0.595703 0.397461 0.596680 0.396484 0.596680 0.395508
0 0.513672 0.372070 0.513672 0.373047 0.512695 0.374023 0.512695 0.375000 0.510742 0.376953 0.510742 0.377930 0.509766 0.378906 0.509766 0.379883 0.507812 0.381836 0.507812 0.382812 0.506836 0.383789 0.506836 0.384766 0.504883 0.386719 0.504883 0.387695 0.503906 0.388672 0.503906 0.389648 0.501953 0.391602 0.501953 0.392578 0.500977 0.393555 0.500977 0.394531 0.499023 0.396484 0.499023 0.397461 0.498047 0.398438 0.498047 0.399414 0.496094 0.401367 0.496094 0.402344 0.495117 0.403320 0.495117 0.404297 0.494141 0.405273 0.495117 0.405273 0.497070 0.407227 0.498047 0.407227 0.499023 0.408203 0.500000 0.408203 0.501953 0.410156 0.502930 0.410156 0.504883 0.412109 0.505859 0.412109 0.506836 0.413086 0.507812 0.413086 0.509766 0.415039 0.510742 0.415039 0.512695 0.416992 0.513672 0.416992 0.515625 0.418945 0.516602 0.418945 0.517578 0.419922 0.518555 0.419922 0.520508 0.421875 0.521484 0.421875 0.523438 0.423828 0.524414 0.423828 0.525391 0.424805 0.526367 0.424805 0.527344 0.425781 0.529297 0.425781 0.530273 0.426758 0.532227 0.426758 0.533203 0.427734 0.535156 0.425781 0.535156 0.424805 0.537109 0.422852 0.537109 0.421875 0.538086 0.420898 0.538086 0.419922 0.540039 0.417969 0.540039 0.416992 0.541016 0.416016 0.541016 0.415039 0.541992 0.414062 0.541016 0.414062 0.539062 0.412109 0.539062 0.410156 0.541016 0.408203 0.541992 0.408203 0.543945 0.410156 0.544922 0.410156 0.544922 0.409180 0.545898 0.408203 0.545898 0.407227 0.547852 0.405273 0.547852 0.404297 0.548828 0.403320 0.548828 0.402344 0.550781 0.400391 0.550781 0.399414 0.551758 0.398438 0.551758 0.397461 0.552734 0.396484 0.552734 0.395508 0.551758 0.394531 0.550781 0.394531 0.549805 0.393555 0.548828 0.393555 0.546875 0.391602 0.545898 0.391602 0.543945 0.389648 0.542969 0.389648 0.541992 0.388672 0.541016 0.388672 0.539062 0.386719 0.538086 0.386719 0.537109 0.385742 0.536133 0.385742 0.534180 0.383789 0.533203 0.383789 0.531250 0.381836 0.530273 0.381836 0.529297 0.380859 0.528320 0.380859 0.526367 0.378906 0.525391 0.378906 0.524414 0.377930 0.523438 0.377930 0.521484 0.375977 0.520508 0.375977 0.519531 0.375000 0.518555 0.375000 0.516602 0.373047 0.515625 0.373047 0.514648 0.372070
1 0.491211 0.476562 0.489258 0.478516 0.488281 0.478516 0.486328 0.480469 0.485352 0.479492 0.486328 0.480469 0.486328 0.481445 0.487305 0.480469 0.487305 0.479492 0.488281 0.478516 0.489258 0.478516 0.490234 0.479492 0.489258 0.480469 0.491211 0.478516 0.490234 0.477539
1 0.540039 0.410156 0.540039 0.412109 0.541016 0.413086 0.541992 0.413086 0.542969 0.414062 0.543945 0.414062 0.544922 0.415039 0.545898 0.415039 0.548828 0.417969 0.549805 0.417969 0.550781 0.418945 0.551758 0.418945 0.553711 0.420898 0.554688 0.420898 0.556641 0.422852 0.557617 0.422852 0.558594 0.423828 0.559570 0.423828 0.560547 0.424805 0.562500 0.422852 0.562500 0.421875 0.561523 0.421875 0.560547 0.420898 0.559570 0.420898 0.557617 0.418945 0.556641 0.418945 0.554688 0.416992 0.553711 0.416992 0.552734 0.416016 0.551758 0.416016 0.549805 0.414062 0.548828 0.414062 0.547852 0.413086 0.546875 0.413086 0.544922 0.411133 0.543945 0.411133 0.541992 0.409180 0.541016 0.409180
0 0.474609 0.469727 0.473633 0.469727 0.472656 0.470703 0.471680 0.470703 0.470703 0.471680 0.468750 0.471680 0.467773 0.472656 0.466797 0.472656 0.465820 0.473633 0.464844 0.473633 0.463867 0.474609 0.461914 0.474609 0.460938 0.475586 0.459961 0.475586 0.458984 0.476562 0.458008 0.476562 0.457031 0.477539 0.455078 0.477539 0.455078 0.485352 0.454102 0.486328 0.454102 0.488281 0.455078 0.489258 0.455078 0.490234 0.456055 0.491211 0.456055 0.492188 0.458008 0.494141 0.458008 0.495117 0.458984 0.496094 0.458984 0.497070 0.459961 0.498047 0.459961 0.499023 0.461914 0.500977 0.461914 0.501953 0.462891 0.502930 0.462891 0.503906 0.463867 0.504883 0.465820 0.504883 0.466797 0.503906 0.467773 0.503906 0.468750 0.502930 0.470703 0.502930 0.471680 0.501953 0.472656 0.501953 0.473633 0.500977 0.474609 0.500977 0.475586 0.500000 0.477539 0.500000 0.478516 0.499023 0.479492 0.499023 0.480469 0.498047 0.481445 0.498047 0.482422 0.497070 0.483398 0.497070 0.483398 0.490234 0.484375 0.489258 0.484375 0.486328 0.483398 0.485352 0.483398 0.484375 0.481445 0.482422 0.481445 0.481445 0.480469 0.480469 0.480469 0.479492 0.478516 0.477539 0.478516 0.476562 0.477539 0.475586 0.477539 0.474609 0.475586 0.472656 0.475586 0.471680 0.474609 0.470703
1 0.489258 0.479492 0.488281 0.479492 0.487305 0.478516 0.485352 0.480469 0.484375 0.479492 0.483398 0.480469 0.482422 0.480469 0.482422 0.482422 0.484375 0.482422 0.485352 0.481445 0.485352 0.480469 0.487305 0.478516 0.488281 0.479492 0.488281 0.480469
1 0.491211 0.477539 0.492188 0.478516 0.491211 0.479492 0.492188 0.478516
